0 43 73 28 39 69 76 40 18 5 46 53 50 75 38 32 32 56 93 52 46 51 9 69 75 63 76 61 18 86 52 44 36 58 74 31 96 15 23 47 3 5 44 21 57 41 53 28 44 8 38 8 66 46 98 62 8 45 9 31 88 9 14 48 55 26 43 54 57 77 58 90 58 24 35 45 32 54 25 30 31 82 91 90 64 37 69 50 49 46 93 70 53 90 43 29 27 65 73 80 
43 0 39 39 39 39 39 39 39 39 10 39 39 39 39 39 39 39 39 39 39 39 39 39 39 39 39 39 39 39 39 39 39 39 39 39 39 39 39 39 39 11 39 39 39 39 39 39 35 39 39 39 39 39 39 39 39 39 39 39 39 39 39 39 12 39 39 39 39 39 39 39 39 39 24 39 39 39 39 97 39 39 39 78 39 39 39 39 39 39 39 39 39 39 39 39 39 39 39 39 
73 39 0 39 39 39 39 39 39 39 39 39 39 39 2 39 39 39 39 39 39 39 39 39 39 39 39 39 39 39 39 39 39 39 39 39 39 39 39 39 39 39 39 39 39 39 39 39 39 39 39 33 39 39 39 39 99 39 39 39 39 39 39 39 39 39 39 39 39 39 39 39 39 39 35 39 39 39 39 39 39 39 39 39 39 39 39 39 39 39 39 39 39 39 39 39 39 39 39 1 
28 39 39 0 39 39 39 39 39 39 39 39 39 39 39 39 39 39 39 39 39 99 39 39 39 39 39 39 39 39 39 39 39 39 39 39 39 39 39 39 39 39 39 39 39 39 54 39 39 39 63 39 39 39 33 39 39 39 39 39 39 39 39 39 39 39 39 39 39 39 39 39 39 39 39 39 39 39 39 39 39 39 39 39 39 39 39 39 39 39 39 39 39 39 39 39 39 39 39 39 
39 39 39 39 0 39 39 39 39 39 39 39 39 39 39 39 39 39 39 39 39 39 39 39 39 39 39 39 39 39 39 39 39 94 39 39 39 39 37 39 39 39 39 39 39 39 39 39 39 39 39 39 39 39 39 39 39 39 39 39 39 39 39 39 39 39 39 39 61 39 39 39 39 39 67 39 39 39 39 39 39 39 39 39 39 39 39 39 22 39 39 39 39 39 39 39 39 39 36 39 
69 39 39 39 39 0 39 39 39 39 39 39 39 39 39 39 39 39 39 39 39 39 39 39 39 39 51 39 43 39 39 39 39 39 39 39 39 39 39 43 39 39 39 39 39 39 46 39 39 39 39 39 39 39 39 39 39 39 39 39 39 39 39 39 39 39 39 39 39 39 39 39 39 39 39 39 25 39 39 39 39 39 39 39 39 39 39 39 39 39 39 39 39 39 39 39 39 39 39 37 
76 39 39 39 39 39 0 39 39 39 39 39 39 39 39 39 77 39 39 39 39 39 39 39 39 39 39 39 39 39 39 39 39 39 39 39 39 39 87 39 39 39 39 39 39 39 39 39 39 39 39 39 39 39 39 39 39 39 39 39 26 39 39 39 39 39 39 39 39 39 39 39 39 39 39 39 39 39 39 39 39 39 39 39 39 39 39 39 39 39 39 39 39 39 32 39 39 39 39 30 
40 39 39 39 39 39 39 0 39 39 39 39 39 39 39 39 39 39 39 100 39 39 39 39 39 39 39 39 39 39 39 39 39 39 39 39 39 39 39 39 39 39 39 39 39 39 39 39 39 39 39 39 39 39 39 39 39 39 39 39 39 39 39 39 39 39 39 39 39 39 61 39 39 39 39 39 39 39 39 39 39 39 39 39 39 40 39 39 39 39 39 39 39 39 39 39 39 39 39 39 
18 39 39 39 39 39 39 39 0 39 39 39 39 39 39 39 39 39 39 39 39 44 39 39 39 83 39 39 39 39 39 39 39 39 39 39 39 39 39 39 39 39 39 39 39 39 39 39 39 39 39 39 39 39 39 39 39 39 39 39 39 39 39 39 39 39 39 39 39 39 39 39 39 39 39 39 39 39 39 39 39 39 39 39 39 39 39 16 39 39 39 39 39 39 39 39 39 39 39 39 
5 39 39 39 39 39 39 39 39 0 39 39 39 91 39 39 39 39 39 71 39 39 39 39 39 39 39 39 39 69 39 39 39 39 39 39 39 39 39 39 39 39 39 39 39 39 39 39 41 39 39 39 39 39 16 39 39 39 39 39 39 39 39 39 39 39 39 16 29 39 39 39 39 39 39 39 39 39 39 39 39 39 39 39 31 39 39 39 39 39 15 39 39 39 39 39 39 39 39 39 
46 10 39 39 39 39 39 39 39 39 0 39 39 39 39 39 39 39 39 39 39 39 39 39 39 39 39 39 39 39 39 39 39 39 39 39 39 39 39 39 39 39 68 39 39 39 39 39 39 39 39 39 39 39 39 39 39 39 39 39 39 39 39 39 39 39 39 39 39 39 39 41 39 59 39 39 39 39 39 23 39 39 39 39 39 39 39 39 39 39 39 39 39 39 39 39 39 39 39 39 
53 39 39 39 39 39 39 39 39 39 39 0 39 39 39 39 39 39 39 39 39 39 39 39 39 39 67 39 39 42 39 39 39 39 39 39 39 39 39 39 39 39 39 39 39 39 39 39 39 39 39 39 39 39 85 39 39 39 39 39 39 39 66 39 39 39 15 39 39 39 39 39 39 39 39 39 39 39 39 39 39 39 39 39 39 39 39 39 39 39 39 39 51 39 39 39 39 39 39 39 
50 39 39 39 39 39 39 39 39 39 39 39 0 39 39 39 39 39 39 39 39 39 39 39 39 39 39 39 39 39 39 39 5 39 39 39 39 39 60 39 39 39 39 39 39 39 39 39 39 39 39 39 39 39 39 39 39 39 39 39 39 39 39 39 39 39 39 39 39 39 39 39 39 39 39 39 39 39 39 39 39 39 39 39 39 50 39 39 39 39 39 39 39 39 39 39 39 39 39 39 
75 39 39 39 39 39 39 39 39 91 39 39 39 0 39 39 39 39 39 39 39 39 39 39 39 39 39 39 39 39 39 39 39 39 39 39 39 39 39 39 39 39 39 39 39 39 39 39 39 39 39 39 39 39 39 39 39 39 39 39 39 39 39 39 39 39 39 39 39 39 39 39 39 39 39 39 39 39 39 39 39 39 39 39 39 39 39 39 39 39 39 39 39 39 39 39 39 39 39 39 
38 39 2 39 39 39 39 39 39 39 39 39 39 39 0 39 94 39 39 39 39 39 39 39 39 39 39 39 39 39 39 39 39 39 39 89 39 39 39 39 39 39 39 39 39 39 39 39 39 39 39 39 39 39 39 39 39 39 39 39 39 39 39 39 39 39 39 39 39 39 39 39 39 83 46 39 39 50 39 39 39 88 39 39 39 39 39 3 39 39 39 39 39 8 39 39 39 39 39 39 
32 39 39 39 39 39 39 39 39 39 39 39 39 39 39 0 39 39 39 39 39 39 39 39 39 39 39 39 39 39 39 39 39 80 39 39 6 39 39 39 39 39 39 39 39 39 39 39 39 39 22 39 39 40 39 39 39 39 39 39 39 39 39 39 39 39 39 39 39 39 39 1 39 39 39 39 39 68 54 39 39 39 39 39 34 39 39 39 39 39 39 39 39 39 39 39 39 39 39 39 
32 39 39 39 39 39 77 39 39 39 39 39 39 39 94 39 0 39 39 39 39 39 39 39 72 39 39 39 39 39 39 39 39 39 39 39 39 39 39 39 39 39 39 39 39 39 39 39 39 39 39 39 39 39 39 39 39 39 39 39 39 39 39 39 39 39 39 39 39 39 39 39 14 39 39 39 39 39 39 45 39 39 39 39 39 39 39 39 39 39 39 39 39 39 39 39 39 39 39 39 
56 39 39 39 39 39 39 39 39 39 39 39 39 39 39 39 39 0 39 39 39 39 39 56 39 39 39 39 39 39 39 39 39 39 39 39 39 39 39 39 39 39 39 39 39 39 39 39 20 39 39 39 39 39 39 39 39 39 39 39 39 39 39 39 39 39 39 39 39 39 39 39 39 39 39 79 39 39 87 39 39 39 39 39 39 39 39 39 39 39 39 39 39 39 39 39 39 39 39 39 
93 39 39 39 39 39 39 39 39 39 39 39 39 39 39 39 39 39 0 30 39 39 39 39 39 39 39 39 39 39 39 39 39 39 39 39 39 39 39 39 39 30 39 39 39 39 39 39 39 39 39 39 39 39 39 39 39 39 39 39 39 39 39 39 39 39 39 39 39 39 39 39 39 39 39 39 39 39 39 39 39 39 39 39 39 39 39 39 18 39 39 39 39 39 39 39 39 39 39 39 
52 39 39 39 39 39 39 100 39 71 39 39 39 39 39 39 39 39 30 0 39 39 39 7 39 39 39 39 39 39 39 39 39 39 39 39 39 39 39 39 39 39 39 39 39 39 38 39 39 39 39 39 39 39 39 39 39 39 39 39 39 39 39 39 50 39 39 39 39 39 39 39 39 50 39 39 39 39 39 39 39 39 41 39 39 39 49 39 39 39 39 39 39 39 39 39 39 39 39 39 
46 39 39 39 39 39 39 39 39 39 39 39 39 39 39 39 39 39 39 39 0 39 39 39 39 39 92 39 39 36 39 39 39 39 39 39 39 39 39 39 39 39 39 39 39 39 39 39 31 39 39 39 39 39 39 39 39 39 39 39 39 39 39 39 39 39 39 39 39 39 66 39 39 39 39 39 39 39 39 39 39 39 39 39 39 39 39 39 39 39 12 39 39 39 39 39 39 39 39 39 
51 39 39 99 39 39 39 39 44 39 39 39 39 39 39 39 39 39 39 39 39 0 39 39 39 39 34 44 39 39 39 39 39 39 39 39 39 39 39 39 39 60 39 39 39 39 39 39 39 39 39 39 39 39 39 39 39 39 39 39 39 39 20 39 39 39 39 39 39 39 39 39 39 39 33 39 39 39 39 39 39 39 39 36 39 39 39 39 39 39 39 39 39 39 39 39 39 65 39 39 
9 39 39 39 39 39 39 39 39 39 39 39 39 39 39 39 39 39 39 39 39 39 0 39 39 39 39 39 39 39 39 39 39 39 39 39 39 39 39 39 39 39 39 39 39 39 39 39 60 39 39 39 39 39 39 39 36 39 69 39 39 39 39 39 39 39 39 39 39 39 39 22 39 39 39 39 39 39 39 39 39 39 39 39 39 39 39 39 39 39 39 39 39 39 39 92 39 39 39 20 
69 39 39 39 39 39 39 39 39 39 39 39 39 39 39 39 39 56 39 7 39 39 39 0 39 39 81 39 39 39 39 39 7 39 39 39 39 39 39 39 39 39 39 39 39 39 39 39 39 39 39 39 39 39 39 39 39 39 39 39 39 39 39 73 39 39 39 39 39 15 39 39 39 39 39 39 11 39 39 39 39 39 39 39 39 39 39 39 39 40 39 39 55 39 39 39 39 18 39 39 
75 39 39 39 39 39 39 39 39 39 39 39 39 39 39 39 72 39 39 39 39 39 39 39 0 39 39 39 39 39 39 39 39 39 39 39 39 39 39 39 39 39 39 39 48 39 39 39 39 39 39 39 39 39 39 55 39 39 39 39 39 39 39 59 39 79 39 39 39 39 39 39 39 39 39 39 39 39 39 48 39 39 39 39 39 39 39 39 39 39 39 39 39 39 42 39 39 39 39 16 
63 39 39 39 39 39 39 39 83 39 39 39 39 39 39 39 39 39 39 39 39 39 39 39 39 0 39 39 39 39 39 39 39 39 39 39 39 39 39 39 39 39 39 39 39 39 39 39 39 56 39 39 39 39 39 39 39 39 39 39 39 39 39 39 39 39 39 39 39 39 39 39 39 39 39 39 39 39 39 39 39 39 39 39 39 39 39 39 39 39 39 39 39 39 39 39 39 39 64 39 
76 39 39 39 39 51 39 39 39 39 39 67 39 39 39 39 39 39 39 39 92 34 39 81 39 39 0 39 39 39 39 39 39 39 39 39 39 39 39 39 39 39 39 39 39 39 39 39 39 39 39 39 39 39 39 39 39 39 39 39 39 39 39 39 39 39 39 39 15 39 39 39 39 39 39 39 39 39 39 39 39 39 39 39 39 39 39 39 39 39 39 39 39 39 39 39 39 39 39 39 
61 39 39 39 39 39 39 39 39 39 39 39 39 39 39 39 39 39 39 39 39 44 39 39 39 39 39 0 39 39 39 39 39 39 39 39 39 39 39 34 39 69 39 39 39 39 39 39 39 39 39 39 39 39 39 39 39 39 39 39 39 39 39 39 39 39 39 39 39 39 39 39 39 39 39 39 39 61 39 39 39 39 39 83 39 39 39 39 39 39 39 39 17 39 39 39 39 39 39 39 
18 39 39 39 39 43 39 39 39 39 39 39 39 39 39 39 39 39 39 39 39 39 39 39 39 39 39 39 0 39 39 39 39 23 39 39 39 39 39 39 39 39 39 39 39 39 39 39 39 39 39 39 39 39 33 39 39 39 39 39 39 34 39 39 39 39 86 39 61 39 39 39 39 39 39 39 39 39 56 39 39 39 39 39 39 39 39 39 39 39 39 39 39 65 39 39 39 39 39 39 
86 39 39 39 39 39 39 39 39 69 39 42 39 39 39 39 39 39 39 39 36 39 39 39 39 39 39 39 39 0 39 39 39 39 39 39 39 39 39 39 39 39 39 39 39 39 39 39 39 39 39 39 39 39 39 39 39 39 39 39 39 30 39 39 39 39 39 43 39 39 39 39 39 39 39 39 39 39 39 39 39 39 42 39 39 37 39 39 39 39 39 39 51 39 39 39 39 39 39 56 
52 39 39 39 39 39 39 39 39 39 39 39 39 39 39 39 39 39 39 39 39 39 39 39 39 39 39 39 39 39 0 39 39 39 39 39 39 39 39 39 39 39 39 39 39 39 39 39 39 39 39 39 39 39 39 39 39 39 39 39 39 39 39 39 5 39 39 39 39 39 39 64 39 39 39 39 39 64 39 39 39 39 39 84 39 42 39 39 10 39 39 39 75 32 39 39 39 39 39 39 
44 39 39 39 39 39 39 39 39 39 39 39 39 39 39 39 39 39 39 39 39 39 39 39 39 39 39 39 39 39 39 0 39 39 57 39 39 39 39 39 39 39 39 39 39 39 39 39 39 39 39 39 39 39 39 39 39 39 39 39 39 39 39 32 39 39 39 39 39 39 39 39 39 39 39 39 39 39 39 39 39 39 39 39 39 39 39 39 39 39 39 39 39 39 39 39 39 39 39 39 
36 39 39 39 39 39 39 39 39 39 39 39 5 39 39 39 39 39 39 39 39 39 39 7 39 39 39 39 39 39 39 39 0 39 39 39 93 39 39 34 39 39 39 39 39 39 39 39 39 39 39 39 39 39 39 39 39 39 39 39 39 39 39 39 39 39 39 39 39 39 84 39 39 84 39 39 39 39 39 39 39 39 39 39 39 39 39 39 72 39 39 39 39 39 39 39 39 22 39 39 
58 39 39 39 94 39 39 39 39 39 39 39 39 39 39 80 39 39 39 39 39 39 39 39 39 39 39 39 23 39 39 39 39 0 39 1 39 39 51 39 39 39 39 39 39 39 39 39 39 39 39 39 39 39 39 39 39 39 39 39 39 39 39 39 39 39 39 39 39 39 39 39 39 39 39 39 39 39 39 39 39 39 39 39 39 39 39 39 39 39 39 39 39 39 39 39 39 39 39 39 
74 39 39 39 39 39 39 39 39 39 39 39 39 39 39 39 39 39 39 39 39 39 39 39 39 39 39 39 39 39 39 57 39 39 0 39 39 39 39 39 39 39 17 39 39 39 39 39 39 39 39 39 39 39 39 39 34 39 39 50 39 39 39 39 39 39 39 39 39 39 39 39 39 39 39 39 39 39 39 39 39 39 39 39 39 39 39 39 39 39 39 39 39 39 39 39 39 39 39 39 
31 39 39 39 39 39 39 39 39 39 39 39 39 39 89 39 39 39 39 39 39 39 39 39 39 39 39 39 39 39 39 39 39 1 39 0 39 39 39 39 39 39 39 39 39 39 39 39 39 39 39 39 39 39 39 39 39 39 39 39 39 39 39 39 39 39 39 39 39 39 39 39 39 39 39 39 39 39 70 39 39 39 39 22 39 39 39 39 39 98 39 39 19 39 39 39 39 39 39 39 
96 39 39 39 39 39 39 39 39 39 39 39 39 39 39 6 39 39 39 39 39 39 39 39 39 39 39 39 39 39 39 39 93 39 39 39 0 39 39 39 39 39 39 39 39 39 5 39 11 39 39 39 39 39 39 39 39 39 39 39 39 39 39 39 39 39 39 23 39 39 39 39 39 39 39 39 39 39 39 39 39 39 39 39 39 39 39 39 39 59 39 39 39 39 92 39 39 39 39 39 
15 39 39 39 39 39 39 39 39 39 39 39 39 39 39 39 39 39 39 39 39 39 39 39 39 39 39 39 39 39 39 39 39 39 39 39 39 0 39 39 39 39 39 39 39 39 39 39 39 39 39 39 39 39 39 39 39 39 39 39 39 39 39 39 39 39 39 39 39 39 39 39 39 39 20 39 39 39 39 39 39 98 39 39 39 39 39 39 39 39 39 39 39 39 39 39 39 39 39 39 
23 39 39 39 37 39 87 39 39 39 39 39 60 39 39 39 39 39 39 39 39 39 39 39 39 39 39 39 39 39 39 39 39 51 39 39 39 39 0 39 39 39 39 39 39 39 39 39 39 39 39 39 39 39 39 39 1 39 39 39 39 39 39 39 39 39 39 39 39 65 39 39 39 39 39 39 39 39 39 39 39 49 39 37 39 39 39 39 39 39 39 39 39 39 39 39 39 39 39 39 
47 39 39 39 39 43 39 39 39 39 39 39 39 39 39 39 39 39 39 39 39 39 39 39 39 39 39 34 39 39 39 39 34 39 39 39 39 39 39 0 39 39 39 39 39 39 39 39 39 39 39 39 39 39 39 94 39 39 39 39 39 39 39 39 39 39 39 39 39 39 39 39 39 39 39 39 39 39 39 39 39 39 39 39 39 39 39 39 99 39 39 39 39 39 39 39 39 39 39 39 
3 39 39 39 39 39 39 39 39 39 39 39 39 39 39 39 39 39 39 39 39 39 39 39 39 39 39 39 39 39 39 39 39 39 39 39 39 39 39 39 0 39 39 39 39 39 39 39 39 39 39 39 39 39 39 39 39 39 39 39 39 39 39 39 39 39 39 39 39 39 39 39 39 39 39 39 39 39 39 39 39 39 39 39 39 57 39 39 39 39 39 39 39 39 39 39 39 39 39 39 
5 11 39 39 39 39 39 39 39 39 39 39 39 39 39 39 39 39 30 39 39 60 39 39 39 39 39 69 39 39 39 39 39 39 39 39 39 39 39 39 39 0 68 39 39 39 39 39 6 39 39 39 39 39 39 39 39 39 39 39 39 39 39 39 12 39 39 39 39 39 39 39 39 39 39 39 39 39 39 39 39 39 39 39 39 39 39 39 39 39 39 39 39 39 39 39 39 27 39 39 
44 39 39 39 39 39 39 39 39 39 68 39 39 39 39 39 39 39 39 39 39 39 39 39 39 39 39 39 39 39 39 39 39 39 17 39 39 39 39 39 39 68 0 39 39 39 39 95 39 39 39 39 39 39 39 39 39 48 39 39 39 88 39 39 39 39 39 39 39 39 39 39 39 39 39 39 39 39 39 39 93 39 39 39 39 39 39 39 39 39 39 39 39 39 39 39 39 39 39 39 
21 39 39 39 39 39 39 39 39 39 39 39 39 39 39 39 39 39 39 39 39 39 39 39 39 39 39 39 39 39 39 39 39 39 39 39 39 39 39 39 39 39 39 0 39 39 39 39 39 39 39 39 39 39 39 39 56 39 39 39 39 39 42 39 39 39 39 39 39 39 39 39 39 39 39 39 39 39 39 39 39 39 39 39 39 39 39 39 39 39 39 39 39 39 39 39 39 39 39 39 
57 39 39 39 39 39 39 39 39 39 39 39 39 39 39 39 39 39 39 39 39 39 39 39 48 39 39 39 39 39 39 39 39 39 39 39 39 39 39 39 39 39 39 39 0 60 39 39 39 39 39 51 39 39 39 39 39 39 39 39 39 39 39 39 39 39 39 39 39 39 39 39 39 39 39 39 39 39 39 39 39 39 39 39 39 94 39 39 39 39 39 39 39 39 39 39 39 39 39 39 
41 39 39 39 39 39 39 39 39 39 39 39 39 39 39 39 39 39 39 39 39 39 39 39 39 39 39 39 39 39 39 39 39 39 39 39 39 39 39 39 39 39 39 39 60 0 20 39 39 39 39 39 39 39 39 39 39 39 39 39 39 39 39 39 39 39 39 39 39 39 39 39 39 39 39 39 39 39 39 46 39 39 39 39 39 39 39 39 39 39 39 39 39 39 39 39 39 39 39 39 
53 39 39 54 39 46 39 39 39 39 39 39 39 39 39 39 39 39 39 38 39 39 39 39 39 39 39 39 39 39 39 39 39 39 39 39 5 39 39 39 39 39 39 39 39 20 0 39 39 39 39 39 39 39 39 39 39 39 39 39 39 39 39 39 39 39 39 39 39 39 39 39 39 39 39 39 39 39 39 39 39 39 39 39 39 39 39 39 39 39 39 39 39 53 39 39 46 93 39 39 
28 39 39 39 39 39 39 39 39 39 39 39 39 39 39 39 39 39 39 39 39 39 39 39 39 39 39 39 39 39 39 39 39 39 39 39 39 39 39 39 39 39 95 39 39 39 39 0 39 68 39 39 39 39 39 39 39 39 39 39 39 39 39 39 39 39 39 39 39 39 39 28 39 39 39 39 95 39 95 39 39 39 39 39 39 39 39 39 39 39 39 39 39 39 39 39 54 39 39 39 
44 35 39 39 39 39 39 39 39 41 39 39 39 39 39 39 39 20 39 39 31 39 60 39 39 39 39 39 39 39 39 39 39 39 39 39 11 39 39 39 39 6 39 39 39 39 39 39 0 39 39 39 39 4 39 21 39 39 39 39 39 39 39 39 39 39 39 39 39 39 4 39 39 39 39 39 39 39 39 39 39 39 55 39 39 39 39 39 39 39 39 54 39 39 39 39 39 39 39 39 
8 39 39 39 39 39 39 39 39 39 39 39 39 39 39 39 39 39 39 39 39 39 39 39 39 56 39 39 39 39 39 39 39 39 39 39 39 39 39 39 39 39 39 39 39 39 39 68 39 0 39 39 39 39 39 39 39 39 39 39 39 41 39 39 39 39 39 39 39 39 39 39 39 39 39 39 39 39 39 39 39 39 39 39 39 39 39 39 39 39 39 39 39 39 39 39 39 44 39 39 
38 39 39 63 39 39 39 39 39 39 39 39 39 39 39 22 39 39 39 39 39 39 39 39 39 39 39 39 39 39 39 39 39 39 39 39 39 39 39 39 39 39 39 39 39 39 39 39 39 39 0 39 39 39 39 39 39 39 39 39 39 39 39 39 39 39 39 39 39 39 39 39 39 39 39 39 39 39 39 39 43 39 39 39 39 39 39 39 39 39 39 39 39 39 39 39 39 39 39 39 
8 39 33 39 39 39 39 39 39 39 39 39 39 39 39 39 39 39 39 39 39 39 39 39 39 39 39 39 39 39 39 39 39 39 39 39 39 39 39 39 39 39 39 39 51 39 39 39 39 39 39 0 39 39 39 39 39 39 39 39 39 39 39 39 39 39 39 39 39 39 39 39 39 39 39 39 39 39 39 39 39 39 39 39 45 39 39 39 39 39 39 39 39 39 39 39 39 39 39 39 
66 39 39 39 39 39 39 39 39 39 39 39 39 39 39 39 39 39 39 39 39 39 39 39 39 39 39 39 39 39 39 39 39 39 39 39 39 39 39 39 39 39 39 39 39 39 39 39 39 39 39 39 0 39 39 39 39 39 39 39 39 39 39 39 39 39 39 39 39 39 39 39 39 39 39 39 43 39 39 39 39 39 39 39 39 39 39 93 39 29 39 39 39 39 38 39 39 39 39 39 
46 39 39 39 39 39 39 39 39 39 39 39 39 39 39 40 39 39 39 39 39 39 39 39 39 39 39 39 39 39 39 39 39 39 39 39 39 39 39 39 39 39 39 39 39 39 39 39 4 39 39 39 39 0 45 39 39 39 39 39 39 39 39 39 39 39 39 39 39 39 39 39 39 39 43 39 39 39 39 39 93 39 39 39 39 82 39 39 39 39 39 39 39 39 39 39 39 39 39 39 
98 39 39 33 39 39 39 39 39 16 39 85 39 39 39 39 39 39 39 39 39 39 39 39 39 39 39 39 33 39 39 39 39 39 39 39 39 39 39 39 39 39 39 39 39 39 39 39 39 39 39 39 39 45 0 39 39 39 39 39 39 39 39 39 39 39 39 39 39 39 39 39 39 39 39 39 39 39 39 39 39 39 39 39 39 39 31 2 39 39 39 39 39 39 39 39 16 39 39 39 
62 39 39 39 39 39 39 39 39 39 39 39 39 39 39 39 39 39 39 39 39 39 39 39 55 39 39 39 39 39 39 39 39 39 39 39 39 39 39 94 39 39 39 39 39 39 39 39 21 39 39 39 39 39 39 0 39 39 39 62 92 39 39 39 39 39 39 39 39 39 39 39 39 39 39 39 39 90 39 39 39 39 39 39 39 39 39 39 39 39 50 39 39 39 39 39 39 39 39 39 
8 39 99 39 39 39 39 39 39 39 39 39 39 39 39 39 39 39 39 39 39 39 36 39 39 39 39 39 39 39 39 39 39 39 34 39 39 39 1 39 39 39 39 56 39 39 39 39 39 39 39 39 39 39 39 39 0 39 39 99 39 39 39 39 39 39 39 39 39 39 39 39 39 39 39 39 39 39 87 50 39 91 39 39 39 39 39 39 39 39 39 39 39 39 39 39 39 39 39 39 
45 39 39 39 39 39 39 39 39 39 39 39 39 39 39 39 39 39 39 39 39 39 39 39 39 39 39 39 39 39 39 39 39 39 39 39 39 39 39 39 39 39 48 39 39 39 39 39 39 39 39 39 39 39 39 39 39 0 39 39 39 39 39 39 39 39 39 39 39 39 39 39 39 39 39 39 39 39 39 29 39 39 39 39 39 39 39 39 39 39 39 39 39 39 39 39 39 39 39 39 
9 39 39 39 39 39 39 39 39 39 39 39 39 39 39 39 39 39 39 39 39 39 69 39 39 39 39 39 39 39 39 39 39 39 39 39 39 39 39 39 39 39 39 39 39 39 39 39 39 39 39 39 39 39 39 39 39 39 0 39 39 39 39 39 39 39 39 39 39 39 39 39 39 39 12 39 39 39 39 39 39 39 39 39 39 39 39 39 39 39 39 39 39 39 39 39 39 39 39 39 
31 39 39 39 39 39 39 39 39 39 39 39 39 39 39 39 39 39 39 39 39 39 39 39 39 39 39 39 39 39 39 39 39 39 50 39 39 39 39 39 39 39 39 39 39 39 39 39 39 39 39 39 39 39 39 62 99 39 39 0 39 39 39 39 39 39 39 39 39 39 39 6 39 39 39 39 39 39 39 39 39 39 39 39 39 39 39 39 39 39 39 39 39 39 39 39 39 39 39 58 
88 39 39 39 39 39 26 39 39 39 39 39 39 39 39 39 39 39 39 39 39 39 39 39 39 39 39 39 39 39 39 39 39 39 39 39 39 39 39 39 39 39 39 39 39 39 39 39 39 39 39 39 39 39 39 92 39 39 39 39 0 39 39 39 39 39 39 39 39 74 39 39 39 39 39 39 62 39 39 39 39 39 39 39 39 32 39 39 39 39 39 39 39 39 39 39 39 39 39 39 
9 39 39 39 39 39 39 39 39 39 39 39 39 39 39 39 39 39 39 39 39 39 39 39 39 39 39 39 34 30 39 39 39 39 39 39 39 39 39 39 39 39 88 39 39 39 39 39 39 41 39 39 39 39 39 39 39 39 39 39 39 0 39 39 39 39 39 39 39 39 39 39 39 39 39 39 39 39 39 39 39 39 39 39 39 60 39 39 39 39 39 39 39 39 33 39 39 39 39 39 
14 39 39 39 39 39 39 39 39 39 39 66 39 39 39 39 39 39 39 39 39 20 39 39 39 39 39 39 39 39 39 39 39 39 39 39 39 39 39 39 39 39 39 42 39 39 39 39 39 39 39 39 39 39 39 39 39 39 39 39 39 39 0 39 39 39 39 39 39 39 39 39 39 39 82 39 39 39 39 39 39 39 39 39 39 39 39 39 39 39 39 39 39 39 39 39 39 26 59 39 
48 39 39 39 39 39 39 39 39 39 39 39 39 39 39 39 39 39 39 39 39 39 39 73 59 39 39 39 39 39 39 32 39 39 39 39 39 39 39 39 39 39 39 39 39 39 39 39 39 39 39 39 39 39 39 39 39 39 39 39 39 39 39 0 39 23 39 39 39 39 39 39 39 39 39 39 39 39 39 39 39 39 39 39 39 39 39 39 39 39 39 46 39 39 39 39 39 39 39 39 
55 12 39 39 39 39 39 39 39 39 39 39 39 39 39 39 39 39 39 50 39 39 39 39 39 39 39 39 39 39 5 39 39 39 39 39 39 39 39 39 39 12 39 39 39 39 39 39 39 39 39 39 39 39 39 39 39 39 39 39 39 39 39 39 0 39 39 39 39 39 39 39 39 39 39 39 39 39 39 39 39 39 39 39 39 39 39 39 39 39 39 39 39 39 39 39 39 39 39 39 
26 39 39 39 39 39 39 39 39 39 39 39 39 39 39 39 39 39 39 39 39 39 39 39 79 39 39 39 39 39 39 39 39 39 39 39 39 39 39 39 39 39 39 39 39 39 39 39 39 39 39 39 39 39 39 39 39 39 39 39 39 39 39 23 39 0 41 39 39 39 39 39 33 39 39 39 39 39 39 39 39 39 39 62 39 42 39 39 39 39 11 39 39 39 39 39 39 39 39 99 
43 39 39 39 39 39 39 39 39 39 39 15 39 39 39 39 39 39 39 39 39 39 39 39 39 39 39 39 86 39 39 39 39 39 39 39 39 39 39 39 39 39 39 39 39 39 39 39 39 39 39 39 39 39 39 39 39 39 39 39 39 39 39 39 39 41 0 39 39 39 39 39 39 39 39 39 39 39 39 39 76 39 39 39 39 39 39 39 39 39 39 39 39 39 39 39 39 39 35 39 
54 39 39 39 39 39 39 39 39 16 39 39 39 39 39 39 39 39 39 39 39 39 39 39 39 39 39 39 39 43 39 39 39 39 39 39 23 39 39 39 39 39 39 39 39 39 39 39 39 39 39 39 39 39 39 39 39 39 39 39 39 39 39 39 39 39 39 0 39 39 39 39 39 39 39 39 39 39 39 39 39 39 39 39 39 39 39 39 39 39 39 39 39 39 69 39 39 39 39 39 
57 39 39 39 61 39 39 39 39 29 39 39 39 39 39 39 39 39 39 39 39 39 39 39 39 39 15 39 61 39 39 39 39 39 39 39 39 39 39 39 39 39 39 39 39 39 39 39 39 39 39 39 39 39 39 39 39 39 39 39 39 39 39 39 39 39 39 39 0 39 39 39 39 39 39 39 39 39 39 39 33 39 39 39 39 39 39 39 39 39 39 39 39 39 39 39 39 39 39 39 
77 39 39 39 39 39 39 39 39 39 39 39 39 39 39 39 39 39 39 39 39 39 39 15 39 39 39 39 39 39 39 39 39 39 39 39 39 39 65 39 39 39 39 39 39 39 39 39 39 39 39 39 39 39 39 39 39 39 39 39 74 39 39 39 39 39 39 39 39 0 39 39 39 39 39 39 39 39 39 39 39 39 39 39 39 39 39 39 39 39 39 39 39 39 39 39 39 39 39 46 
58 39 39 39 39 39 39 61 39 39 39 39 39 39 39 39 39 39 39 39 66 39 39 39 39 39 39 39 39 39 39 39 84 39 39 39 39 39 39 39 39 39 39 39 39 39 39 39 4 39 39 39 39 39 39 39 39 39 39 39 39 39 39 39 39 39 39 39 39 39 0 39 17 39 39 39 85 39 39 39 39 39 39 39 23 39 39 80 39 39 39 39 39 39 39 39 39 39 39 39 
90 39 39 39 39 39 39 39 39 39 41 39 39 39 39 1 39 39 39 39 39 39 22 39 39 39 39 39 39 39 64 39 39 39 39 39 39 39 39 39 39 39 39 39 39 39 39 28 39 39 39 39 39 39 39 39 39 39 39 6 39 39 39 39 39 39 39 39 39 39 39 0 39 39 39 39 39 39 36 39 39 39 39 39 39 39 39 39 39 39 14 28 17 39 39 39 39 39 39 39 
58 39 39 39 39 39 39 39 39 39 39 39 39 39 39 39 14 39 39 39 39 39 39 39 39 39 39 39 39 39 39 39 39 39 39 39 39 39 39 39 39 39 39 39 39 39 39 39 39 39 39 39 39 39 39 39 39 39 39 39 39 39 39 39 39 33 39 39 39 39 17 39 0 39 39 39 39 39 39 39 39 39 39 39 39 39 39 39 39 39 16 39 39 39 39 39 39 39 39 39 
24 39 39 39 39 39 39 39 39 39 59 39 39 39 83 39 39 39 39 50 39 39 39 39 39 39 39 39 39 39 39 39 84 39 39 39 39 39 39 39 39 39 39 39 39 39 39 39 39 39 39 39 39 39 39 39 39 39 39 39 39 39 39 39 39 39 39 39 39 39 39 39 39 0 39 39 39 39 39 39 39 77 39 39 39 26 39 39 28 39 39 39 39 39 39 39 39 39 39 39 
35 24 35 39 67 39 39 39 39 39 39 39 39 39 46 39 39 39 39 39 39 33 39 39 39 39 39 39 39 39 39 39 39 39 39 39 39 20 39 39 39 39 39 39 39 39 39 39 39 39 39 39 39 43 39 39 39 39 12 39 39 39 82 39 39 39 39 39 39 39 39 39 39 39 0 39 39 39 39 39 39 39 39 39 39 39 98 39 39 39 39 39 39 39 39 39 39 39 39 39 
45 39 39 39 39 39 39 39 39 39 39 39 39 39 39 39 39 79 39 39 39 39 39 39 39 39 39 39 39 39 39 39 39 39 39 39 39 39 39 39 39 39 39 39 39 39 39 39 39 39 39 39 39 39 39 39 39 39 39 39 39 39 39 39 39 39 39 39 39 39 39 39 39 39 39 0 39 39 39 39 39 39 39 39 39 39 39 39 39 39 39 15 39 39 39 39 39 39 39 39 
32 39 39 39 39 25 39 39 39 39 39 39 39 39 39 39 39 39 39 39 39 39 39 11 39 39 39 39 39 39 39 39 39 39 39 39 39 39 39 39 39 39 39 39 39 39 39 95 39 39 39 39 43 39 39 39 39 39 39 39 62 39 39 39 39 39 39 39 39 39 85 39 39 39 39 39 0 39 39 39 39 39 39 39 39 39 39 39 39 39 39 39 39 39 39 39 39 39 43 62 
54 39 39 39 39 39 39 39 39 39 39 39 39 39 50 68 39 39 39 39 39 39 39 39 39 39 39 61 39 39 64 39 39 39 39 39 39 39 39 39 39 39 39 39 39 39 39 39 39 39 39 39 39 39 39 90 39 39 39 39 39 39 39 39 39 39 39 39 39 39 39 39 39 39 39 39 39 0 39 39 39 39 39 39 39 39 39 39 39 39 39 39 39 39 39 39 39 95 39 39 
25 39 39 39 39 39 39 39 39 39 39 39 39 39 39 54 39 87 39 39 39 39 39 39 39 39 39 39 56 39 39 39 39 39 39 70 39 39 39 39 39 39 39 39 39 39 39 95 39 39 39 39 39 39 39 39 87 39 39 39 39 39 39 39 39 39 39 39 39 39 39 36 39 39 39 39 39 39 0 39 39 39 39 52 39 39 39 39 39 39 39 39 39 39 8 39 39 39 39 39 
30 97 39 39 39 39 39 39 39 39 23 39 39 39 39 39 45 39 39 39 39 39 39 39 48 39 39 39 39 39 39 39 39 39 39 39 39 39 39 39 39 39 39 39 39 46 39 39 39 39 39 39 39 39 39 39 50 29 39 39 39 39 39 39 39 39 39 39 39 39 39 39 39 39 39 39 39 39 39 0 39 57 39 39 39 96 39 39 64 39 18 39 39 39 39 39 39 39 39 39 
31 39 39 39 39 39 39 39 39 39 39 39 39 39 39 39 39 39 39 39 39 39 39 39 39 39 39 39 39 39 39 39 39 39 39 39 39 39 39 39 39 39 93 39 39 39 39 39 39 39 43 39 39 93 39 39 39 39 39 39 39 39 39 39 39 39 76 39 33 39 39 39 39 39 39 39 39 39 39 39 0 39 39 39 39 39 39 39 39 39 39 39 39 39 39 39 39 39 39 39 
82 39 39 39 39 39 39 39 39 39 39 39 39 39 88 39 39 39 39 39 39 39 39 39 39 39 39 39 39 39 39 39 39 39 39 39 39 98 49 39 39 39 39 39 39 39 39 39 39 39 39 39 39 39 39 39 91 39 39 39 39 39 39 39 39 39 39 39 39 39 39 39 39 77 39 39 39 39 39 57 39 0 47 39 39 39 39 39 39 39 39 39 39 39 39 39 39 39 39 39 
91 39 39 39 39 39 39 39 39 39 39 39 39 39 39 39 39 39 39 41 39 39 39 39 39 39 39 39 39 42 39 39 39 39 39 39 39 39 39 39 39 39 39 39 39 39 39 39 55 39 39 39 39 39 39 39 39 39 39 39 39 39 39 39 39 39 39 39 39 39 39 39 39 39 39 39 39 39 39 39 39 47 0 39 39 39 39 39 39 14 39 39 39 39 39 39 39 39 39 39 
90 78 39 39 39 39 39 39 39 39 39 39 39 39 39 39 39 39 39 39 39 36 39 39 39 39 39 83 39 39 84 39 39 39 39 22 39 39 37 39 39 39 39 39 39 39 39 39 39 39 39 39 39 39 39 39 39 39 39 39 39 39 39 39 39 62 39 39 39 39 39 39 39 39 39 39 39 39 52 39 39 39 39 0 39 39 47 39 39 39 39 39 39 39 39 39 39 39 39 39 
64 39 39 39 39 39 39 39 39 31 39 39 39 39 39 34 39 39 39 39 39 39 39 39 39 39 39 39 39 39 39 39 39 39 39 39 39 39 39 39 39 39 39 39 39 39 39 39 39 39 39 45 39 39 39 39 39 39 39 39 39 39 39 39 39 39 39 39 39 39 23 39 39 39 39 39 39 39 39 39 39 39 39 39 0 39 39 39 39 39 39 39 39 39 39 39 39 23 39 39 
37 39 39 39 39 39 39 40 39 39 39 39 50 39 39 39 39 39 39 39 39 39 39 39 39 39 39 39 39 37 42 39 39 39 39 39 39 39 39 39 57 39 39 39 94 39 39 39 39 39 39 39 39 82 39 39 39 39 39 39 32 60 39 39 39 42 39 39 39 39 39 39 39 26 39 39 39 39 39 96 39 39 39 39 39 0 39 39 39 39 39 39 39 39 39 39 39 39 39 42 
69 39 39 39 39 39 39 39 39 39 39 39 39 39 39 39 39 39 39 49 39 39 39 39 39 39 39 39 39 39 39 39 39 39 39 39 39 39 39 39 39 39 39 39 39 39 39 39 39 39 39 39 39 39 31 39 39 39 39 39 39 39 39 39 39 39 39 39 39 39 39 39 39 39 98 39 39 39 39 39 39 39 39 47 39 39 0 39 39 39 39 39 39 39 39 39 39 39 39 39 
50 39 39 39 39 39 39 39 16 39 39 39 39 39 3 39 39 39 39 39 39 39 39 39 39 39 39 39 39 39 39 39 39 39 39 39 39 39 39 39 39 39 39 39 39 39 39 39 39 39 39 39 93 39 2 39 39 39 39 39 39 39 39 39 39 39 39 39 39 39 80 39 39 39 39 39 39 39 39 39 39 39 39 39 39 39 39 0 39 39 39 39 39 39 39 39 39 39 39 8 
49 39 39 39 22 39 39 39 39 39 39 39 39 39 39 39 39 39 18 39 39 39 39 39 39 39 39 39 39 39 10 39 72 39 39 39 39 39 39 99 39 39 39 39 39 39 39 39 39 39 39 39 39 39 39 39 39 39 39 39 39 39 39 39 39 39 39 39 39 39 39 39 39 28 39 39 39 39 39 64 39 39 39 39 39 39 39 39 0 39 39 39 39 39 39 39 71 39 39 39 
46 39 39 39 39 39 39 39 39 39 39 39 39 39 39 39 39 39 39 39 39 39 39 40 39 39 39 39 39 39 39 39 39 39 39 98 59 39 39 39 39 39 39 39 39 39 39 39 39 39 39 39 29 39 39 39 39 39 39 39 39 39 39 39 39 39 39 39 39 39 39 39 39 39 39 39 39 39 39 39 39 39 14 39 39 39 39 39 39 0 39 39 39 39 39 39 39 39 39 39 
93 39 39 39 39 39 39 39 39 15 39 39 39 39 39 39 39 39 39 39 12 39 39 39 39 39 39 39 39 39 39 39 39 39 39 39 39 39 39 39 39 39 39 39 39 39 39 39 39 39 39 39 39 39 39 50 39 39 39 39 39 39 39 39 39 11 39 39 39 39 39 14 16 39 39 39 39 39 39 18 39 39 39 39 39 39 39 39 39 39 0 39 39 39 39 39 39 11 39 38 
70 39 39 39 39 39 39 39 39 39 39 39 39 39 39 39 39 39 39 39 39 39 39 39 39 39 39 39 39 39 39 39 39 39 39 39 39 39 39 39 39 39 39 39 39 39 39 39 54 39 39 39 39 39 39 39 39 39 39 39 39 39 39 46 39 39 39 39 39 39 39 28 39 39 39 15 39 39 39 39 39 39 39 39 39 39 39 39 39 39 39 0 39 39 89 39 39 39 39 39 
53 39 39 39 39 39 39 39 39 39 39 51 39 39 39 39 39 39 39 39 39 39 39 55 39 39 39 17 39 51 75 39 39 39 39 19 39 39 39 39 39 39 39 39 39 39 39 39 39 39 39 39 39 39 39 39 39 39 39 39 39 39 39 39 39 39 39 39 39 39 39 17 39 39 39 39 39 39 39 39 39 39 39 39 39 39 39 39 39 39 39 39 0 39 39 39 39 39 19 39 
90 39 39 39 39 39 39 39 39 39 39 39 39 39 8 39 39 39 39 39 39 39 39 39 39 39 39 39 65 39 32 39 39 39 39 39 39 39 39 39 39 39 39 39 39 39 53 39 39 39 39 39 39 39 39 39 39 39 39 39 39 39 39 39 39 39 39 39 39 39 39 39 39 39 39 39 39 39 39 39 39 39 39 39 39 39 39 39 39 39 39 39 39 0 39 39 39 39 39 60 
43 39 39 39 39 39 32 39 39 39 39 39 39 39 39 39 39 39 39 39 39 39 39 39 42 39 39 39 39 39 39 39 39 39 39 39 92 39 39 39 39 39 39 39 39 39 39 39 39 39 39 39 38 39 39 39 39 39 39 39 39 33 39 39 39 39 39 69 39 39 39 39 39 39 39 39 39 39 8 39 39 39 39 39 39 39 39 39 39 39 39 89 39 39 0 39 39 39 39 39 
29 39 39 39 39 39 39 39 39 39 39 39 39 39 39 39 39 39 39 39 39 39 92 39 39 39 39 39 39 39 39 39 39 39 39 39 39 39 39 39 39 39 39 39 39 39 39 39 39 39 39 39 39 39 39 39 39 39 39 39 39 39 39 39 39 39 39 39 39 39 39 39 39 39 39 39 39 39 39 39 39 39 39 39 39 39 39 39 39 39 39 39 39 39 39 0 39 39 39 39 
27 39 39 39 39 39 39 39 39 39 39 39 39 39 39 39 39 39 39 39 39 39 39 39 39 39 39 39 39 39 39 39 39 39 39 39 39 39 39 39 39 39 39 39 39 39 46 54 39 39 39 39 39 39 16 39 39 39 39 39 39 39 39 39 39 39 39 39 39 39 39 39 39 39 39 39 39 39 39 39 39 39 39 39 39 39 39 39 71 39 39 39 39 39 39 39 0 39 39 39 
65 39 39 39 39 39 39 39 39 39 39 39 39 39 39 39 39 39 39 39 39 65 39 18 39 39 39 39 39 39 39 39 22 39 39 39 39 39 39 39 39 27 39 39 39 39 93 39 39 44 39 39 39 39 39 39 39 39 39 39 39 39 26 39 39 39 39 39 39 39 39 39 39 39 39 39 39 95 39 39 39 39 39 39 23 39 39 39 39 39 11 39 39 39 39 39 39 0 39 39 
73 39 39 39 36 39 39 39 39 39 39 39 39 39 39 39 39 39 39 39 39 39 39 39 39 64 39 39 39 39 39 39 39 39 39 39 39 39 39 39 39 39 39 39 39 39 39 39 39 39 39 39 39 39 39 39 39 39 39 39 39 39 59 39 39 39 35 39 39 39 39 39 39 39 39 39 43 39 39 39 39 39 39 39 39 39 39 39 39 39 39 39 19 39 39 39 39 39 0 39 
80 39 1 39 39 37 30 39 39 39 39 39 39 39 39 39 39 39 39 39 39 39 20 39 16 39 39 39 39 56 39 39 39 39 39 39 39 39 39 39 39 39 39 39 39 39 39 39 39 39 39 39 39 39 39 39 39 39 39 58 39 39 39 39 39 99 39 39 39 46 39 39 39 39 39 39 62 39 39 39 39 39 39 39 39 42 39 8 39 39 38 39 39 60 39 39 39 39 39 0 

0 58 91 81 13 45 35 61 83 47 11 48 51 26 63 69 12 45 8 49 38 86 2 40 83 38 25 4 83 15 49 30 31 43 70 70 3 86 78 54 75 9 57 80 44 92 48 73 57 34 63 18 35 21 13 29 93 56 92 34 13 92 87 53 96 75 58 47 77 85 43 25 16 100 66 1 74 59 69 60 86 19 30 10 8 64 32 51 52 55 8 31 48 11 75 72 39 64 98 78 
58 0 62 62 62 62 62 62 62 62 46 62 62 62 62 62 62 62 62 62 62 62 62 62 62 62 62 62 62 62 62 62 62 62 62 62 62 62 62 62 62 90 62 62 62 62 62 62 82 62 62 62 62 62 62 62 62 62 62 62 62 62 62 62 99 62 62 62 62 62 62 62 62 62 77 62 62 62 62 4 62 62 62 23 62 62 62 62 62 62 62 62 62 62 62 62 62 62 62 62 
91 62 0 62 62 62 62 62 62 62 62 62 62 62 53 62 62 62 62 62 62 62 62 62 62 62 62 62 62 62 62 62 62 62 62 62 62 62 62 62 62 62 62 62 62 62 62 62 62 62 62 68 62 62 62 62 2 62 62 62 62 62 62 62 62 62 62 62 62 62 62 62 62 62 93 62 62 62 62 62 62 62 62 62 62 62 62 62 62 62 62 62 62 62 62 62 62 62 62 84 
81 62 62 0 62 62 62 62 62 62 62 62 62 62 62 62 62 62 62 62 62 2 62 62 62 62 62 62 62 62 62 62 62 62 62 62 62 62 62 62 62 62 62 62 62 62 47 62 62 62 1 62 62 62 42 62 62 62 62 62 62 62 62 62 62 62 62 62 62 62 62 62 62 62 62 62 62 62 62 62 62 62 62 62 62 62 62 62 62 62 62 62 62 62 62 62 62 62 62 62 
13 62 62 62 0 62 62 62 62 62 62 62 62 62 62 62 62 62 62 62 62 62 62 62 62 62 62 62 62 62 62 62 62 38 62 62 62 62 5 62 62 62 62 62 62 62 62 62 62 62 62 62 62 62 62 62 62 62 62 62 62 62 62 62 62 62 62 62 40 62 62 62 62 62 63 62 62 62 62 62 62 62 62 62 62 62 62 62 30 62 62 62 62 62 62 62 62 62 35 62 
45 62 62 62 62 0 62 62 62 62 62 62 62 62 62 62 62 62 62 62 62 62 62 62 62 62 50 62 58 62 62 62 62 62 62 62 62 62 62 58 62 62 62 62 62 62 17 62 62 62 62 62 62 62 62 62 62 62 62 62 62 62 62 62 62 62 62 62 62 62 62 62 62 62 62 62 24 62 62 62 62 62 62 62 62 62 62 62 62 62 62 62 62 62 62 62 62 62 62 32 
35 62 62 62 62 62 0 62 62 62 62 62 62 62 62 62 41 62 62 62 62 62 62 62 62 62 62 62 62 62 62 62 62 62 62 62 62 62 14 62 62 62 62 62 62 62 62 62 62 62 62 62 62 62 62 62 62 62 62 62 55 62 62 62 62 62 62 62 62 62 62 62 62 62 62 62 62 62 62 62 62 62 62 62 62 62 62 62 62 62 62 62 62 62 69 62 62 62 62 71 
61 62 62 62 62 62 62 0 62 62 62 62 62 62 62 62 62 62 62 49 62 62 62 62 62 62 62 62 62 62 62 62 62 62 62 62 62 62 62 62 62 62 62 62 62 62 62 62 62 62 62 62 62 62 62 62 62 62 62 62 62 62 62 62 62 62 62 62 62 62 40 62 62 62 62 62 62 62 62 62 62 62 62 62 62 61 62 62 62 62 62 62 62 62 62 62 62 62 62 62 
83 62 62 62 62 62 62 62 0 62 62 62 62 62 62 62 62 62 62 62 62 57 62 62 62 65 62 62 62 62 62 62 62 62 62 62 62 62 62 62 62 62 62 62 62 62 62 62 62 62 62 62 62 62 62 62 62 62 62 62 62 62 62 62 62 62 62 62 62 62 62 62 62 62 62 62 62 62 62 62 62 62 62 62 62 62 62 85 62 62 62 62 62 62 62 62 62 62 62 62 
47 62 62 62 62 62 62 62 62 0 62 62 62 8 62 62 62 62 62 51 62 62 62 62 62 62 62 62 62 86 62 62 62 62 62 62 62 62 62 62 62 62 62 62 62 62 62 62 60 62 62 62 62 62 23 62 62 62 62 62 62 62 62 62 62 62 62 23 22 62 62 62 62 62 62 62 62 62 62 62 62 62 62 62 70 62 62 62 62 62 95 62 62 62 62 62 62 62 62 62 
11 46 62 62 62 62 62 62 62 62 0 62 62 62 62 62 62 62 62 62 62 62 62 62 62 62 62 62 62 62 62 62 62 62 62 62 62 62 62 62 62 62 43 62 62 62 62 62 62 62 62 62 62 62 62 62 62 62 62 62 62 62 62 62 62 62 62 62 62 62 62 20 62 42 62 62 62 62 62 1 62 62 62 62 62 62 62 62 62 62 62 62 62 62 62 62 62 62 62 62 
48 62 62 62 62 62 62 62 62 62 62 0 62 62 62 62 62 62 62 62 62 62 62 62 62 62 80 62 62 59 62 62 62 62 62 62 62 62 62 62 62 62 62 62 62 62 62 62 62 62 62 62 62 62 41 62 62 62 62 62 62 62 35 62 62 62 86 62 62 62 62 62 62 62 62 62 62 62 62 62 62 62 62 62 62 62 62 62 62 62 62 62 50 62 62 62 62 62 62 62 
51 62 62 62 62 62 62 62 62 62 62 62 0 62 62 62 62 62 62 62 62 62 62 62 62 62 62 62 62 62 62 62 44 62 62 62 62 62 51 62 62 62 62 62 62 62 62 62 62 62 62 62 62 62 62 62 62 62 62 62 62 62 62 62 62 62 62 62 62 62 62 62 62 62 62 62 62 62 62 62 62 62 62 62 62 73 62 62 62 62 62 62 62 62 62 62 62 62 62 62 
26 62 62 62 62 62 62 62 62 8 62 62 62 0 62 62 62 62 62 62 62 62 62 62 62 62 62 62 62 62 62 62 62 62 62 62 62 62 62 62 62 62 62 62 62 62 62 62 62 62 62 62 62 62 62 62 62 62 62 62 62 62 62 62 62 62 62 62 62 62 62 62 62 62 62 62 62 62 62 62 62 62 62 62 62 62 62 62 62 62 62 62 62 62 62 62 62 62 62 62 
63 62 53 62 62 62 62 62 62 62 62 62 62 62 0 62 32 62 62 62 62 62 62 62 62 62 62 62 62 62 62 62 62 62 62 97 62 62 62 62 62 62 62 62 62 62 62 62 62 62 62 62 62 62 62 62 62 62 62 62 62 62 62 62 62 62 62 62 62 62 62 62 62 18 68 62 62 73 62 62 62 28 62 62 62 62 62 15 62 62 62 62 62 9 62 62 62 62 62 62 
69 62 62 62 62 62 62 62 62 62 62 62 62 62 62 0 62 62 62 62 62 62 62 62 62 62 62 62 62 62 62 62 62 67 62 62 56 62 62 62 62 62 62 62 62 62 62 62 62 62 79 62 62 61 62 62 62 62 62 62 62 62 62 62 62 62 62 62 62 62 62 21 62 62 62 62 62 33 47 62 62 62 62 62 67 62 62 62 62 62 62 62 62 62 62 62 62 62 62 62 
12 62 62 62 62 62 41 62 62 62 62 62 62 62 32 62 0 62 62 62 62 62 62 62 29 62 62 62 62 62 62 62 62 62 62 62 62 62 62 62 62 62 62 62 62 62 62 62 62 62 62 62 62 62 62 62 62 62 62 62 62 62 62 62 62 62 62 62 62 62 62 62 30 62 62 62 62 62 62 75 62 62 62 62 62 62 62 62 62 62 62 62 62 62 62 62 62 62 62 62 
45 62 62 62 62 62 62 62 62 62 62 62 62 62 62 62 62 0 62 62 62 62 62 45 62 62 62 62 62 62 62 62 62 62 62 62 62 62 62 62 62 62 62 62 62 62 62 62 42 62 62 62 62 62 62 62 62 62 62 62 62 62 62 62 62 62 62 62 62 62 62 62 62 62 62 95 62 62 18 62 62 62 62 62 62 62 62 62 62 62 62 62 62 62 62 62 62 62 62 62 
8 62 62 62 62 62 62 62 62 62 62 62 62 62 62 62 62 62 0 40 62 62 62 62 62 62 62 62 62 62 62 62 62 62 62 62 62 62 62 62 62 40 62 62 62 62 62 62 62 62 62 62 62 62 62 62 62 62 62 62 62 62 62 62 62 62 62 62 62 62 62 62 62 62 62 62 62 62 62 62 62 62 62 62 62 62 62 62 83 62 62 62 62 62 62 62 62 62 62 62 
49 62 62 62 62 62 62 49 62 51 62 62 62 62 62 62 62 62 40 0 62 62 62 94 62 62 62 62 62 62 62 62 62 62 62 62 62 62 62 62 62 62 62 62 62 62 63 62 62 62 62 62 62 62 62 62 62 62 62 62 62 62 62 62 51 62 62 62 62 62 62 62 62 51 62 62 62 62 62 62 62 62 60 62 62 62 57 62 62 62 62 62 62 62 62 62 62 62 62 62 
38 62 62 62 62 62 62 62 62 62 62 62 62 62 62 62 62 62 62 62 0 62 62 62 62 62 9 62 62 65 62 62 62 62 62 62 62 62 62 62 62 62 62 62 62 62 62 62 47 62 62 62 62 62 62 62 62 62 62 62 62 62 62 62 62 62 62 62 62 62 35 62 62 62 62 62 62 62 62 62 62 62 62 62 62 62 62 62 62 62 89 62 62 62 62 62 62 62 62 62 
86 62 62 2 62 62 62 62 57 62 62 62 62 62 62 62 62 62 62 62 62 0 62 62 62 62 80 57 62 62 62 62 62 62 62 62 62 62 62 62 62 41 62 62 62 62 62 62 62 62 62 62 62 62 62 62 62 62 62 62 62 62 81 62 62 62 62 62 62 62 62 62 62 62 68 62 62 62 62 62 62 62 62 65 62 62 62 62 62 62 62 62 62 62 62 62 62 65 62 62 
2 62 62 62 62 62 62 62 62 62 62 62 62 62 62 62 62 62 62 62 62 62 0 62 62 62 62 62 62 62 62 62 62 62 62 62 62 62 62 62 62 62 62 62 62 62 62 62 10 62 62 62 62 62 62 62 41 62 32 62 62 62 62 62 62 62 62 62 62 62 62 57 62 62 62 62 62 62 62 62 62 62 62 62 62 62 62 62 62 62 62 62 62 62 62 9 62 62 62 53 
40 62 62 62 62 62 62 62 62 62 62 62 62 62 62 62 62 45 62 94 62 62 62 0 62 62 20 62 62 62 62 62 94 62 62 62 62 62 62 62 62 62 62 62 62 62 62 62 62 62 62 62 62 62 62 62 62 62 62 62 62 62 62 28 62 62 62 62 62 52 62 62 62 62 62 62 49 62 62 62 62 62 62 62 62 62 62 62 62 61 62 62 98 62 62 62 62 83 62 62 
83 62 62 62 62 62 62 62 62 62 62 62 62 62 62 62 29 62 62 62 62 62 62 62 0 62 62 62 62 62 62 62 62 62 62 62 62 62 62 62 62 62 62 62 12 62 62 62 62 62 62 62 62 62 62 46 62 62 62 62 62 62 62 42 62 29 62 62 62 62 62 62 62 62 62 62 62 62 62 12 62 62 62 62 62 62 62 62 62 62 62 62 62 62 59 62 62 62 62 90 
38 62 62 62 62 62 62 62 65 62 62 62 62 62 62 62 62 62 62 62 62 62 62 62 62 0 62 62 62 62 62 62 62 62 62 62 62 62 62 62 62 62 62 62 62 62 62 62 62 45 62 62 62 62 62 62 62 62 62 62 62 62 62 62 62 62 62 62 62 62 62 62 62 62 62 62 62 62 62 62 62 62 62 62 62 62 62 62 62 62 62 62 62 62 62 62 62 62 37 62 
25 62 62 62 62 50 62 62 62 62 62 80 62 62 62 62 62 62 62 62 9 80 62 20 62 62 0 62 62 62 62 62 62 62 62 62 62 62 62 62 62 62 62 62 62 62 62 62 62 62 62 62 62 62 62 62 62 62 62 62 62 62 62 62 62 62 62 62 90 62 62 62 62 62 62 62 62 62 62 62 62 62 62 62 62 62 62 62 62 62 62 62 62 62 62 62 62 62 62 62 
4 62 62 62 62 62 62 62 62 62 62 62 62 62 62 62 62 62 62 62 62 57 62 62 62 62 62 0 62 62 62 62 62 62 62 62 62 62 62 67 62 32 62 62 62 62 62 62 62 62 62 62 62 62 62 62 62 62 62 62 62 62 62 62 62 62 62 62 62 62 62 62 62 62 62 62 62 15 62 62 62 62 62 70 62 62 62 62 62 62 62 62 84 62 62 62 62 62 62 62 
83 62 62 62 62 58 62 62 62 62 62 62 62 62 62 62 62 62 62 62 62 62 62 62 62 62 62 62 0 62 62 62 62 78 62 62 62 62 62 62 62 62 62 62 62 62 62 62 62 62 62 62 62 62 42 62 62 62 62 62 62 67 62 62 62 62 23 62 40 62 62 62 62 62 62 62 62 62 98 62 62 62 62 62 62 62 62 62 62 62 62 62 62 36 62 62 62 62 62 62 
15 62 62 62 62 62 62 62 62 86 62 59 62 62 62 62 62 62 62 62 65 62 62 62 62 62 62 62 62 0 62 62 62 62 62 62 62 62 62 62 62 62 62 62 62 62 62 62 62 62 62 62 62 62 62 62 62 62 62 62 62 71 62 62 62 62 62 58 62 62 62 62 62 62 62 62 62 62 62 62 62 62 59 62 62 64 62 62 62 62 62 62 50 62 62 62 62 62 62 45 
49 62 62 62 62 62 62 62 62 62 62 62 62 62 62 62 62 62 62 62 62 62 62 62 62 62 62 62 62 62 0 62 62 62 62 62 62 62 62 62 62 62 62 62 62 62 62 62 62 62 62 62 62 62 62 62 62 62 62 62 62 62 62 62 53 62 62 62 62 62 62 37 62 62 62 62 62 37 62 62 62 62 62 67 62 59 62 62 97 62 62 62 26 69 62 62 62 62 62 62 
30 62 62 62 62 62 62 62 62 62 62 62 62 62 62 62 62 62 62 62 62 62 62 62 62 62 62 62 62 62 62 0 62 62 44 62 62 62 62 62 62 62 62 62 62 62 62 62 62 62 62 62 62 62 62 62 62 62 62 62 62 62 62 69 62 62 62 62 62 62 62 62 62 62 62 62 62 62 62 62 62 62 62 62 62 62 62 62 62 62 62 62 62 62 62 62 62 62 62 62 
31 62 62 62 62 62 62 62 62 62 62 62 44 62 62 62 62 62 62 62 62 62 62 94 62 62 62 62 62 62 62 62 0 62 62 62 8 62 62 67 62 62 62 62 62 62 62 62 62 62 62 62 62 62 62 62 62 62 62 62 62 62 62 62 62 62 62 62 62 62 85 62 62 85 62 62 62 62 62 62 62 62 62 62 62 62 62 62 7 62 62 62 62 62 62 62 62 98 62 62 
43 62 62 62 38 62 62 62 62 62 62 62 62 62 62 67 62 62 62 62 62 62 62 62 62 62 62 62 78 62 62 62 62 0 62 44 62 62 50 62 62 62 62 62 62 62 62 62 62 62 62 62 62 62 62 62 62 62 62 62 62 62 62 62 62 62 62 62 62 62 62 62 62 62 62 62 62 62 62 62 62 62 62 62 62 62 62 62 62 62 62 62 62 62 62 62 62 62 62 62 
70 62 62 62 62 62 62 62 62 62 62 62 62 62 62 62 62 62 62 62 62 62 62 62 62 62 62 62 62 62 62 44 62 62 0 62 62 62 62 62 62 62 84 62 62 62 62 62 62 62 62 62 62 62 62 62 21 62 62 51 62 62 62 62 62 62 62 62 62 62 62 62 62 62 62 62 62 62 62 62 62 62 62 62 62 62 62 62 62 62 62 62 62 62 62 62 62 62 62 62 
70 62 62 62 62 62 62 62 62 62 62 62 62 62 97 62 62 62 62 62 62 62 62 62 62 62 62 62 62 62 62 62 62 44 62 0 62 62 62 62 62 62 62 62 62 62 62 62 62 62 62 62 62 62 62 62 62 62 62 62 62 62 62 62 62 62 62 62 62 62 62 62 62 62 62 62 62 62 75 62 62 62 62 2 62 62 62 62 62 54 62 62 82 62 62 62 62 62 62 62 
3 62 62 62 62 62 62 62 62 62 62 62 62 62 62 56 62 62 62 62 62 62 62 62 62 62 62 62 62 62 62 62 8 62 62 62 0 62 62 62 62 62 62 62 62 62 28 62 90 62 62 62 62 62 62 62 62 62 62 62 62 62 62 62 62 62 62 78 62 62 62 62 62 62 62 62 62 62 62 62 62 62 62 62 62 62 62 62 62 42 62 62 62 62 9 62 62 62 62 62 
86 62 62 62 62 62 62 62 62 62 62 62 62 62 62 62 62 62 62 62 62 62 62 62 62 62 62 62 62 62 62 62 62 62 62 62 62 0 62 62 62 62 62 62 62 62 62 62 62 62 62 62 62 62 62 62 62 62 62 62 62 62 62 62 62 62 62 62 62 62 62 62 62 62 4 62 62 62 62 62 62 16 62 62 62 62 62 62 62 62 62 62 62 62 62 62 62 62 62 62 
78 62 62 62 5 62 14 62 62 62 62 62 51 62 62 62 62 62 62 62 62 62 62 62 62 62 62 62 62 62 62 62 62 50 62 62 62 62 0 62 62 62 62 62 62 62 62 62 62 62 62 62 62 62 62 62 64 62 62 62 62 62 62 62 62 62 62 62 62 65 62 62 62 62 62 62 62 62 62 62 62 52 62 64 62 62 62 62 62 62 62 62 62 62 62 62 62 62 62 62 
54 62 62 62 62 58 62 62 62 62 62 62 62 62 62 62 62 62 62 62 62 62 62 62 62 62 62 67 62 62 62 62 67 62 62 62 62 62 62 0 62 62 62 62 62 62 62 62 62 62 62 62 62 62 62 7 62 62 62 62 62 62 62 62 62 62 62 62 62 62 62 62 62 62 62 62 62 62 62 62 62 62 62 62 62 62 62 62 10 62 62 62 62 62 62 62 62 62 62 62 
75 62 62 62 62 62 62 62 62 62 62 62 62 62 62 62 62 62 62 62 62 62 62 62 62 62 62 62 62 62 62 62 62 62 62 62 62 62 62 62 0 62 62 62 62 62 62 62 62 62 62 62 62 62 62 62 62 62 62 62 62 62 62 62 62 62 62 62 62 62 62 62 62 62 62 62 62 62 62 62 62 62 62 62 62 44 62 94 62 62 62 62 62 62 62 62 62 62 62 62 
9 90 62 62 62 62 62 62 62 62 62 62 62 62 62 62 62 62 40 62 62 41 62 62 62 62 62 32 62 62 62 62 62 62 62 62 62 62 62 62 62 0 46 62 62 62 62 62 95 62 62 62 62 62 62 62 62 62 62 62 62 62 62 62 89 62 62 62 62 62 62 62 62 62 62 62 62 62 62 62 62 62 62 62 62 62 62 62 62 62 62 62 62 62 62 62 62 74 62 62 
57 62 62 62 62 62 62 62 62 62 43 62 62 62 62 62 62 62 62 62 62 62 62 62 62 62 62 62 62 62 62 62 62 62 84 62 62 62 62 62 62 46 0 62 62 62 62 16 62 62 62 62 62 62 62 62 62 88 62 62 62 13 62 62 62 62 62 62 62 62 62 62 62 62 62 62 62 62 62 62 8 62 62 62 62 62 62 62 62 62 62 62 62 62 62 62 62 62 62 62 
80 62 62 62 62 62 62 62 62 62 62 62 62 62 62 62 62 62 62 62 62 62 62 62 62 62 62 62 62 62 62 62 62 62 62 62 62 62 62 62 62 62 62 0 62 62 62 62 62 62 62 62 62 62 62 62 7 62 62 62 62 62 77 62 62 62 62 62 62 62 62 62 62 62 62 62 62 62 62 62 62 62 62 62 62 62 62 62 62 62 62 62 62 62 62 62 62 62 62 62 
44 62 62 62 62 62 62 62 62 62 62 62 62 62 62 62 62 62 62 62 62 62 62 62 12 62 62 62 62 62 62 62 62 62 62 62 62 62 62 62 62 62 62 62 0 41 62 62 62 62 62 50 62 62 62 62 62 62 62 62 62 62 62 62 62 62 62 62 62 62 62 62 62 62 62 62 62 62 62 62 62 62 62 62 62 7 62 62 62 62 62 62 62 62 62 62 62 62 62 62 
92 62 62 62 62 62 62 62 62 62 62 62 62 62 62 62 62 62 62 62 62 62 62 62 62 62 62 62 62 62 62 62 62 62 62 62 62 62 62 62 62 62 62 62 41 0 81 62 62 62 62 62 62 62 62 62 62 62 62 62 62 62 62 62 62 62 62 62 62 62 62 62 62 62 62 62 62 62 62 51 62 62 62 62 62 62 62 62 62 62 62 62 62 62 62 62 62 62 62 62 
48 62 62 47 62 17 62 62 62 62 62 62 62 62 62 62 62 62 62 63 62 62 62 62 62 62 62 62 62 62 62 62 62 62 62 62 28 62 62 62 62 62 62 62 62 81 0 62 62 62 62 62 62 62 62 62 62 62 62 62 62 62 62 62 62 62 62 62 62 62 62 62 62 62 62 62 62 62 62 62 62 62 62 62 62 62 62 62 62 62 62 62 62 64 62 62 55 8 62 62 
73 62 62 62 62 62 62 62 62 62 62 62 62 62 62 62 62 62 62 62 62 62 62 62 62 62 62 62 62 62 62 62 62 62 62 62 62 62 62 62 62 62 16 62 62 62 62 0 62 33 62 62 62 62 62 62 62 62 62 62 62 62 62 62 62 62 62 62 62 62 62 73 62 62 62 62 95 62 16 62 62 62 62 62 62 62 62 62 62 62 62 62 62 62 62 62 47 62 62 62 
57 82 62 62 62 62 62 62 62 60 62 62 62 62 62 62 62 42 62 62 47 62 10 62 62 62 62 62 62 62 62 62 62 62 62 62 90 62 62 62 62 95 62 62 62 62 62 62 0 62 62 62 62 40 62 80 62 62 62 62 62 62 62 62 62 62 62 62 62 62 40 62 62 62 62 62 62 62 62 62 62 62 46 62 62 62 62 62 62 62 62 47 62 62 62 62 62 62 62 62 
34 62 62 62 62 62 62 62 62 62 62 62 62 62 62 62 62 62 62 62 62 62 62 62 62 45 62 62 62 62 62 62 62 62 62 62 62 62 62 62 62 62 62 62 62 62 62 33 62 0 62 62 62 62 62 62 62 62 62 62 62 60 62 62 62 62 62 62 62 62 62 62 62 62 62 62 62 62 62 62 62 62 62 62 62 62 62 62 62 62 62 62 62 62 62 62 62 81 62 62 
63 62 62 1 62 62 62 62 62 62 62 62 62 62 62 79 62 62 62 62 62 62 62 62 62 62 62 62 62 62 62 62 62 62 62 62 62 62 62 62 62 62 62 62 62 62 62 62 62 62 0 62 62 62 62 62 62 62 62 62 62 62 62 62 62 62 62 62 62 62 62 62 62 62 62 62 62 62 62 62 58 62 62 62 62 62 62 62 62 91 62 62 62 62 62 62 62 62 62 62 
18 62 68 62 62 62 62 62 62 62 62 62 62 62 62 62 62 62 62 62 62 62 62 62 62 62 62 62 62 62 62 62 62 62 62 62 62 62 62 62 62 62 62 62 50 62 62 62 62 62 62 0 62 62 62 62 62 62 62 62 62 62 62 62 62 62 62 62 62 62 62 62 62 62 62 62 62 62 62 62 62 62 62 62 100 62 62 62 62 62 62 62 62 62 62 62 62 62 62 62 
35 62 62 62 62 62 62 62 62 62 62 62 62 62 62 62 62 62 62 62 62 62 62 62 62 62 62 62 62 62 62 62 62 62 62 62 62 62 62 62 62 62 62 62 62 62 62 62 62 62 62 62 0 62 62 62 62 62 62 62 62 62 62 62 62 62 62 62 62 62 62 62 62 62 62 62 58 62 62 62 62 62 62 62 62 62 62 79 62 62 62 62 62 62 63 62 62 62 62 62 
21 62 62 62 62 62 62 62 62 62 62 62 62 62 62 61 62 62 62 62 62 62 62 62 62 62 62 62 62 62 62 62 62 62 62 62 62 62 62 62 62 62 62 62 62 62 62 62 40 62 62 62 62 0 56 62 62 62 62 62 62 62 62 62 62 62 62 62 62 62 62 62 62 62 58 62 62 62 62 62 8 62 62 62 62 1 62 62 62 62 62 62 62 62 62 62 62 62 62 62 
13 62 62 42 62 62 62 62 62 23 62 41 62 62 62 62 62 62 62 62 62 62 62 62 62 62 62 62 42 62 62 62 62 62 62 62 62 62 62 62 62 62 62 62 62 62 62 62 62 62 62 62 62 56 0 62 62 62 62 62 62 62 62 62 62 62 62 62 62 62 62 62 62 62 62 62 62 62 62 62 62 62 62 62 62 62 70 81 62 62 62 62 62 62 62 62 23 62 62 62 
29 62 62 62 62 62 62 62 62 62 62 62 62 62 62 62 62 62 62 62 62 62 62 62 46 62 62 62 62 62 62 62 62 62 62 62 62 62 62 7 62 62 62 62 62 62 62 62 80 62 62 62 62 62 62 0 62 62 62 23 9 62 62 62 62 62 62 62 62 62 62 62 62 62 62 62 62 11 62 62 62 62 62 62 62 62 62 62 62 62 51 62 62 62 62 62 62 62 62 62 
93 62 2 62 62 62 62 62 62 62 62 62 62 62 62 62 62 62 62 62 62 62 41 62 62 62 62 62 62 62 62 62 62 62 21 62 62 62 64 62 62 62 62 7 62 62 62 62 62 62 62 62 62 62 62 62 0 62 62 2 62 62 62 62 62 62 62 62 62 62 62 62 62 62 62 62 62 62 14 51 62 28 62 62 62 62 62 62 62 62 62 62 62 62 62 62 62 62 62 62 
56 62 62 62 62 62 62 62 62 62 62 62 62 62 62 62 62 62 62 62 62 62 62 62 62 62 62 62 62 62 62 62 62 62 62 62 62 62 62 62 62 62 88 62 62 62 62 62 62 62 62 62 62 62 62 62 62 0 62 62 62 62 62 62 62 62 62 62 62 62 62 62 62 62 62 62 62 62 62 52 62 62 62 62 62 62 62 62 62 62 62 62 62 62 62 62 62 62 62 62 
92 62 62 62 62 62 62 62 62 62 62 62 62 62 62 62 62 62 62 62 62 62 32 62 62 62 62 62 62 62 62 62 62 62 62 62 62 62 62 62 62 62 62 62 62 62 62 62 62 62 62 62 62 62 62 62 62 62 0 62 62 62 62 62 62 62 62 62 62 62 62 62 62 62 100 62 62 62 62 62 62 62 62 62 62 62 62 62 62 62 62 62 62 62 62 62 62 62 62 62 
34 62 62 62 62 62 62 62 62 62 62 62 62 62 62 62 62 62 62 62 62 62 62 62 62 62 62 62 62 62 62 62 62 62 51 62 62 62 62 62 62 62 62 62 62 62 62 62 62 62 62 62 62 62 62 23 2 62 62 0 62 62 62 62 62 62 62 62 62 62 62 84 62 62 62 62 62 62 62 62 62 62 62 62 62 62 62 62 62 62 62 62 62 62 62 62 62 62 62 43 
13 62 62 62 62 62 55 62 62 62 62 62 62 62 62 62 62 62 62 62 62 62 62 62 62 62 62 62 62 62 62 62 62 62 62 62 62 62 62 62 62 62 62 62 62 62 62 62 62 62 62 62 62 62 62 9 62 62 62 62 0 62 62 62 62 62 62 62 62 27 62 62 62 62 62 62 39 62 62 62 62 62 62 62 62 10 62 62 62 62 62 62 62 62 62 62 62 62 62 62 
92 62 62 62 62 62 62 62 62 62 62 62 62 62 62 62 62 62 62 62 62 62 62 62 62 62 62 62 67 71 62 62 62 62 62 62 62 62 62 62 62 62 13 62 62 62 62 62 62 60 62 62 62 62 62 62 62 62 62 62 62 0 62 62 62 62 62 62 62 62 62 62 62 62 62 62 62 62 62 62 62 62 62 62 62 59 62 62 62 62 62 62 62 62 22 62 62 62 62 62 
87 62 62 62 62 62 62 62 62 62 62 35 62 62 62 62 62 62 62 62 62 81 62 62 62 62 62 62 62 62 62 62 62 62 62 62 62 62 62 62 62 62 62 77 62 62 62 62 62 62 62 62 62 62 62 62 62 62 62 62 62 62 0 62 62 62 62 62 62 62 62 62 62 62 19 62 62 62 62 62 62 62 62 62 62 62 62 62 62 62 62 62 62 62 62 62 62 63 42 62 
53 62 62 62 62 62 62 62 62 62 62 62 62 62 62 62 62 62 62 62 62 62 62 28 42 62 62 62 62 62 62 69 62 62 62 62 62 62 62 62 62 62 62 62 62 62 62 62 62 62 62 62 62 62 62 62 62 62 62 62 62 62 62 0 62 31 62 62 62 62 62 62 62 62 62 62 62 62 62 62 62 62 62 62 62 62 62 62 62 62 62 70 62 62 62 62 62 62 62 62 
96 99 62 62 62 62 62 62 62 62 62 62 62 62 62 62 62 62 62 51 62 62 62 62 62 62 62 62 62 62 53 62 62 62 62 62 62 62 62 62 62 89 62 62 62 62 62 62 62 62 62 62 62 62 62 62 62 62 62 62 62 62 62 62 0 62 62 62 62 62 62 62 62 62 62 62 62 62 62 62 62 62 62 62 62 62 62 62 62 62 62 62 62 62 62 62 62 62 62 62 
75 62 62 62 62 62 62 62 62 62 62 62 62 62 62 62 62 62 62 62 62 62 62 62 29 62 62 62 62 62 62 62 62 62 62 62 62 62 62 62 62 62 62 62 62 62 62 62 62 62 62 62 62 62 62 62 62 62 62 62 62 62 62 31 62 0 60 62 62 62 62 62 68 62 62 62 62 62 62 62 62 62 62 29 62 59 62 62 62 62 61 62 62 62 62 62 62 62 62 18 
58 62 62 62 62 62 62 62 62 62 62 86 62 62 62 62 62 62 62 62 62 62 62 62 62 62 62 62 23 62 62 62 62 62 62 62 62 62 62 62 62 62 62 62 62 62 62 62 62 62 62 62 62 62 62 62 62 62 62 62 62 62 62 62 62 60 0 62 62 62 62 62 62 62 62 62 62 62 62 62 97 62 62 62 62 62 62 62 62 62 62 62 62 62 62 62 62 62 74 62 
47 62 62 62 62 62 62 62 62 23 62 62 62 62 62 62 62 62 62 62 62 62 62 62 62 62 62 62 62 58 62 62 62 62 62 62 78 62 62 62 62 62 62 62 62 62 62 62 62 62 62 62 62 62 62 62 62 62 62 62 62 62 62 62 62 62 62 0 62 62 62 62 62 62 62 62 62 62 62 62 62 62 62 62 62 62 62 62 62 62 62 62 62 62 32 62 62 62 62 62 
77 62 62 62 40 62 62 62 62 22 62 62 62 62 62 62 62 62 62 62 62 62 62 62 62 62 90 62 40 62 62 62 62 62 62 62 62 62 62 62 62 62 62 62 62 62 62 62 62 62 62 62 62 62 62 62 62 62 62 62 62 62 62 62 62 62 62 62 0 62 62 62 62 62 62 62 62 62 62 62 68 62 62 62 62 62 62 62 62 62 62 62 62 62 62 62 62 62 62 62 
85 62 62 62 62 62 62 62 62 62 62 62 62 62 62 62 62 62 62 62 62 62 62 52 62 62 62 62 62 62 62 62 62 62 62 62 62 62 65 62 62 62 62 62 62 62 62 62 62 62 62 62 62 62 62 62 62 62 62 62 27 62 62 62 62 62 62 62 62 0 62 62 62 62 62 62 62 62 62 62 62 62 62 62 62 62 62 62 62 62 62 62 62 62 62 62 62 62 62 55 
43 62 62 62 62 62 62 40 62 62 62 62 62 62 62 62 62 62 62 62 35 62 62 62 62 62 62 62 62 62 62 62 85 62 62 62 62 62 62 62 62 62 62 62 62 62 62 62 40 62 62 62 62 62 62 62 62 62 62 62 62 62 62 62 62 62 62 62 62 62 0 62 72 62 62 62 18 62 62 62 62 62 62 62 78 62 62 21 62 62 62 62 62 62 62 62 62 62 62 62 
25 62 62 62 62 62 62 62 62 62 20 62 62 62 62 21 62 62 62 62 62 62 57 62 62 62 62 62 62 62 37 62 62 62 62 62 62 62 62 62 62 62 62 62 62 62 62 73 62 62 62 62 62 62 62 62 62 62 62 84 62 62 62 62 62 62 62 62 62 62 62 0 62 62 62 62 62 62 65 62 62 62 62 62 62 62 62 62 62 62 87 2 84 62 62 62 62 62 62 62 
16 62 62 62 62 62 62 62 62 62 62 62 62 62 62 62 30 62 62 62 62 62 62 62 62 62 62 62 62 62 62 62 62 62 62 62 62 62 62 62 62 62 62 62 62 62 62 62 62 62 62 62 62 62 62 62 62 62 62 62 62 62 62 62 62 68 62 62 62 62 72 62 0 62 62 62 62 62 62 62 62 62 62 62 62 62 62 62 62 62 85 62 62 62 62 62 62 62 62 62 
100 62 62 62 62 62 62 62 62 62 42 62 62 62 18 62 62 62 62 51 62 62 62 62 62 62 62 62 62 62 62 62 85 62 62 62 62 62 62 62 62 62 62 62 62 62 62 62 62 62 62 62 62 62 62 62 62 62 62 62 62 62 62 62 62 62 62 62 62 62 62 62 62 0 62 62 62 62 62 62 62 46 62 62 62 75 62 62 73 62 62 62 62 62 62 62 62 62 62 62 
66 77 93 62 63 62 62 62 62 62 62 62 62 62 68 62 62 62 62 62 62 68 62 62 62 62 62 62 62 62 62 62 62 62 62 62 62 4 62 62 62 62 62 62 62 62 62 62 62 62 62 62 62 58 62 62 62 62 100 62 62 62 19 62 62 62 62 62 62 62 62 62 62 62 0 62 62 62 62 62 62 62 62 62 62 62 3 62 62 62 62 62 62 62 62 62 62 62 62 62 
1 62 62 62 62 62 62 62 62 62 62 62 62 62 62 62 62 95 62 62 62 62 62 62 62 62 62 62 62 62 62 62 62 62 62 62 62 62 62 62 62 62 62 62 62 62 62 62 62 62 62 62 62 62 62 62 62 62 62 62 62 62 62 62 62 62 62 62 62 62 62 62 62 62 62 0 62 62 62 62 62 62 62 62 62 62 62 62 62 62 62 93 62 62 62 62 62 62 62 62 
74 62 62 62 62 24 62 62 62 62 62 62 62 62 62 62 62 62 62 62 62 62 62 49 62 62 62 62 62 62 62 62 62 62 62 62 62 62 62 62 62 62 62 62 62 62 62 95 62 62 62 62 58 62 62 62 62 62 62 62 39 62 62 62 62 62 62 62 62 62 18 62 62 62 62 62 0 62 62 62 62 62 62 62 62 62 62 62 62 62 62 62 62 62 62 62 62 62 58 39 
59 62 62 62 62 62 62 62 62 62 62 62 62 62 73 33 62 62 62 62 62 62 62 62 62 62 62 15 62 62 37 62 62 62 62 62 62 62 62 62 62 62 62 62 62 62 62 62 62 62 62 62 62 62 62 11 62 62 62 62 62 62 62 62 62 62 62 62 62 62 62 62 62 62 62 62 62 0 62 62 62 62 62 62 62 62 62 62 62 62 62 62 62 62 62 62 62 6 62 62 
69 62 62 62 62 62 62 62 62 62 62 62 62 62 62 47 62 18 62 62 62 62 62 62 62 62 62 62 98 62 62 62 62 62 62 75 62 62 62 62 62 62 62 62 62 62 62 16 62 62 62 62 62 62 62 62 14 62 62 62 62 62 62 62 62 62 62 62 62 62 62 65 62 62 62 62 62 62 0 62 62 62 62 49 62 62 62 62 62 62 62 62 62 62 9 62 62 62 62 62 
60 4 62 62 62 62 62 62 62 62 1 62 62 62 62 62 75 62 62 62 62 62 62 62 12 62 62 62 62 62 62 62 62 62 62 62 62 62 62 62 62 62 62 62 62 51 62 62 62 62 62 62 62 62 62 62 51 52 62 62 62 62 62 62 62 62 62 62 62 62 62 62 62 62 62 62 62 62 62 0 62 97 62 62 62 90 62 62 38 62 5 62 62 62 62 62 62 62 62 62 
86 62 62 62 62 62 62 62 62 62 62 62 62 62 62 62 62 62 62 62 62 62 62 62 62 62 62 62 62 62 62 62 62 62 62 62 62 62 62 62 62 62 8 62 62 62 62 62 62 62 58 62 62 8 62 62 62 62 62 62 62 62 62 62 62 62 97 62 68 62 62 62 62 62 62 62 62 62 62 62 0 62 62 62 62 62 62 62 62 62 62 62 62 62 62 62 62 62 62 62 
19 62 62 62 62 62 62 62 62 62 62 62 62 62 28 62 62 62 62 62 62 62 62 62 62 62 62 62 62 62 62 62 62 62 62 62 62 16 52 62 62 62 62 62 62 62 62 62 62 62 62 62 62 62 62 62 28 62 62 62 62 62 62 62 62 62 62 62 62 62 62 62 62 46 62 62 62 62 62 97 62 0 28 62 62 62 62 62 62 62 62 62 62 62 62 62 62 62 62 62 
30 62 62 62 62 62 62 62 62 62 62 62 62 62 62 62 62 62 62 60 62 62 62 62 62 62 62 62 62 59 62 62 62 62 62 62 62 62 62 62 62 62 62 62 62 62 62 62 46 62 62 62 62 62 62 62 62 62 62 62 62 62 62 62 62 62 62 62 62 62 62 62 62 62 62 62 62 62 62 62 62 28 0 62 62 62 62 62 62 87 62 62 62 62 62 62 62 62 62 62 
10 23 62 62 62 62 62 62 62 62 62 62 62 62 62 62 62 62 62 62 62 65 62 62 62 62 62 70 62 62 67 62 62 62 62 2 62 62 64 62 62 62 62 62 62 62 62 62 62 62 62 62 62 62 62 62 62 62 62 62 62 62 62 62 62 29 62 62 62 62 62 62 62 62 62 62 62 62 49 62 62 62 62 0 62 62 54 62 62 62 62 62 62 62 62 62 62 62 62 62 
8 62 62 62 62 62 62 62 62 70 62 62 62 62 62 67 62 62 62 62 62 62 62 62 62 62 62 62 62 62 62 62 62 62 62 62 62 62 62 62 62 62 62 62 62 62 62 62 62 62 62 100 62 62 62 62 62 62 62 62 62 62 62 62 62 62 62 62 62 62 78 62 62 62 62 62 62 62 62 62 62 62 62 62 0 62 62 62 62 62 62 62 62 62 62 62 62 78 62 62 
64 62 62 62 62 62 62 61 62 62 62 62 73 62 62 62 62 62 62 62 62 62 62 62 62 62 62 62 62 64 59 62 62 62 62 62 62 62 62 62 44 62 62 62 7 62 62 62 62 62 62 62 62 1 62 62 62 62 62 62 10 59 62 62 62 59 62 62 62 62 62 62 62 75 62 62 62 62 62 90 62 62 62 62 62 0 62 62 62 62 62 62 62 62 62 62 62 62 62 59 
32 62 62 62 62 62 62 62 62 62 62 62 62 62 62 62 62 62 62 57 62 62 62 62 62 62 62 62 62 62 62 62 62 62 62 62 62 62 62 62 62 62 62 62 62 62 62 62 62 62 62 62 62 62 70 62 62 62 62 62 62 62 62 62 62 62 62 62 62 62 62 62 62 62 3 62 62 62 62 62 62 62 62 54 62 62 0 62 62 62 62 62 62 62 62 62 62 62 62 62 
51 62 62 62 62 62 62 62 85 62 62 62 62 62 15 62 62 62 62 62 62 62 62 62 62 62 62 62 62 62 62 62 62 62 62 62 62 62 62 62 94 62 62 62 62 62 62 62 62 62 62 62 79 62 81 62 62 62 62 62 62 62 62 62 62 62 62 62 62 62 21 62 62 62 62 62 62 62 62 62 62 62 62 62 62 62 62 0 62 62 62 62 62 62 62 62 62 62 62 39 
52 62 62 62 30 62 62 62 62 62 62 62 62 62 62 62 62 62 83 62 62 62 62 62 62 62 62 62 62 62 97 62 7 62 62 62 62 62 62 10 62 62 62 62 62 62 62 62 62 62 62 62 62 62 62 62 62 62 62 62 62 62 62 62 62 62 62 62 62 62 62 62 62 73 62 62 62 62 62 38 62 62 62 62 62 62 62 62 0 62 62 62 62 62 62 62 32 62 62 62 
55 62 62 62 62 62 62 62 62 62 62 62 62 62 62 62 62 62 62 62 62 62 62 61 62 62 62 62 62 62 62 62 62 62 62 54 42 62 62 62 62 62 62 62 62 62 62 62 62 62 91 62 62 62 62 62 62 62 62 62 62 62 62 62 62 62 62 62 62 62 62 62 62 62 62 62 62 62 62 62 62 62 87 62 62 62 62 62 62 0 62 62 62 62 62 62 62 62 62 62 
8 62 62 62 62 62 62 62 62 95 62 62 62 62 62 62 62 62 62 62 89 62 62 62 62 62 62 62 62 62 62 62 62 62 62 62 62 62 62 62 62 62 62 62 62 62 62 62 62 62 62 62 62 62 62 51 62 62 62 62 62 62 62 62 62 61 62 62 62 62 62 87 85 62 62 62 62 62 62 5 62 62 62 62 62 62 62 62 62 62 0 62 62 62 62 62 62 61 62 53 
31 62 62 62 62 62 62 62 62 62 62 62 62 62 62 62 62 62 62 62 62 62 62 62 62 62 62 62 62 62 62 62 62 62 62 62 62 62 62 62 62 62 62 62 62 62 62 62 47 62 62 62 62 62 62 62 62 62 62 62 62 62 62 70 62 62 62 62 62 62 62 2 62 62 62 93 62 62 62 62 62 62 62 62 62 62 62 62 62 62 62 0 62 62 12 62 62 62 62 62 
48 62 62 62 62 62 62 62 62 62 62 50 62 62 62 62 62 62 62 62 62 62 62 98 62 62 62 84 62 50 26 62 62 62 62 82 62 62 62 62 62 62 62 62 62 62 62 62 62 62 62 62 62 62 62 62 62 62 62 62 62 62 62 62 62 62 62 62 62 62 62 84 62 62 62 62 62 62 62 62 62 62 62 62 62 62 62 62 62 62 62 62 0 62 62 62 62 62 82 62 
11 62 62 62 62 62 62 62 62 62 62 62 62 62 9 62 62 62 62 62 62 62 62 62 62 62 62 62 36 62 69 62 62 62 62 62 62 62 62 62 62 62 62 62 62 62 64 62 62 62 62 62 62 62 62 62 62 62 62 62 62 62 62 62 62 62 62 62 62 62 62 62 62 62 62 62 62 62 62 62 62 62 62 62 62 62 62 62 62 62 62 62 62 0 62 62 62 62 62 41 
75 62 62 62 62 62 69 62 62 62 62 62 62 62 62 62 62 62 62 62 62 62 62 62 59 62 62 62 62 62 62 62 62 62 62 62 9 62 62 62 62 62 62 62 62 62 62 62 62 62 62 62 63 62 62 62 62 62 62 62 62 22 62 62 62 62 62 32 62 62 62 62 62 62 62 62 62 62 9 62 62 62 62 62 62 62 62 62 62 62 62 12 62 62 0 62 62 62 62 62 
72 62 62 62 62 62 62 62 62 62 62 62 62 62 62 62 62 62 62 62 62 62 9 62 62 62 62 62 62 62 62 62 62 62 62 62 62 62 62 62 62 62 62 62 62 62 62 62 62 62 62 62 62 62 62 62 62 62 62 62 62 62 62 62 62 62 62 62 62 62 62 62 62 62 62 62 62 62 62 62 62 62 62 62 62 62 62 62 62 62 62 62 62 62 62 0 62 62 62 62 
39 62 62 62 62 62 62 62 62 62 62 62 62 62 62 62 62 62 62 62 62 62 62 62 62 62 62 62 62 62 62 62 62 62 62 62 62 62 62 62 62 62 62 62 62 62 55 47 62 62 62 62 62 62 23 62 62 62 62 62 62 62 62 62 62 62 62 62 62 62 62 62 62 62 62 62 62 62 62 62 62 62 62 62 62 62 62 62 32 62 62 62 62 62 62 62 0 62 62 62 
64 62 62 62 62 62 62 62 62 62 62 62 62 62 62 62 62 62 62 62 62 65 62 83 62 62 62 62 62 62 62 62 98 62 62 62 62 62 62 62 62 74 62 62 62 62 8 62 62 81 62 62 62 62 62 62 62 62 62 62 62 62 63 62 62 62 62 62 62 62 62 62 62 62 62 62 62 6 62 62 62 62 62 62 78 62 62 62 62 62 61 62 62 62 62 62 62 0 62 62 
98 62 62 62 35 62 62 62 62 62 62 62 62 62 62 62 62 62 62 62 62 62 62 62 62 37 62 62 62 62 62 62 62 62 62 62 62 62 62 62 62 62 62 62 62 62 62 62 62 62 62 62 62 62 62 62 62 62 62 62 62 62 42 62 62 62 74 62 62 62 62 62 62 62 62 62 58 62 62 62 62 62 62 62 62 62 62 62 62 62 62 62 82 62 62 62 62 62 0 62 
78 62 84 62 62 32 71 62 62 62 62 62 62 62 62 62 62 62 62 62 62 62 53 62 90 62 62 62 62 45 62 62 62 62 62 62 62 62 62 62 62 62 62 62 62 62 62 62 62 62 62 62 62 62 62 62 62 62 62 43 62 62 62 62 62 18 62 62 62 55 62 62 62 62 62 62 39 62 62 62 62 62 62 62 62 59 62 39 62 62 53 62 62 41 62 62 62 62 62 0 
