1 11 2 7 8 4 3 5 9 6 10 
1 11 2 8 4 3 5 7 9 6 10 
1 11 2 8 4 3 5 9 7 6 10 
1 11 2 8 4 3 9 7 6 5 10 
1 11 2 8 7 6 9 3 4 5 10 
1 11 2 8 7 9 5 3 4 6 10 
1 11 2 8 7 9 6 4 3 5 10 
1 11 2 9 5 3 4 8 7 6 10 
1 11 2 9 7 8 4 3 5 6 10 
1 11 4 3 5 2 8 7 9 6 10 
1 11 4 3 5 6 9 7 8 2 10 
1 11 4 3 5 9 2 8 7 6 10 
1 11 4 3 5 9 6 7 8 2 10 
1 11 4 3 5 9 7 8 2 6 10 
1 11 4 3 6 5 9 7 8 2 10 
1 11 4 3 6 9 7 8 2 5 10 
1 11 4 3 9 5 2 8 7 6 10 
1 11 4 3 9 5 6 7 8 2 10 
1 11 4 3 9 6 5 7 8 2 10 
1 11 4 3 9 6 7 8 2 5 10 
1 11 4 3 9 7 8 2 5 6 10 
1 11 4 5 3 6 9 7 8 2 10 
1 11 4 5 3 9 6 7 8 2 10 
1 11 4 6 3 5 9 7 8 2 10 
1 11 4 6 5 3 9 7 8 2 10 
1 11 4 6 9 7 8 2 5 3 10 
1 11 4 8 2 5 3 9 7 6 10 
1 11 4 8 2 6 7 9 3 5 10 
1 11 4 8 2 7 6 9 3 5 10 
1 11 4 8 7 6 3 5 9 2 10 
1 11 4 8 7 9 2 5 3 6 10 
1 11 4 8 7 9 5 3 6 2 10 
1 11 5 2 8 4 3 9 7 6 10 
1 11 5 2 8 7 9 3 4 6 10 
1 11 5 2 8 7 9 6 4 3 10 
1 11 5 2 9 7 8 4 3 6 10 
1 11 5 3 4 6 9 7 8 2 10 
1 11 5 3 4 8 2 7 9 6 10 
1 11 5 3 4 8 2 9 7 6 10 
1 11 5 3 4 8 7 2 9 6 10 
1 11 5 3 4 8 7 9 2 6 10 
1 11 5 3 6 4 8 7 9 2 10 
1 11 5 3 9 7 6 4 8 2 10 
1 11 5 4 3 6 9 7 8 2 10 
1 11 5 4 3 9 6 7 8 2 10 
1 11 5 6 3 4 8 7 9 2 10 
1 11 5 6 4 3 9 7 8 2 10 
1 11 5 6 7 9 3 4 8 2 10 
1 11 5 7 6 9 3 4 8 2 10 
1 11 5 7 9 6 3 4 8 2 10 
1 11 5 9 3 4 6 7 8 2 10 
1 11 5 9 6 3 4 8 7 2 10 
1 11 5 9 7 6 3 4 8 2 10 
1 11 5 9 7 8 4 3 6 2 10 
1 11 6 2 5 3 4 8 7 9 10 
1 11 6 2 5 3 9 7 8 4 10 
1 11 6 2 5 4 8 7 9 3 10 
1 11 6 2 5 7 8 4 3 9 10 
1 11 6 2 5 9 3 4 8 7 10 
1 11 6 2 5 9 7 8 4 3 10 
1 11 6 2 7 8 4 3 5 9 10 
1 11 6 2 7 8 4 3 9 5 10 
1 11 6 2 7 8 4 5 3 9 10 
1 11 6 2 7 8 4 5 9 3 10 
1 11 6 2 8 4 3 5 7 9 10 
1 11 6 2 8 4 3 5 9 7 10 
1 11 6 2 8 4 3 9 5 7 10 
1 11 6 2 8 4 3 9 7 5 10 
1 11 6 2 8 4 5 3 9 7 10 
1 11 6 2 8 4 5 7 9 3 10 
1 11 6 2 8 7 5 4 3 9 10 
1 11 6 2 8 7 5 9 3 4 10 
1 11 6 2 8 7 9 3 4 5 10 
1 11 6 2 8 7 9 3 5 4 10 
1 11 6 2 8 7 9 5 3 4 10 
1 11 6 2 8 7 9 5 4 3 10 
1 11 6 2 9 3 4 8 7 5 10 
1 11 6 2 9 3 5 4 8 7 10 
1 11 6 2 9 3 5 7 8 4 10 
1 11 6 2 9 5 3 4 8 7 10 
1 11 6 2 9 5 7 8 4 3 10 
1 11 6 2 9 7 8 4 3 5 10 
1 11 6 2 9 7 8 4 5 3 10 
1 11 6 3 4 5 2 8 7 9 10 
1 11 6 3 4 5 7 8 2 9 10 
1 11 6 3 4 5 9 2 8 7 10 
1 11 6 3 4 5 9 7 8 2 10 
1 11 6 3 4 8 2 5 7 9 10 
1 11 6 3 4 8 2 5 9 7 10 
1 11 6 3 4 8 2 7 5 9 10 
1 11 6 3 4 8 2 7 9 5 10 
1 11 6 3 4 8 2 9 5 7 10 
1 11 6 3 4 8 2 9 7 5 10 
1 11 6 3 4 8 7 2 5 9 10 
1 11 6 3 4 8 7 2 9 5 10 
1 11 6 3 4 8 7 5 2 9 10 
1 11 6 3 4 8 7 5 9 2 10 
1 11 6 3 4 8 7 9 2 5 10 
1 11 6 3 4 8 7 9 5 2 10 
1 11 6 3 5 2 9 7 8 4 10 
1 11 6 3 5 4 8 2 7 9 10 
1 11 6 3 5 4 8 2 9 7 10 
1 11 6 3 5 4 8 7 2 9 10 
1 11 6 3 5 4 8 7 9 2 10 
1 11 6 3 5 7 9 2 8 4 10 
1 11 6 3 5 9 2 7 8 4 10 
1 11 6 3 5 9 7 2 8 4 10 
1 11 6 3 9 2 5 4 8 7 10 
1 11 6 3 9 2 5 7 8 4 10 
1 11 6 3 9 2 7 8 4 5 10 
1 11 6 3 9 2 8 4 5 7 10 
1 11 6 3 9 2 8 7 5 4 10 
1 11 6 3 9 5 2 7 8 4 10 
1 11 6 3 9 5 4 8 2 7 10 
1 11 6 3 9 5 4 8 7 2 10 
1 11 6 3 9 5 7 2 8 4 10 
1 11 6 3 9 7 2 8 4 5 10 
1 11 6 3 9 7 5 2 8 4 10 
1 11 6 3 9 7 5 4 8 2 10 
1 11 6 3 9 7 8 2 5 4 10 
1 11 6 3 9 7 8 4 5 2 10 
1 11 6 4 3 5 2 8 7 9 10 
1 11 6 4 3 5 7 8 2 9 10 
1 11 6 4 3 5 9 2 8 7 10 
1 11 6 4 3 5 9 7 8 2 10 
1 11 6 4 3 9 2 8 7 5 10 
1 11 6 4 3 9 5 2 8 7 10 
1 11 6 4 3 9 5 7 8 2 10 
1 11 6 4 3 9 7 8 2 5 10 
1 11 6 4 5 2 8 7 9 3 10 
1 11 6 4 5 3 9 2 8 7 10 
1 11 6 4 5 3 9 7 8 2 10 
1 11 6 4 5 7 8 2 9 3 10 
1 11 6 4 8 2 5 3 9 7 10 
1 11 6 4 8 2 5 7 9 3 10 
1 11 6 4 8 2 7 5 3 9 10 
1 11 6 4 8 2 7 5 9 3 10 
1 11 6 4 8 2 7 9 3 5 10 
1 11 6 4 8 2 7 9 5 3 10 
1 11 6 4 8 2 9 3 5 7 10 
1 11 6 4 8 2 9 7 5 3 10 
1 11 6 4 8 7 2 5 3 9 10 
1 11 6 4 8 7 2 5 9 3 10 
1 11 6 4 8 7 2 9 3 5 10 
1 11 6 4 8 7 2 9 5 3 10 
1 11 6 4 8 7 5 2 9 3 10 
1 11 6 4 8 7 5 3 9 2 10 
1 11 6 4 8 7 9 2 5 3 10 
1 11 6 4 8 7 9 3 5 2 10 
1 11 6 5 2 7 8 4 3 9 10 
1 11 6 5 2 8 4 3 9 7 10 
1 11 6 5 2 8 7 9 3 4 10 
1 11 6 5 2 9 3 4 8 7 10 
1 11 6 5 2 9 7 8 4 3 10 
1 11 6 5 3 4 8 2 7 9 10 
1 11 6 5 3 4 8 2 9 7 10 
1 11 6 5 3 4 8 7 2 9 10 
1 11 6 5 3 4 8 7 9 2 10 
1 11 6 5 3 9 2 7 8 4 10 
1 11 6 5 3 9 7 2 8 4 10 
1 11 6 5 4 3 9 2 8 7 10 
1 11 6 5 4 3 9 7 8 2 10 
1 11 6 5 4 8 2 7 9 3 10 
1 11 6 5 4 8 7 2 9 3 10 
1 11 6 5 7 2 8 4 3 9 10 
1 11 6 5 7 8 2 9 3 4 10 
1 11 6 5 7 8 4 3 9 2 10 
1 11 6 5 7 9 2 8 4 3 10 
1 11 6 5 7 9 3 4 8 2 10 
1 11 6 5 9 2 7 8 4 3 10 
1 11 6 5 9 3 4 8 2 7 10 
1 11 6 5 9 3 4 8 7 2 10 
1 11 6 5 9 7 2 8 4 3 10 
1 11 6 7 2 8 4 3 5 9 10 
1 11 6 7 2 8 4 3 9 5 10 
1 11 6 7 2 8 4 5 3 9 10 
1 11 6 7 2 8 4 5 9 3 10 
1 11 6 7 5 2 8 4 3 9 10 
1 11 6 7 5 3 4 8 2 9 10 
1 11 6 7 5 3 9 2 8 4 10 
1 11 6 7 5 4 8 2 9 3 10 
1 11 6 7 5 9 2 8 4 3 10 
1 11 6 7 5 9 3 4 8 2 10 
1 11 6 7 8 2 5 4 3 9 10 
1 11 6 7 8 2 5 9 3 4 10 
1 11 6 7 8 2 9 3 4 5 10 
1 11 6 7 8 2 9 3 5 4 10 
1 11 6 7 8 2 9 5 3 4 10 
1 11 6 7 8 2 9 5 4 3 10 
1 11 6 7 8 4 3 5 2 9 10 
1 11 6 7 8 4 3 5 9 2 10 
1 11 6 7 8 4 3 9 2 5 10 
1 11 6 7 8 4 3 9 5 2 10 
1 11 6 7 8 4 5 2 9 3 10 
1 11 6 7 8 4 5 3 9 2 10 
1 11 6 7 9 2 8 4 3 5 10 
1 11 6 7 9 2 8 4 5 3 10 
1 11 6 7 9 3 4 8 2 5 10 
1 11 6 7 9 3 5 2 8 4 10 
1 11 6 7 9 3 5 4 8 2 10 
1 11 6 7 9 5 2 8 4 3 10 
1 11 6 7 9 5 3 4 8 2 10 
1 11 6 9 2 5 3 4 8 7 10 
1 11 6 9 2 5 7 8 4 3 10 
1 11 6 9 2 7 8 4 3 5 10 
1 11 6 9 2 7 8 4 5 3 10 
1 11 6 9 2 8 4 3 5 7 10 
1 11 6 9 2 8 7 5 3 4 10 
1 11 6 9 2 8 7 5 4 3 10 
1 11 6 9 3 4 5 2 8 7 10 
1 11 6 9 3 4 5 7 8 2 10 
1 11 6 9 3 4 8 2 5 7 10 
1 11 6 9 3 4 8 2 7 5 10 
1 11 6 9 3 4 8 7 2 5 10 
1 11 6 9 3 4 8 7 5 2 10 
1 11 6 9 3 5 2 7 8 4 10 
1 11 6 9 3 5 4 8 2 7 10 
1 11 6 9 3 5 4 8 7 2 10 
1 11 6 9 3 5 7 2 8 4 10 
1 11 6 9 5 2 7 8 4 3 10 
1 11 6 9 5 3 4 8 2 7 10 
1 11 6 9 5 3 4 8 7 2 10 
1 11 6 9 5 7 2 8 4 3 10 
1 11 6 9 7 2 8 4 3 5 10 
1 11 6 9 7 2 8 4 5 3 10 
1 11 6 9 7 5 2 8 4 3 10 
1 11 6 9 7 5 3 4 8 2 10 
1 11 6 9 7 8 2 5 3 4 10 
1 11 6 9 7 8 2 5 4 3 10 
1 11 6 9 7 8 4 3 5 2 10 
1 11 7 6 5 9 3 4 8 2 10 
1 11 7 6 9 2 8 4 3 5 10 
1 11 7 6 9 3 5 4 8 2 10 
1 11 7 6 9 5 2 8 4 3 10 
1 11 7 6 9 5 3 4 8 2 10 
1 11 7 8 2 5 3 4 6 9 10 
1 11 7 8 2 5 4 3 9 6 10 
1 11 7 9 3 4 8 2 5 6 10 
1 11 7 9 6 2 8 4 3 5 10 
1 11 7 9 6 3 4 8 2 5 10 
1 11 7 9 6 3 5 4 8 2 10 
1 11 7 9 6 4 8 2 5 3 10 
1 11 7 9 6 5 2 8 4 3 10 
1 11 7 9 6 5 3 4 8 2 10 
1 11 9 3 4 5 2 8 7 6 10 
1 11 9 3 4 5 6 7 8 2 10 
1 11 9 3 4 6 7 8 2 5 10 
1 11 9 5 3 4 6 7 8 2 10 
1 11 9 6 4 3 5 7 8 2 10 
1 11 9 6 7 2 8 4 3 5 10 
1 11 9 6 7 8 2 5 4 3 10 
1 11 9 7 6 2 8 4 3 5 10 
1 11 9 7 6 3 4 8 2 5 10 
1 11 9 7 6 3 5 4 8 2 10 
1 11 9 7 6 4 8 2 5 3 10 
1 11 9 7 6 5 2 8 4 3 10 
1 11 9 7 6 5 3 4 8 2 10 
1 11 9 7 8 2 5 3 4 6 10 
0
2209 1303 
2235 1277 
2419 1093 
2233 1279 
2233 1279 
2471 1041 
2415 1097 
2209 1303 
2209 1303 
2551 961 
2553 959 
2455 1057 
2553 959 
2455 1057 
2451 1061 
2393 1119 
2421 1091 
2423 1089 
2239 1273 
2365 1147 
2421 1091 
2421 1091 
2393 1119 
2473 1039 
2445 1067 
2423 1089 
2391 1121 
2239 1273 
2239 1273 
2211 1301 
2209 1303 
2211 1301 
2391 1121 
2443 1069 
2423 1089 
2209 1303 
2575 937 
2425 1087 
2425 1087 
2215 1297 
2215 1297 
2233 1279 
2415 1097 
2421 1091 
2393 1119 
2211 1301 
2445 1067 
2393 1119 
2209 1303 
2237 1275 
2445 1067 
2211 1301 
2421 1091 
2211 1301 
1837 1617 
1569 1885 
1727 1727 
1523 1931 
1603 1851 
1887 1567 
1741 1713 
1755 1699 
1581 1873 
1631 1823 
1767 1687 
1847 1607 
1533 1921 
1781 1673 
1687 1767 
1657 1797 
1637 1817 
1529 1925 
1965 1489 
1683 1771 
1843 1611 
2001 1453 
1571 1883 
1477 1977 
1289 2165 
1637 1817 
1607 1847 
1885 1569 
1761 1693 
1945 1509 
1665 1789 
1745 1709 
2147 1307 
1761 1693 
1841 1613 
1665 1789 
1993 1461 
1561 1893 
1809 1645 
1735 1719 
1783 1671 
1551 1903 
1753 1701 
1879 1575 
2033 1421 
1597 1857 
1819 1635 
1715 1739 
1609 1845 
1907 1547 
1527 1927 
1501 1953 
1711 1743 
1471 1983 
1283 2171 
1623 1831 
1401 2053 
1397 2057 
1467 1987 
1585 1869 
1777 1677 
1397 2057 
1833 1621 
1493 1961 
1803 1651 
1677 1777 
1873 1581 
2099 1355 
1819 1635 
1899 1555 
2301 1153 
1833 1621 
1865 1589 
1987 1467 
2113 1341 
1989 1465 
1739 1715 
2141 1313 
1709 1745 
1835 1619 
1805 1649 
1659 1795 
1709 1745 
1987 1467 
2023 1431 
1555 1899 
1839 1615 
1729 1725 
1779 1675 
1777 1677 
1813 1641 
1595 1859 
1747 1707 
1909 1545 
2027 1427 
1707 1747 
1813 1641 
1809 1645 
1603 1851 
1887 1567 
1951 1503 
1847 1607 
1741 1713 
2039 1415 
1473 1981 
1683 1771 
1717 1737 
2119 1335 
1841 1613 
1631 1823 
1637 1817 
1529 1925 
1725 1729 
1817 1637 
1935 1519 
1791 1663 
1717 1737 
1909 1545 
2001 1453 
1951 1503 
1965 1489 
1791 1663 
1841 1613 
1733 1721 
1767 1687 
1499 1955 
1657 1797 
1817 1637 
1935 1519 
1917 1537 
1809 1645 
1965 1489 
1683 1771 
1843 1611 
2001 1453 
1837 1617 
2039 1415 
1851 1603 
2005 1449 
1727 1727 
1879 1575 
2095 1359 
1971 1483 
2061 1393 
1779 1675 
2089 1365 
2097 1357 
2249 1205 
1733 1721 
1703 1751 
1885 1569 
1761 1693 
1663 1791 
1659 1795 
1817 1637 
1813 1641 
1935 1519 
1629 1825 
1781 1673 
1851 1603 
1821 1633 
1569 1885 
1687 1767 
1879 1575 
1499 1955 
1887 1567 
1847 1607 
2039 1415 
1817 1637 
2095 1359 
1971 1483 
1913 1541 
2065 1389 
1939 1515 
2097 1357 
2135 1319 
2247 1263 
2223 1287 
2217 1293 
2225 1285 
2377 1133 
2227 1283 
2245 1265 
2245 1265 
2223 1287 
2217 1293 
2245 1265 
2247 1263 
2225 1285 
2377 1133 
2245 1265 
2247 1263 
2241 1269 
2429 1081 
2245 1265 
2223 1287 
2225 1285 
2223 1287 
2217 1293 
2245 1265 
2247 1263 
2225 1285 
2377 1133 
2427 1083 
