1 8 6 2 3 4 7 9 10 11 5 
1 8 6 2 3 4 7 11 10 9 5 
1 8 6 2 3 4 9 7 10 11 5 
1 8 6 2 3 4 9 7 11 10 5 
1 8 6 2 3 4 9 10 7 11 5 
1 8 6 2 3 4 9 10 11 7 5 
1 8 6 2 3 4 10 9 7 11 5 
1 8 6 2 3 4 10 11 7 9 5 
1 8 6 2 3 7 4 9 10 11 5 
1 8 6 2 3 7 9 4 10 11 5 
1 8 6 2 3 7 11 10 4 9 5 
1 8 6 2 3 7 11 10 9 4 5 
1 8 6 2 3 9 4 7 10 11 5 
1 8 6 2 3 9 4 7 11 10 5 
1 8 6 2 3 9 4 10 7 11 5 
1 8 6 2 3 9 4 10 11 7 5 
1 8 6 2 3 9 7 4 10 11 5 
1 8 6 2 3 9 7 11 10 4 5 
1 8 6 2 3 9 10 4 7 11 5 
1 8 6 2 3 9 10 11 7 4 5 
1 8 6 2 3 10 4 9 7 11 5 
1 8 6 2 3 10 9 4 7 11 5 
1 8 6 2 3 10 11 7 4 9 5 
1 8 6 2 3 10 11 7 9 4 5 
1 8 6 2 3 11 7 4 9 10 5 
1 8 6 2 3 11 7 4 10 9 5 
1 8 6 2 3 11 7 9 4 10 5 
1 8 6 2 3 11 7 9 10 4 5 
1 8 6 2 3 11 7 10 4 9 5 
1 8 6 2 3 11 7 10 9 4 5 
1 8 6 2 3 11 10 4 7 9 5 
1 8 6 2 3 11 10 4 9 7 5 
1 8 6 2 3 11 10 7 4 9 5 
1 8 6 2 3 11 10 7 9 4 5 
1 8 6 2 3 11 10 9 4 7 5 
1 8 6 2 3 11 10 9 7 4 5 
1 8 6 2 4 3 7 9 10 11 5 
1 8 6 2 4 3 7 11 10 9 5 
1 8 6 2 4 3 9 7 10 11 5 
1 8 6 2 4 3 9 7 11 10 5 
1 8 6 2 4 3 9 10 7 11 5 
1 8 6 2 4 3 9 10 11 7 5 
1 8 6 2 4 3 10 9 7 11 5 
1 8 6 2 4 3 10 11 7 9 5 
1 8 6 2 4 3 11 7 9 10 5 
1 8 6 2 4 3 11 7 10 9 5 
1 8 6 2 4 3 11 10 7 9 5 
1 8 6 2 4 3 11 10 9 7 5 
1 8 6 2 4 7 3 9 10 11 5 
1 8 6 2 4 7 3 11 10 9 5 
1 8 6 2 4 7 9 3 10 11 5 
1 8 6 2 4 7 9 3 11 10 5 
1 8 6 2 4 7 9 10 3 11 5 
1 8 6 2 4 7 10 9 3 11 5 
1 8 6 2 4 7 10 11 3 9 5 
1 8 6 2 4 7 11 3 9 10 5 
1 8 6 2 4 7 11 3 10 9 5 
1 8 6 2 4 7 11 10 3 9 5 
1 8 6 2 4 9 3 7 10 11 5 
1 8 6 2 4 9 3 7 11 10 5 
1 8 6 2 4 9 3 10 7 11 5 
1 8 6 2 4 9 3 10 11 7 5 
1 8 6 2 4 9 3 11 7 10 5 
1 8 6 2 4 9 3 11 10 7 5 
1 8 6 2 4 9 7 3 10 11 5 
1 8 6 2 4 9 7 3 11 10 5 
1 8 6 2 4 9 7 10 3 11 5 
1 8 6 2 4 9 7 11 3 10 5 
1 8 6 2 4 9 10 3 7 11 5 
1 8 6 2 4 9 10 3 11 7 5 
1 8 6 2 4 9 10 7 3 11 5 
1 8 6 2 4 9 10 11 3 7 5 
1 8 6 2 4 10 3 9 7 11 5 
1 8 6 2 4 10 3 11 7 9 5 
1 8 6 2 4 10 7 9 3 11 5 
1 8 6 2 4 10 7 11 3 9 5 
1 8 6 2 4 10 9 3 7 11 5 
1 8 6 2 4 10 9 3 11 7 5 
1 8 6 2 4 10 9 7 3 11 5 
1 8 6 2 4 10 11 3 7 9 5 
1 8 6 2 4 10 11 3 9 7 5 
1 8 6 2 4 10 11 7 3 9 5 
1 8 6 2 4 11 7 3 10 9 5 
1 8 6 2 10 3 4 9 7 11 5 
1 8 6 2 10 3 9 4 7 11 5 
1 8 6 2 10 3 11 7 4 9 5 
1 8 6 2 10 3 11 7 9 4 5 
1 8 6 2 10 4 3 9 7 11 5 
1 8 6 2 10 4 3 11 7 9 5 
1 8 6 2 10 4 7 9 3 11 5 
1 8 6 2 10 4 7 11 3 9 5 
1 8 6 2 10 4 9 3 7 11 5 
1 8 6 2 10 4 9 3 11 7 5 
1 8 6 2 10 4 9 7 3 11 5 
1 8 6 2 10 7 4 9 3 11 5 
1 8 6 2 10 7 9 4 3 11 5 
1 8 6 2 10 7 11 3 4 9 5 
1 8 6 2 10 7 11 3 9 4 5 
1 8 6 2 10 9 3 4 7 11 5 
1 8 6 2 10 9 3 11 7 4 5 
1 8 6 2 10 9 4 3 7 11 5 
1 8 6 2 10 9 4 3 11 7 5 
1 8 6 2 10 9 4 7 3 11 5 
1 8 6 2 10 9 7 4 3 11 5 
1 8 6 2 10 9 7 11 3 4 5 
1 8 6 2 10 11 3 4 7 9 5 
1 8 6 2 10 11 3 4 9 7 5 
1 8 6 2 10 11 3 7 4 9 5 
1 8 6 2 10 11 3 7 9 4 5 
1 8 6 2 10 11 3 9 4 7 5 
1 8 6 2 10 11 3 9 7 4 5 
1 8 6 2 10 11 7 3 4 9 5 
1 8 6 2 10 11 7 3 9 4 5 
1 8 6 2 10 11 7 4 3 9 5 
1 8 6 2 10 11 7 9 3 4 5 
1 8 6 2 11 3 4 7 9 10 5 
1 8 6 2 11 3 4 7 10 9 5 
1 8 6 2 11 3 4 9 7 10 5 
1 8 6 2 11 3 4 9 10 7 5 
1 8 6 2 11 3 4 10 7 9 5 
1 8 6 2 11 3 4 10 9 7 5 
1 8 6 2 11 3 7 4 9 10 5 
1 8 6 2 11 3 7 4 10 9 5 
1 8 6 2 11 3 7 9 4 10 5 
1 8 6 2 11 3 7 9 10 4 5 
1 8 6 2 11 3 7 10 4 9 5 
1 8 6 2 11 3 7 10 9 4 5 
1 8 6 2 11 3 9 4 7 10 5 
1 8 6 2 11 3 9 4 10 7 5 
1 8 6 2 11 3 9 7 4 10 5 
1 8 6 2 11 3 9 7 10 4 5 
1 8 6 2 11 3 9 10 4 7 5 
1 8 6 2 11 3 9 10 7 4 5 
1 8 6 2 11 3 10 4 7 9 5 
1 8 6 2 11 3 10 4 9 7 5 
1 8 6 2 11 3 10 7 4 9 5 
1 8 6 2 11 3 10 7 9 4 5 
1 8 6 2 11 3 10 9 4 7 5 
1 8 6 2 11 3 10 9 7 4 5 
1 8 6 2 11 7 3 4 9 10 5 
1 8 6 2 11 7 3 4 10 9 5 
1 8 6 2 11 7 3 9 4 10 5 
1 8 6 2 11 7 3 9 10 4 5 
1 8 6 2 11 7 3 10 4 9 5 
1 8 6 2 11 7 3 10 9 4 5 
1 8 6 2 11 7 4 3 9 10 5 
1 8 6 2 11 7 4 3 10 9 5 
1 8 6 2 11 7 4 9 3 10 5 
1 8 6 2 11 7 4 10 3 9 5 
1 8 6 2 11 7 9 3 4 10 5 
1 8 6 2 11 7 9 3 10 4 5 
1 8 6 2 11 7 9 4 3 10 5 
1 8 6 2 11 7 9 10 3 4 5 
1 8 6 2 11 7 10 3 4 9 5 
1 8 6 2 11 7 10 3 9 4 5 
1 8 6 2 11 7 10 4 3 9 5 
1 8 6 2 11 7 10 9 3 4 5 
1 8 6 2 11 10 3 4 7 9 5 
1 8 6 2 11 10 3 4 9 7 5 
1 8 6 2 11 10 3 7 4 9 5 
1 8 6 2 11 10 3 7 9 4 5 
1 8 6 2 11 10 3 9 4 7 5 
1 8 6 2 11 10 3 9 7 4 5 
1 8 6 2 11 10 4 3 7 9 5 
1 8 6 2 11 10 4 3 9 7 5 
1 8 6 2 11 10 4 7 3 9 5 
1 8 6 2 11 10 4 9 3 7 5 
1 8 6 2 11 10 7 3 4 9 5 
1 8 6 2 11 10 7 3 9 4 5 
1 8 6 2 11 10 7 4 3 9 5 
1 8 6 2 11 10 7 9 3 4 5 
1 8 6 2 11 10 9 3 4 7 5 
1 8 6 2 11 10 9 3 7 4 5 
1 8 6 2 11 10 9 4 3 7 5 
1 8 6 2 11 10 9 7 3 4 5 
1 8 6 4 2 3 7 9 10 11 5 
1 8 6 4 2 3 7 11 10 9 5 
1 8 6 4 2 3 9 7 10 11 5 
1 8 6 4 2 3 9 7 11 10 5 
1 8 6 4 2 3 9 10 7 11 5 
1 8 6 4 2 3 9 10 11 7 5 
1 8 6 4 2 3 10 9 7 11 5 
1 8 6 4 2 3 10 11 7 9 5 
1 8 6 4 2 3 11 7 9 10 5 
1 8 6 4 2 3 11 7 10 9 5 
1 8 6 4 2 3 11 10 7 9 5 
1 8 6 4 2 3 11 10 9 7 5 
1 8 6 4 2 10 3 9 7 11 5 
1 8 6 4 2 10 3 11 7 9 5 
1 8 6 4 2 10 7 9 3 11 5 
1 8 6 4 2 10 7 11 3 9 5 
1 8 6 4 2 10 9 3 7 11 5 
1 8 6 4 2 10 9 3 11 7 5 
1 8 6 4 2 10 9 7 3 11 5 
1 8 6 4 2 10 11 3 7 9 5 
1 8 6 4 2 10 11 3 9 7 5 
1 8 6 4 2 10 11 7 3 9 5 
1 8 6 4 2 11 3 7 9 10 5 
1 8 6 4 2 11 3 7 10 9 5 
1 8 6 4 2 11 3 9 7 10 5 
1 8 6 4 2 11 3 9 10 7 5 
1 8 6 4 2 11 3 10 7 9 5 
1 8 6 4 2 11 3 10 9 7 5 
1 8 6 4 2 11 7 3 9 10 5 
1 8 6 4 2 11 7 3 10 9 5 
1 8 6 4 2 11 7 9 3 10 5 
1 8 6 4 2 11 7 10 3 9 5 
1 8 6 4 2 11 10 3 7 9 5 
1 8 6 4 2 11 10 3 9 7 5 
1 8 6 4 2 11 10 7 3 9 5 
1 8 6 4 2 11 10 9 3 7 5 
1 8 6 4 3 2 10 9 7 11 5 
1 8 6 4 3 2 10 11 7 9 5 
1 8 6 4 3 2 11 7 9 10 5 
1 8 6 4 3 2 11 7 10 9 5 
1 8 6 4 3 2 11 10 7 9 5 
1 8 6 4 3 2 11 10 9 7 5 
1 8 6 4 3 7 9 10 2 11 5 
1 8 6 4 3 7 9 10 11 2 5 
1 8 6 4 3 7 11 2 10 9 5 
1 8 6 4 3 9 7 10 2 11 5 
1 8 6 4 3 9 7 10 11 2 5 
1 8 6 4 3 9 7 11 2 10 5 
1 8 6 4 3 9 7 11 10 2 5 
1 8 6 4 3 9 10 2 11 7 5 
1 8 6 4 3 9 10 7 11 2 5 
1 8 6 4 3 10 2 11 7 9 5 
1 8 6 4 3 10 9 7 11 2 5 
1 8 6 4 3 11 2 10 7 9 5 
1 8 6 4 3 11 2 10 9 7 5 
1 8 6 4 3 11 7 9 10 2 5 
1 8 6 4 7 3 2 11 10 9 5 
1 8 6 4 7 3 9 10 2 11 5 
1 8 6 4 7 3 9 10 11 2 5 
1 8 6 4 7 3 11 2 10 9 5 
1 8 6 4 7 9 3 2 10 11 5 
1 8 6 4 7 9 3 2 11 10 5 
1 8 6 4 7 9 3 10 2 11 5 
1 8 6 4 7 9 3 10 11 2 5 
1 8 6 4 7 9 3 11 2 10 5 
1 8 6 4 7 9 3 11 10 2 5 
1 8 6 4 7 9 10 2 3 11 5 
1 8 6 4 7 9 10 3 2 11 5 
1 8 6 4 7 9 10 3 11 2 5 
1 8 6 4 7 9 10 11 3 2 5 
1 8 6 4 7 10 2 11 3 9 5 
1 8 6 4 7 10 9 3 2 11 5 
1 8 6 4 7 10 9 3 11 2 5 
1 8 6 4 7 10 11 2 3 9 5 
1 8 6 4 7 11 2 3 9 10 5 
1 8 6 4 7 11 2 3 10 9 5 
1 8 6 4 7 11 2 10 3 9 5 
1 8 6 4 7 11 3 2 10 9 5 
1 8 6 4 7 11 3 9 10 2 5 
1 8 6 4 7 11 10 2 3 9 5 
1 8 6 4 7 11 10 9 3 2 5 
1 8 6 4 9 3 2 10 7 11 5 
1 8 6 4 9 3 2 10 11 7 5 
1 8 6 4 9 3 2 11 7 10 5 
1 8 6 4 9 3 2 11 10 7 5 
1 8 6 4 9 3 7 10 2 11 5 
1 8 6 4 9 3 7 10 11 2 5 
1 8 6 4 9 3 7 11 2 10 5 
1 8 6 4 9 3 7 11 10 2 5 
1 8 6 4 9 3 10 2 11 7 5 
1 8 6 4 9 3 10 7 11 2 5 
1 8 6 4 9 3 11 2 10 7 5 
1 8 6 4 9 3 11 7 10 2 5 
1 8 6 4 9 7 3 2 10 11 5 
1 8 6 4 9 7 3 2 11 10 5 
1 8 6 4 9 7 3 10 2 11 5 
1 8 6 4 9 7 3 10 11 2 5 
1 8 6 4 9 7 3 11 2 10 5 
1 8 6 4 9 7 3 11 10 2 5 
1 8 6 4 9 7 10 2 3 11 5 
1 8 6 4 9 7 10 3 2 11 5 
1 8 6 4 9 7 10 3 11 2 5 
1 8 6 4 9 7 10 11 3 2 5 
1 8 6 4 9 7 11 2 3 10 5 
1 8 6 4 9 7 11 3 2 10 5 
1 8 6 4 9 7 11 3 10 2 5 
1 8 6 4 9 7 11 10 3 2 5 
1 8 6 4 9 10 2 3 7 11 5 
1 8 6 4 9 10 2 3 11 7 5 
1 8 6 4 9 10 2 11 3 7 5 
1 8 6 4 9 10 3 2 11 7 5 
1 8 6 4 9 10 3 7 11 2 5 
1 8 6 4 9 10 7 3 2 11 5 
1 8 6 4 9 10 7 3 11 2 5 
1 8 6 4 9 10 7 11 3 2 5 
1 8 6 4 9 10 11 2 3 7 5 
1 8 6 4 9 10 11 7 3 2 5 
1 8 6 4 10 2 3 9 7 11 5 
1 8 6 4 10 2 3 11 7 9 5 
1 8 6 4 10 2 11 3 7 9 5 
1 8 6 4 10 2 11 3 9 7 5 
1 8 6 4 10 2 11 7 3 9 5 
1 8 6 4 10 3 2 11 7 9 5 
1 8 6 4 10 3 9 7 11 2 5 
1 8 6 4 10 7 9 3 2 11 5 
1 8 6 4 10 7 9 3 11 2 5 
1 8 6 4 10 7 11 2 3 9 5 
1 8 6 4 10 9 3 2 11 7 5 
1 8 6 4 10 9 3 7 11 2 5 
1 8 6 4 10 9 7 3 2 11 5 
1 8 6 4 10 9 7 3 11 2 5 
1 8 6 4 10 9 7 11 3 2 5 
1 8 6 4 10 11 2 3 7 9 5 
1 8 6 4 10 11 2 3 9 7 5 
1 8 6 4 10 11 7 9 3 2 5 
1 8 6 4 11 7 9 10 3 2 5 
1 8 6 4 11 10 2 3 7 9 5 
1 8 6 7 3 2 4 9 10 11 5 
1 8 6 7 3 2 11 10 4 9 5 
1 8 6 7 3 2 11 10 9 4 5 
1 8 6 7 3 4 2 11 10 9 5 
1 8 6 7 3 4 9 10 2 11 5 
1 8 6 7 3 4 9 10 11 2 5 
1 8 6 7 3 9 4 2 10 11 5 
1 8 6 7 3 9 4 2 11 10 5 
1 8 6 7 3 9 4 10 2 11 5 
1 8 6 7 3 9 4 10 11 2 5 
1 8 6 7 3 9 10 4 2 11 5 
1 8 6 7 3 9 10 11 2 4 5 
1 8 6 7 3 10 9 4 2 11 5 
1 8 6 7 3 10 11 2 4 9 5 
1 8 6 7 3 11 2 4 9 10 5 
1 8 6 7 3 11 2 4 10 9 5 
1 8 6 7 3 11 2 10 4 9 5 
1 8 6 7 3 11 2 10 9 4 5 
1 8 6 7 3 11 10 2 4 9 5 
1 8 6 7 3 11 10 9 4 2 5 
1 8 6 7 4 2 3 9 10 11 5 
1 8 6 7 4 2 3 11 10 9 5 
1 8 6 7 4 2 10 9 3 11 5 
1 8 6 7 4 2 10 11 3 9 5 
1 8 6 7 4 2 11 3 9 10 5 
1 8 6 7 4 2 11 3 10 9 5 
1 8 6 7 4 2 11 10 3 9 5 
1 8 6 7 4 3 2 11 10 9 5 
1 8 6 7 4 3 9 10 2 11 5 
1 8 6 7 4 3 9 10 11 2 5 
1 8 6 7 4 3 11 2 10 9 5 
1 8 6 7 4 9 3 2 10 11 5 
1 8 6 7 4 9 3 2 11 10 5 
1 8 6 7 4 9 3 10 2 11 5 
1 8 6 7 4 9 3 10 11 2 5 
1 8 6 7 4 9 3 11 2 10 5 
1 8 6 7 4 9 3 11 10 2 5 
1 8 6 7 4 9 10 2 3 11 5 
1 8 6 7 4 9 10 3 2 11 5 
1 8 6 7 4 9 10 3 11 2 5 
1 8 6 7 4 9 10 11 3 2 5 
1 8 6 7 4 10 2 11 3 9 5 
1 8 6 7 4 10 9 3 2 11 5 
1 8 6 7 4 10 9 3 11 2 5 
1 8 6 7 4 10 11 2 3 9 5 
1 8 6 7 9 3 2 4 10 11 5 
1 8 6 7 9 3 2 11 10 4 5 
1 8 6 7 9 3 4 2 10 11 5 
1 8 6 7 9 3 4 2 11 10 5 
1 8 6 7 9 3 4 10 2 11 5 
1 8 6 7 9 3 4 10 11 2 5 
1 8 6 7 9 3 10 4 2 11 5 
1 8 6 7 9 3 10 11 2 4 5 
1 8 6 7 9 3 11 2 4 10 5 
1 8 6 7 9 3 11 2 10 4 5 
1 8 6 7 9 3 11 10 2 4 5 
1 8 6 7 9 3 11 10 4 2 5 
1 8 6 7 9 4 2 3 10 11 5 
1 8 6 7 9 4 2 3 11 10 5 
1 8 6 7 9 4 2 10 3 11 5 
1 8 6 7 9 4 2 11 3 10 5 
1 8 6 7 9 4 3 2 10 11 5 
1 8 6 7 9 4 3 2 11 10 5 
1 8 6 7 9 4 3 10 2 11 5 
1 8 6 7 9 4 3 10 11 2 5 
1 8 6 7 9 4 3 11 2 10 5 
1 8 6 7 9 4 3 11 10 2 5 
1 8 6 7 9 4 10 2 3 11 5 
1 8 6 7 9 4 10 3 2 11 5 
1 8 6 7 9 4 10 3 11 2 5 
1 8 6 7 9 4 10 11 3 2 5 
1 8 6 7 9 10 2 4 3 11 5 
1 8 6 7 9 10 2 11 3 4 5 
1 8 6 7 9 10 3 4 2 11 5 
1 8 6 7 9 10 3 11 2 4 5 
1 8 6 7 9 10 4 2 3 11 5 
1 8 6 7 9 10 4 3 2 11 5 
1 8 6 7 9 10 4 3 11 2 5 
1 8 6 7 9 10 11 2 3 4 5 
1 8 6 7 9 10 11 3 2 4 5 
1 8 6 7 9 10 11 3 4 2 5 
1 8 6 7 10 2 4 9 3 11 5 
1 8 6 7 10 2 11 3 4 9 5 
1 8 6 7 10 2 11 3 9 4 5 
1 8 6 7 10 3 9 4 2 11 5 
1 8 6 7 10 3 11 2 4 9 5 
1 8 6 7 10 4 2 11 3 9 5 
1 8 6 7 10 4 9 3 2 11 5 
1 8 6 7 10 4 9 3 11 2 5 
1 8 6 7 10 9 3 4 2 11 5 
1 8 6 7 10 9 3 11 2 4 5 
1 8 6 7 10 9 4 2 3 11 5 
1 8 6 7 10 9 4 3 2 11 5 
1 8 6 7 10 9 4 3 11 2 5 
1 8 6 7 10 11 2 3 4 9 5 
1 8 6 7 10 11 2 3 9 4 5 
1 8 6 7 10 11 2 4 3 9 5 
1 8 6 7 10 11 3 2 4 9 5 
1 8 6 7 10 11 3 9 4 2 5 
1 8 6 7 11 2 3 4 9 10 5 
1 8 6 7 11 2 3 4 10 9 5 
1 8 6 7 11 2 3 9 4 10 5 
1 8 6 7 11 2 3 9 10 4 5 
1 8 6 7 11 2 3 10 4 9 5 
1 8 6 7 11 2 3 10 9 4 5 
1 8 6 7 11 2 4 3 9 10 5 
1 8 6 7 11 2 4 3 10 9 5 
1 8 6 7 11 2 4 9 3 10 5 
1 8 6 7 11 2 4 10 3 9 5 
1 8 6 7 11 2 10 3 4 9 5 
1 8 6 7 11 2 10 3 9 4 5 
1 8 6 7 11 2 10 4 3 9 5 
1 8 6 7 11 2 10 9 3 4 5 
1 8 6 7 11 3 2 4 9 10 5 
1 8 6 7 11 3 2 4 10 9 5 
1 8 6 7 11 3 2 10 4 9 5 
1 8 6 7 11 3 2 10 9 4 5 
1 8 6 7 11 3 4 2 10 9 5 
1 8 6 7 11 3 4 9 10 2 5 
1 8 6 7 11 3 9 4 2 10 5 
1 8 6 7 11 3 9 4 10 2 5 
1 8 6 7 11 3 9 10 2 4 5 
1 8 6 7 11 3 9 10 4 2 5 
1 8 6 7 11 3 10 2 4 9 5 
1 8 6 7 11 3 10 9 4 2 5 
1 8 6 7 11 10 2 3 4 9 5 
1 8 6 7 11 10 2 3 9 4 5 
1 8 6 7 11 10 2 4 3 9 5 
1 8 6 7 11 10 3 2 4 9 5 
1 8 6 7 11 10 3 9 4 2 5 
1 8 6 7 11 10 4 2 3 9 5 
1 8 6 7 11 10 4 9 3 2 5 
1 8 6 7 11 10 9 3 2 4 5 
1 8 6 7 11 10 9 3 4 2 5 
1 8 6 7 11 10 9 4 3 2 5 
1 8 6 9 3 2 4 7 10 11 5 
1 8 6 9 3 2 4 7 11 10 5 
1 8 6 9 3 2 4 10 7 11 5 
1 8 6 9 3 2 4 10 11 7 5 
1 8 6 9 3 2 10 4 7 11 5 
1 8 6 9 3 2 10 11 7 4 5 
1 8 6 9 3 2 11 7 4 10 5 
1 8 6 9 3 2 11 7 10 4 5 
1 8 6 9 3 2 11 10 4 7 5 
1 8 6 9 3 2 11 10 7 4 5 
1 8 6 9 3 4 2 10 7 11 5 
1 8 6 9 3 4 2 10 11 7 5 
1 8 6 9 3 4 2 11 7 10 5 
1 8 6 9 3 4 2 11 10 7 5 
1 8 6 9 3 4 7 10 2 11 5 
1 8 6 9 3 4 7 10 11 2 5 
1 8 6 9 3 4 7 11 2 10 5 
1 8 6 9 3 4 7 11 10 2 5 
1 8 6 9 3 4 10 2 11 7 5 
1 8 6 9 3 4 10 7 11 2 5 
1 8 6 9 3 7 4 2 10 11 5 
1 8 6 9 3 7 4 2 11 10 5 
1 8 6 9 3 7 4 10 2 11 5 
1 8 6 9 3 7 4 10 11 2 5 
1 8 6 9 3 7 10 4 2 11 5 
1 8 6 9 3 7 10 11 2 4 5 
1 8 6 9 3 7 11 2 4 10 5 
1 8 6 9 3 7 11 2 10 4 5 
1 8 6 9 3 7 11 10 2 4 5 
1 8 6 9 3 7 11 10 4 2 5 
1 8 6 9 3 10 2 4 7 11 5 
1 8 6 9 3 10 2 11 7 4 5 
1 8 6 9 3 10 4 2 11 7 5 
1 8 6 9 3 10 4 7 11 2 5 
1 8 6 9 3 10 7 4 2 11 5 
1 8 6 9 3 10 7 11 2 4 5 
1 8 6 9 3 10 11 2 4 7 5 
1 8 6 9 3 10 11 7 4 2 5 
1 8 6 9 3 11 2 4 7 10 5 
1 8 6 9 3 11 2 4 10 7 5 
1 8 6 9 3 11 2 10 4 7 5 
1 8 6 9 3 11 2 10 7 4 5 
1 8 6 9 3 11 7 4 2 10 5 
1 8 6 9 3 11 7 4 10 2 5 
1 8 6 9 3 11 7 10 2 4 5 
1 8 6 9 3 11 7 10 4 2 5 
1 8 6 9 3 11 10 2 4 7 5 
1 8 6 9 3 11 10 7 4 2 5 
1 8 6 9 4 2 3 7 10 11 5 
1 8 6 9 4 2 3 7 11 10 5 
1 8 6 9 4 2 3 10 7 11 5 
1 8 6 9 4 2 3 10 11 7 5 
1 8 6 9 4 2 3 11 7 10 5 
1 8 6 9 4 2 3 11 10 7 5 
1 8 6 9 4 2 10 3 7 11 5 
1 8 6 9 4 2 10 3 11 7 5 
1 8 6 9 4 2 10 7 3 11 5 
1 8 6 9 4 2 10 11 3 7 5 
1 8 6 9 4 2 11 3 7 10 5 
1 8 6 9 4 2 11 3 10 7 5 
1 8 6 9 4 2 11 7 3 10 5 
1 8 6 9 4 2 11 10 3 7 5 
1 8 6 9 4 3 2 10 7 11 5 
1 8 6 9 4 3 2 10 11 7 5 
1 8 6 9 4 3 2 11 7 10 5 
1 8 6 9 4 3 2 11 10 7 5 
1 8 6 9 4 3 7 10 2 11 5 
1 8 6 9 4 3 7 10 11 2 5 
1 8 6 9 4 3 7 11 2 10 5 
1 8 6 9 4 3 7 11 10 2 5 
1 8 6 9 4 3 10 2 11 7 5 
1 8 6 9 4 3 10 7 11 2 5 
1 8 6 9 4 3 11 2 10 7 5 
1 8 6 9 4 3 11 7 10 2 5 
1 8 6 9 4 7 3 2 10 11 5 
1 8 6 9 4 7 3 2 11 10 5 
1 8 6 9 4 7 3 10 2 11 5 
1 8 6 9 4 7 3 10 11 2 5 
1 8 6 9 4 7 3 11 2 10 5 
1 8 6 9 4 7 3 11 10 2 5 
1 8 6 9 4 7 10 2 3 11 5 
1 8 6 9 4 7 10 3 2 11 5 
1 8 6 9 4 7 10 3 11 2 5 
1 8 6 9 4 7 10 11 3 2 5 
1 8 6 9 4 7 11 2 3 10 5 
1 8 6 9 4 7 11 3 2 10 5 
1 8 6 9 4 7 11 3 10 2 5 
1 8 6 9 4 7 11 10 3 2 5 
1 8 6 9 4 10 2 3 7 11 5 
1 8 6 9 4 10 2 3 11 7 5 
1 8 6 9 4 10 2 11 3 7 5 
1 8 6 9 4 10 3 2 11 7 5 
1 8 6 9 4 10 3 7 11 2 5 
1 8 6 9 4 10 7 3 2 11 5 
1 8 6 9 4 10 7 3 11 2 5 
1 8 6 9 4 10 7 11 3 2 5 
1 8 6 9 4 10 11 2 3 7 5 
1 8 6 9 4 10 11 7 3 2 5 
1 8 6 9 7 3 2 4 10 11 5 
1 8 6 9 7 3 2 11 10 4 5 
1 8 6 9 7 3 4 2 10 11 5 
1 8 6 9 7 3 4 2 11 10 5 
1 8 6 9 7 3 4 10 2 11 5 
1 8 6 9 7 3 4 10 11 2 5 
1 8 6 9 7 3 10 4 2 11 5 
1 8 6 9 7 3 10 11 2 4 5 
1 8 6 9 7 3 11 2 4 10 5 
1 8 6 9 7 3 11 2 10 4 5 
1 8 6 9 7 3 11 10 2 4 5 
1 8 6 9 7 3 11 10 4 2 5 
1 8 6 9 7 4 2 3 10 11 5 
1 8 6 9 7 4 2 3 11 10 5 
1 8 6 9 7 4 2 10 3 11 5 
1 8 6 9 7 4 2 11 3 10 5 
1 8 6 9 7 4 3 2 10 11 5 
1 8 6 9 7 4 3 2 11 10 5 
1 8 6 9 7 4 3 10 2 11 5 
1 8 6 9 7 4 3 10 11 2 5 
1 8 6 9 7 4 3 11 2 10 5 
1 8 6 9 7 4 3 11 10 2 5 
1 8 6 9 7 4 10 2 3 11 5 
1 8 6 9 7 4 10 3 2 11 5 
1 8 6 9 7 4 10 3 11 2 5 
1 8 6 9 7 4 10 11 3 2 5 
1 8 6 9 7 10 2 4 3 11 5 
1 8 6 9 7 10 2 11 3 4 5 
1 8 6 9 7 10 3 4 2 11 5 
1 8 6 9 7 10 3 11 2 4 5 
1 8 6 9 7 10 4 2 3 11 5 
1 8 6 9 7 10 4 3 2 11 5 
1 8 6 9 7 10 4 3 11 2 5 
1 8 6 9 7 10 11 2 3 4 5 
1 8 6 9 7 10 11 3 2 4 5 
1 8 6 9 7 10 11 3 4 2 5 
1 8 6 9 7 11 2 3 4 10 5 
1 8 6 9 7 11 2 3 10 4 5 
1 8 6 9 7 11 2 4 3 10 5 
1 8 6 9 7 11 2 10 3 4 5 
1 8 6 9 7 11 3 2 4 10 5 
1 8 6 9 7 11 3 2 10 4 5 
1 8 6 9 7 11 3 4 2 10 5 
1 8 6 9 7 11 3 4 10 2 5 
1 8 6 9 7 11 3 10 2 4 5 
1 8 6 9 7 11 3 10 4 2 5 
1 8 6 9 7 11 10 2 3 4 5 
1 8 6 9 7 11 10 3 2 4 5 
1 8 6 9 7 11 10 3 4 2 5 
1 8 6 9 7 11 10 4 3 2 5 
1 8 6 9 10 2 3 4 7 11 5 
1 8 6 9 10 2 3 11 7 4 5 
1 8 6 9 10 2 4 3 7 11 5 
1 8 6 9 10 2 4 3 11 7 5 
1 8 6 9 10 2 4 7 3 11 5 
1 8 6 9 10 2 11 3 4 7 5 
1 8 6 9 10 2 11 3 7 4 5 
1 8 6 9 10 2 11 7 3 4 5 
1 8 6 9 10 3 2 4 7 11 5 
1 8 6 9 10 3 2 11 7 4 5 
1 8 6 9 10 3 4 2 11 7 5 
1 8 6 9 10 3 4 7 11 2 5 
1 8 6 9 10 3 7 4 2 11 5 
1 8 6 9 10 3 7 11 2 4 5 
1 8 6 9 10 3 11 2 4 7 5 
1 8 6 9 10 3 11 7 4 2 5 
1 8 6 9 10 4 2 3 7 11 5 
1 8 6 9 10 4 2 3 11 7 5 
1 8 6 9 10 4 2 11 3 7 5 
1 8 6 9 10 4 3 2 11 7 5 
1 8 6 9 10 4 3 7 11 2 5 
1 8 6 9 10 4 7 3 2 11 5 
1 8 6 9 10 4 7 3 11 2 5 
1 8 6 9 10 4 7 11 3 2 5 
1 8 6 9 10 7 3 4 2 11 5 
1 8 6 9 10 7 3 11 2 4 5 
1 8 6 9 10 7 4 2 3 11 5 
1 8 6 9 10 7 4 3 2 11 5 
1 8 6 9 10 7 4 3 11 2 5 
1 8 6 9 10 7 11 2 3 4 5 
1 8 6 9 10 7 11 3 2 4 5 
1 8 6 9 10 7 11 3 4 2 5 
1 8 6 9 10 11 2 3 4 7 5 
1 8 6 9 10 11 2 3 7 4 5 
1 8 6 9 10 11 2 4 3 7 5 
1 8 6 9 10 11 3 2 4 7 5 
1 8 6 9 10 11 3 7 4 2 5 
1 8 6 9 10 11 7 3 2 4 5 
1 8 6 9 10 11 7 3 4 2 5 
1 8 6 9 10 11 7 4 3 2 5 
1 8 6 10 2 3 4 9 7 11 5 
1 8 6 10 2 3 9 4 7 11 5 
1 8 6 10 2 3 11 7 4 9 5 
1 8 6 10 2 3 11 7 9 4 5 
1 8 6 10 2 4 3 9 7 11 5 
1 8 6 10 2 4 3 11 7 9 5 
1 8 6 10 2 4 7 9 3 11 5 
1 8 6 10 2 4 7 11 3 9 5 
1 8 6 10 2 4 9 3 7 11 5 
1 8 6 10 2 4 9 3 11 7 5 
1 8 6 10 2 4 9 7 3 11 5 
1 8 6 10 2 11 3 4 7 9 5 
1 8 6 10 2 11 3 4 9 7 5 
1 8 6 10 2 11 3 7 4 9 5 
1 8 6 10 2 11 3 7 9 4 5 
1 8 6 10 2 11 3 9 4 7 5 
1 8 6 10 2 11 3 9 7 4 5 
1 8 6 10 2 11 7 3 4 9 5 
1 8 6 10 2 11 7 3 9 4 5 
1 8 6 10 2 11 7 4 3 9 5 
1 8 6 10 2 11 7 9 3 4 5 
1 8 6 10 3 2 4 9 7 11 5 
1 8 6 10 3 2 4 11 7 9 5 
1 8 6 10 3 2 11 7 4 9 5 
1 8 6 10 3 2 11 7 9 4 5 
1 8 6 10 3 4 2 11 7 9 5 
1 8 6 10 3 4 9 7 11 2 5 
1 8 6 10 3 7 9 4 2 11 5 
1 8 6 10 3 7 11 2 4 9 5 
1 8 6 10 3 9 4 2 11 7 5 
1 8 6 10 3 9 4 7 11 2 5 
1 8 6 10 3 9 7 4 2 11 5 
1 8 6 10 3 9 7 11 2 4 5 
1 8 6 10 3 11 2 4 7 9 5 
1 8 6 10 3 11 2 4 9 7 5 
1 8 6 10 3 11 7 9 4 2 5 
1 8 6 10 4 2 3 9 7 11 5 
1 8 6 10 4 2 3 11 7 9 5 
1 8 6 10 4 2 11 3 7 9 5 
1 8 6 10 4 2 11 3 9 7 5 
1 8 6 10 4 2 11 7 3 9 5 
1 8 6 10 4 3 2 11 7 9 5 
1 8 6 10 4 3 9 7 11 2 5 
1 8 6 10 4 7 9 3 2 11 5 
1 8 6 10 4 7 9 3 11 2 5 
1 8 6 10 4 7 11 2 3 9 5 
1 8 6 10 4 9 3 2 11 7 5 
1 8 6 10 4 9 3 7 11 2 5 
1 8 6 10 4 9 7 3 2 11 5 
1 8 6 10 4 9 7 3 11 2 5 
1 8 6 10 4 9 7 11 3 2 5 
1 8 6 10 7 3 9 4 2 11 5 
1 8 6 10 7 3 11 2 4 9 5 
1 8 6 10 7 4 2 11 3 9 5 
1 8 6 10 7 4 9 3 2 11 5 
1 8 6 10 7 4 9 3 11 2 5 
1 8 6 10 7 9 3 4 2 11 5 
1 8 6 10 7 9 3 11 2 4 5 
1 8 6 10 7 9 4 2 3 11 5 
1 8 6 10 7 9 4 3 2 11 5 
1 8 6 10 7 9 4 3 11 2 5 
1 8 6 10 7 11 2 3 4 9 5 
1 8 6 10 7 11 2 3 9 4 5 
1 8 6 10 7 11 2 4 3 9 5 
1 8 6 10 7 11 3 2 4 9 5 
1 8 6 10 7 11 3 9 4 2 5 
1 8 6 10 9 3 2 4 7 11 5 
1 8 6 10 9 3 2 11 7 4 5 
1 8 6 10 9 3 4 2 11 7 5 
1 8 6 10 9 3 4 7 11 2 5 
1 8 6 10 9 3 7 4 2 11 5 
1 8 6 10 9 3 7 11 2 4 5 
1 8 6 10 9 3 11 2 4 7 5 
1 8 6 10 9 3 11 7 4 2 5 
1 8 6 10 9 4 2 3 7 11 5 
1 8 6 10 9 4 2 3 11 7 5 
1 8 6 10 9 4 2 11 3 7 5 
1 8 6 10 9 4 3 2 11 7 5 
1 8 6 10 9 4 3 7 11 2 5 
1 8 6 10 9 4 7 3 2 11 5 
1 8 6 10 9 4 7 3 11 2 5 
1 8 6 10 9 4 7 11 3 2 5 
1 8 6 10 9 7 3 4 2 11 5 
1 8 6 10 9 7 3 11 2 4 5 
1 8 6 10 9 7 4 2 3 11 5 
1 8 6 10 9 7 4 3 2 11 5 
1 8 6 10 9 7 4 3 11 2 5 
1 8 6 10 9 7 11 2 3 4 5 
1 8 6 10 9 7 11 3 2 4 5 
1 8 6 10 9 7 11 3 4 2 5 
1 8 6 10 11 2 3 4 7 9 5 
1 8 6 10 11 2 3 4 9 7 5 
1 8 6 10 11 2 3 7 4 9 5 
1 8 6 10 11 2 3 7 9 4 5 
1 8 6 10 11 2 3 9 4 7 5 
1 8 6 10 11 2 3 9 7 4 5 
1 8 6 10 11 2 4 3 7 9 5 
1 8 6 10 11 2 4 3 9 7 5 
1 8 6 10 11 2 4 7 3 9 5 
1 8 6 10 11 2 4 9 3 7 5 
1 8 6 10 11 3 2 4 7 9 5 
1 8 6 10 11 3 2 4 9 7 5 
1 8 6 10 11 3 7 9 4 2 5 
1 8 6 10 11 3 9 7 4 2 5 
1 8 6 10 11 7 3 2 4 9 5 
1 8 6 10 11 7 3 9 4 2 5 
1 8 6 10 11 7 4 2 3 9 5 
1 8 6 10 11 7 4 9 3 2 5 
1 8 6 10 11 7 9 3 2 4 5 
1 8 6 10 11 7 9 3 4 2 5 
1 8 6 10 11 7 9 4 3 2 5 
1 8 6 11 2 3 4 7 9 10 5 
1 8 6 11 2 3 4 7 10 9 5 
1 8 6 11 2 3 4 9 7 10 5 
1 8 6 11 2 3 4 9 10 7 5 
1 8 6 11 2 3 4 10 7 9 5 
1 8 6 11 2 3 4 10 9 7 5 
1 8 6 11 2 3 7 4 9 10 5 
1 8 6 11 2 3 7 4 10 9 5 
1 8 6 11 2 3 7 9 4 10 5 
1 8 6 11 2 3 7 9 10 4 5 
1 8 6 11 2 3 7 10 4 9 5 
1 8 6 11 2 3 7 10 9 4 5 
1 8 6 11 2 3 9 4 7 10 5 
1 8 6 11 2 3 9 4 10 7 5 
1 8 6 11 2 3 9 7 4 10 5 
1 8 6 11 2 3 9 7 10 4 5 
1 8 6 11 2 3 9 10 4 7 5 
1 8 6 11 2 3 9 10 7 4 5 
1 8 6 11 2 3 10 4 7 9 5 
1 8 6 11 2 3 10 4 9 7 5 
1 8 6 11 2 3 10 7 4 9 5 
1 8 6 11 2 3 10 7 9 4 5 
1 8 6 11 2 3 10 9 4 7 5 
1 8 6 11 2 3 10 9 7 4 5 
1 8 6 11 2 4 3 7 9 10 5 
1 8 6 11 2 4 3 7 10 9 5 
1 8 6 11 2 4 3 9 7 10 5 
1 8 6 11 2 4 3 9 10 7 5 
1 8 6 11 2 4 3 10 7 9 5 
1 8 6 11 2 4 3 10 9 7 5 
1 8 6 11 2 4 7 3 9 10 5 
1 8 6 11 2 4 7 3 10 9 5 
1 8 6 11 2 4 7 9 3 10 5 
1 8 6 11 2 4 7 10 3 9 5 
1 8 6 11 2 4 9 3 7 10 5 
1 8 6 11 2 4 9 3 10 7 5 
1 8 6 11 2 4 9 7 3 10 5 
1 8 6 11 2 4 9 10 3 7 5 
1 8 6 11 2 4 10 3 7 9 5 
1 8 6 11 2 4 10 3 9 7 5 
1 8 6 11 2 4 10 7 3 9 5 
1 8 6 11 2 4 10 9 3 7 5 
1 8 6 11 2 10 3 4 7 9 5 
1 8 6 11 2 10 3 4 9 7 5 
1 8 6 11 2 10 3 7 4 9 5 
1 8 6 11 2 10 3 7 9 4 5 
1 8 6 11 2 10 3 9 4 7 5 
1 8 6 11 2 10 3 9 7 4 5 
1 8 6 11 2 10 4 3 7 9 5 
1 8 6 11 2 10 4 3 9 7 5 
1 8 6 11 2 10 4 7 3 9 5 
1 8 6 11 2 10 4 9 3 7 5 
1 8 6 11 2 10 7 3 4 9 5 
1 8 6 11 2 10 7 3 9 4 5 
1 8 6 11 2 10 7 4 3 9 5 
1 8 6 11 2 10 7 9 3 4 5 
1 8 6 11 2 10 9 3 4 7 5 
1 8 6 11 2 10 9 3 7 4 5 
1 8 6 11 2 10 9 4 3 7 5 
1 8 6 11 2 10 9 7 3 4 5 
1 8 6 11 3 2 4 7 9 10 5 
1 8 6 11 3 2 4 7 10 9 5 
1 8 6 11 3 2 4 9 7 10 5 
1 8 6 11 3 2 4 9 10 7 5 
1 8 6 11 3 2 4 10 7 9 5 
1 8 6 11 3 2 4 10 9 7 5 
1 8 6 11 3 2 10 4 7 9 5 
1 8 6 11 3 2 10 4 9 7 5 
1 8 6 11 3 2 10 7 4 9 5 
1 8 6 11 3 2 10 7 9 4 5 
1 8 6 11 3 2 10 9 4 7 5 
1 8 6 11 3 2 10 9 7 4 5 
1 8 6 11 3 4 2 10 7 9 5 
1 8 6 11 3 4 2 10 9 7 5 
1 8 6 11 3 4 7 9 10 2 5 
1 8 6 11 3 4 9 7 10 2 5 
1 8 6 11 3 7 4 2 10 9 5 
1 8 6 11 3 7 4 9 10 2 5 
1 8 6 11 3 7 9 4 2 10 5 
1 8 6 11 3 7 9 4 10 2 5 
1 8 6 11 3 7 9 10 2 4 5 
1 8 6 11 3 7 9 10 4 2 5 
1 8 6 11 3 7 10 2 4 9 5 
1 8 6 11 3 7 10 9 4 2 5 
1 8 6 11 3 9 4 2 10 7 5 
1 8 6 11 3 9 4 7 10 2 5 
1 8 6 11 3 9 7 4 2 10 5 
1 8 6 11 3 9 7 4 10 2 5 
1 8 6 11 3 9 7 10 2 4 5 
1 8 6 11 3 9 7 10 4 2 5 
1 8 6 11 3 9 10 2 4 7 5 
1 8 6 11 3 9 10 7 4 2 5 
1 8 6 11 3 10 2 4 7 9 5 
1 8 6 11 3 10 2 4 9 7 5 
1 8 6 11 3 10 7 9 4 2 5 
1 8 6 11 3 10 9 7 4 2 5 
1 8 6 11 7 3 2 4 9 10 5 
1 8 6 11 7 3 2 4 10 9 5 
1 8 6 11 7 3 2 10 4 9 5 
1 8 6 11 7 3 2 10 9 4 5 
1 8 6 11 7 3 4 2 10 9 5 
1 8 6 11 7 3 4 9 10 2 5 
1 8 6 11 7 3 9 4 2 10 5 
1 8 6 11 7 3 9 4 10 2 5 
1 8 6 11 7 3 9 10 2 4 5 
1 8 6 11 7 3 9 10 4 2 5 
1 8 6 11 7 3 10 2 4 9 5 
1 8 6 11 7 3 10 9 4 2 5 
1 8 6 11 7 4 2 3 9 10 5 
1 8 6 11 7 4 2 3 10 9 5 
1 8 6 11 7 4 2 10 3 9 5 
1 8 6 11 7 4 3 2 10 9 5 
1 8 6 11 7 4 3 9 10 2 5 
1 8 6 11 7 4 9 3 2 10 5 
1 8 6 11 7 4 9 3 10 2 5 
1 8 6 11 7 4 9 10 3 2 5 
1 8 6 11 7 4 10 2 3 9 5 
1 8 6 11 7 4 10 9 3 2 5 
1 8 6 11 7 9 3 2 4 10 5 
1 8 6 11 7 9 3 2 10 4 5 
1 8 6 11 7 9 3 4 2 10 5 
1 8 6 11 7 9 3 4 10 2 5 
1 8 6 11 7 9 3 10 2 4 5 
1 8 6 11 7 9 3 10 4 2 5 
1 8 6 11 7 9 4 2 3 10 5 
1 8 6 11 7 9 4 3 2 10 5 
1 8 6 11 7 9 4 3 10 2 5 
1 8 6 11 7 9 4 10 3 2 5 
1 8 6 11 7 9 10 2 3 4 5 
1 8 6 11 7 9 10 3 2 4 5 
1 8 6 11 7 9 10 3 4 2 5 
1 8 6 11 7 9 10 4 3 2 5 
1 8 6 11 7 10 2 3 4 9 5 
1 8 6 11 7 10 2 3 9 4 5 
1 8 6 11 7 10 2 4 3 9 5 
1 8 6 11 7 10 3 2 4 9 5 
1 8 6 11 7 10 3 9 4 2 5 
1 8 6 11 7 10 4 2 3 9 5 
1 8 6 11 7 10 4 9 3 2 5 
1 8 6 11 7 10 9 3 2 4 5 
1 8 6 11 7 10 9 3 4 2 5 
1 8 6 11 7 10 9 4 3 2 5 
1 8 6 11 10 2 3 4 7 9 5 
1 8 6 11 10 2 3 4 9 7 5 
1 8 6 11 10 2 3 7 4 9 5 
1 8 6 11 10 2 3 7 9 4 5 
1 8 6 11 10 2 3 9 4 7 5 
1 8 6 11 10 2 3 9 7 4 5 
1 8 6 11 10 2 4 3 7 9 5 
1 8 6 11 10 2 4 3 9 7 5 
1 8 6 11 10 2 4 7 3 9 5 
1 8 6 11 10 2 4 9 3 7 5 
1 8 6 11 10 3 2 4 7 9 5 
1 8 6 11 10 3 2 4 9 7 5 
1 8 6 11 10 3 7 9 4 2 5 
1 8 6 11 10 3 9 7 4 2 5 
1 8 6 11 10 4 2 3 7 9 5 
1 8 6 11 10 4 2 3 9 7 5 
1 8 6 11 10 4 7 9 3 2 5 
1 8 6 11 10 4 9 7 3 2 5 
1 8 6 11 10 7 3 2 4 9 5 
1 8 6 11 10 7 3 9 4 2 5 
1 8 6 11 10 7 4 2 3 9 5 
1 8 6 11 10 7 4 9 3 2 5 
1 8 6 11 10 7 9 3 2 4 5 
1 8 6 11 10 7 9 3 4 2 5 
1 8 6 11 10 7 9 4 3 2 5 
1 8 6 11 10 9 3 2 4 7 5 
1 8 6 11 10 9 3 7 4 2 5 
1 8 6 11 10 9 4 2 3 7 5 
1 8 6 11 10 9 4 7 3 2 5 
1 8 6 11 10 9 7 3 2 4 5 
1 8 6 11 10 9 7 3 4 2 5 
1 8 6 11 10 9 7 4 3 2 5 
1 8 7 3 2 4 6 9 10 11 5 
1 8 7 3 2 4 6 11 10 9 5 
1 8 7 3 2 4 9 6 10 11 5 
1 8 7 3 2 4 9 6 11 10 5 
1 8 7 3 2 4 9 10 6 11 5 
1 8 7 3 2 4 9 10 11 6 5 
1 8 7 3 2 4 10 9 6 11 5 
1 8 7 3 2 4 10 11 6 9 5 
1 8 7 3 2 6 4 9 10 11 5 
1 8 7 3 2 6 4 11 10 9 5 
1 8 7 3 2 6 9 4 10 11 5 
1 8 7 3 2 6 11 10 4 9 5 
1 8 7 3 2 6 11 10 9 4 5 
1 8 7 3 2 10 4 9 6 11 5 
1 8 7 3 2 10 9 4 6 11 5 
1 8 7 3 2 10 11 6 4 9 5 
1 8 7 3 2 10 11 6 9 4 5 
1 8 7 3 2 11 6 4 9 10 5 
1 8 7 3 2 11 6 4 10 9 5 
1 8 7 3 2 11 6 9 4 10 5 
1 8 7 3 2 11 6 9 10 4 5 
1 8 7 3 2 11 6 10 4 9 5 
1 8 7 3 2 11 6 10 9 4 5 
1 8 7 3 2 11 10 4 6 9 5 
1 8 7 3 2 11 10 4 9 6 5 
1 8 7 3 2 11 10 6 4 9 5 
1 8 7 3 2 11 10 6 9 4 5 
1 8 7 3 2 11 10 9 4 6 5 
1 8 7 3 2 11 10 9 6 4 5 
1 8 7 3 4 2 6 9 10 11 5 
1 8 7 3 4 2 6 11 10 9 5 
1 8 7 3 4 2 10 9 6 11 5 
1 8 7 3 4 2 10 11 6 9 5 
1 8 7 3 4 2 11 6 9 10 5 
1 8 7 3 4 2 11 6 10 9 5 
1 8 7 3 4 2 11 10 6 9 5 
1 8 7 3 4 2 11 10 9 6 5 
1 8 7 3 4 6 2 11 10 9 5 
1 8 7 3 4 6 9 10 2 11 5 
1 8 7 3 4 6 9 10 11 2 5 
1 8 7 3 4 6 11 2 10 9 5 
1 8 7 3 4 9 6 2 10 11 5 
1 8 7 3 4 9 6 2 11 10 5 
1 8 7 3 4 9 6 10 2 11 5 
1 8 7 3 4 9 6 10 11 2 5 
1 8 7 3 4 9 6 11 2 10 5 
1 8 7 3 4 9 6 11 10 2 5 
1 8 7 3 4 9 10 2 6 11 5 
1 8 7 3 4 9 10 2 11 6 5 
1 8 7 3 4 9 10 6 2 11 5 
1 8 7 3 4 9 10 6 11 2 5 
1 8 7 3 4 9 10 11 2 6 5 
1 8 7 3 4 9 10 11 6 2 5 
1 8 7 3 4 10 2 11 6 9 5 
1 8 7 3 4 10 9 6 2 11 5 
1 8 7 3 4 10 9 6 11 2 5 
1 8 7 3 4 10 11 2 6 9 5 
1 8 7 3 9 4 2 6 10 11 5 
1 8 7 3 9 4 2 6 11 10 5 
1 8 7 3 9 4 2 10 6 11 5 
1 8 7 3 9 4 2 10 11 6 5 
1 8 7 3 9 4 2 11 6 10 5 
1 8 7 3 9 4 2 11 10 6 5 
1 8 7 3 9 4 6 2 10 11 5 
1 8 7 3 9 4 6 2 11 10 5 
1 8 7 3 9 4 6 10 2 11 5 
1 8 7 3 9 4 6 10 11 2 5 
1 8 7 3 9 4 6 11 2 10 5 
1 8 7 3 9 4 6 11 10 2 5 
1 8 7 3 9 4 10 2 6 11 5 
1 8 7 3 9 4 10 2 11 6 5 
1 8 7 3 9 4 10 6 2 11 5 
1 8 7 3 9 4 10 6 11 2 5 
1 8 7 3 9 4 10 11 2 6 5 
1 8 7 3 9 4 10 11 6 2 5 
1 8 7 3 9 6 2 4 10 11 5 
1 8 7 3 9 6 2 11 10 4 5 
1 8 7 3 9 6 4 2 10 11 5 
1 8 7 3 9 6 4 2 11 10 5 
1 8 7 3 9 6 4 10 2 11 5 
1 8 7 3 9 6 4 10 11 2 5 
1 8 7 3 9 6 10 4 2 11 5 
1 8 7 3 9 6 10 11 2 4 5 
1 8 7 3 9 6 11 2 4 10 5 
1 8 7 3 9 6 11 2 10 4 5 
1 8 7 3 9 6 11 10 2 4 5 
1 8 7 3 9 6 11 10 4 2 5 
1 8 7 3 9 10 2 4 6 11 5 
1 8 7 3 9 10 2 11 6 4 5 
1 8 7 3 9 10 4 2 6 11 5 
1 8 7 3 9 10 4 2 11 6 5 
1 8 7 3 9 10 4 6 2 11 5 
1 8 7 3 9 10 4 6 11 2 5 
1 8 7 3 9 10 6 4 2 11 5 
1 8 7 3 9 10 6 11 2 4 5 
1 8 7 3 9 10 11 2 4 6 5 
1 8 7 3 9 10 11 2 6 4 5 
1 8 7 3 9 10 11 6 2 4 5 
1 8 7 3 9 10 11 6 4 2 5 
1 8 7 3 10 2 4 9 6 11 5 
1 8 7 3 10 2 11 6 4 9 5 
1 8 7 3 10 2 11 6 9 4 5 
1 8 7 3 10 4 2 11 6 9 5 
1 8 7 3 10 4 9 6 2 11 5 
1 8 7 3 10 4 9 6 11 2 5 
1 8 7 3 10 6 9 4 2 11 5 
1 8 7 3 10 6 11 2 4 9 5 
1 8 7 3 10 9 4 2 6 11 5 
1 8 7 3 10 9 4 2 11 6 5 
1 8 7 3 10 9 4 6 2 11 5 
1 8 7 3 10 9 4 6 11 2 5 
1 8 7 3 10 9 6 4 2 11 5 
1 8 7 3 10 9 6 11 2 4 5 
1 8 7 3 10 11 2 4 6 9 5 
1 8 7 3 10 11 2 4 9 6 5 
1 8 7 3 10 11 2 6 4 9 5 
1 8 7 3 10 11 2 6 9 4 5 
1 8 7 3 10 11 6 2 4 9 5 
1 8 7 3 10 11 6 9 4 2 5 
1 8 7 3 11 2 4 6 9 10 5 
1 8 7 3 11 2 4 6 10 9 5 
1 8 7 3 11 2 4 9 6 10 5 
1 8 7 3 11 2 4 9 10 6 5 
1 8 7 3 11 2 4 10 6 9 5 
1 8 7 3 11 2 4 10 9 6 5 
1 8 7 3 11 2 6 4 9 10 5 
1 8 7 3 11 2 6 4 10 9 5 
1 8 7 3 11 2 6 9 4 10 5 
1 8 7 3 11 2 6 9 10 4 5 
1 8 7 3 11 2 6 10 4 9 5 
1 8 7 3 11 2 6 10 9 4 5 
1 8 7 3 11 2 10 4 6 9 5 
1 8 7 3 11 2 10 4 9 6 5 
1 8 7 3 11 2 10 6 4 9 5 
1 8 7 3 11 2 10 6 9 4 5 
1 8 7 3 11 2 10 9 4 6 5 
1 8 7 3 11 2 10 9 6 4 5 
1 8 7 3 11 6 2 4 9 10 5 
1 8 7 3 11 6 2 4 10 9 5 
1 8 7 3 11 6 2 10 4 9 5 
1 8 7 3 11 6 2 10 9 4 5 
1 8 7 3 11 6 4 2 10 9 5 
1 8 7 3 11 6 4 9 10 2 5 
1 8 7 3 11 6 9 4 2 10 5 
1 8 7 3 11 6 9 4 10 2 5 
1 8 7 3 11 6 9 10 2 4 5 
1 8 7 3 11 6 9 10 4 2 5 
1 8 7 3 11 6 10 2 4 9 5 
1 8 7 3 11 6 10 9 4 2 5 
1 8 7 3 11 10 2 4 6 9 5 
1 8 7 3 11 10 2 4 9 6 5 
1 8 7 3 11 10 2 6 4 9 5 
1 8 7 3 11 10 2 6 9 4 5 
1 8 7 3 11 10 4 2 6 9 5 
1 8 7 3 11 10 4 9 6 2 5 
1 8 7 3 11 10 6 2 4 9 5 
1 8 7 3 11 10 6 9 4 2 5 
1 8 7 3 11 10 9 4 2 6 5 
1 8 7 3 11 10 9 4 6 2 5 
1 8 7 3 11 10 9 6 2 4 5 
1 8 7 3 11 10 9 6 4 2 5 
1 8 7 4 2 3 9 6 10 11 5 
1 8 7 4 2 3 9 6 11 10 5 
1 8 7 4 2 3 9 10 6 11 5 
1 8 7 4 2 3 9 10 11 6 5 
1 8 7 4 2 3 10 9 6 11 5 
1 8 7 4 2 3 10 11 6 9 5 
1 8 7 4 2 3 11 6 9 10 5 
1 8 7 4 2 3 11 6 10 9 5 
1 8 7 4 2 3 11 10 6 9 5 
1 8 7 4 2 3 11 10 9 6 5 
1 8 7 4 2 6 9 3 10 11 5 
1 8 7 4 2 6 9 3 11 10 5 
1 8 7 4 2 6 9 10 3 11 5 
1 8 7 4 2 6 10 9 3 11 5 
1 8 7 4 2 6 10 11 3 9 5 
1 8 7 4 2 6 11 3 9 10 5 
1 8 7 4 2 6 11 3 10 9 5 
1 8 7 4 2 6 11 10 3 9 5 
1 8 7 4 2 10 3 9 6 11 5 
1 8 7 4 2 10 3 11 6 9 5 
1 8 7 4 2 10 6 9 3 11 5 
1 8 7 4 2 10 6 11 3 9 5 
1 8 7 4 2 10 9 3 11 6 5 
1 8 7 4 2 10 11 3 9 6 5 
1 8 7 4 2 11 3 9 6 10 5 
1 8 7 4 2 11 3 9 10 6 5 
1 8 7 4 2 11 3 10 6 9 5 
1 8 7 4 2 11 3 10 9 6 5 
1 8 7 4 2 11 6 9 3 10 5 
1 8 7 4 2 11 6 10 3 9 5 
1 8 7 4 2 11 10 3 9 6 5 
1 8 7 4 3 2 6 9 10 11 5 
1 8 7 4 3 2 6 11 10 9 5 
1 8 7 4 3 2 10 9 6 11 5 
1 8 7 4 3 2 10 11 6 9 5 
1 8 7 4 3 2 11 6 9 10 5 
1 8 7 4 3 2 11 6 10 9 5 
1 8 7 4 3 2 11 10 6 9 5 
1 8 7 4 3 2 11 10 9 6 5 
1 8 7 4 3 9 6 2 10 11 5 
1 8 7 4 3 9 6 2 11 10 5 
1 8 7 4 3 9 6 10 2 11 5 
1 8 7 4 3 9 6 10 11 2 5 
1 8 7 4 3 9 6 11 2 10 5 
1 8 7 4 3 9 6 11 10 2 5 
1 8 7 4 3 9 10 2 6 11 5 
1 8 7 4 3 9 10 2 11 6 5 
1 8 7 4 3 9 10 6 2 11 5 
1 8 7 4 3 9 10 6 11 2 5 
1 8 7 4 3 9 10 11 2 6 5 
1 8 7 4 3 9 10 11 6 2 5 
1 8 7 4 3 10 2 11 6 9 5 
1 8 7 4 3 10 9 6 2 11 5 
1 8 7 4 3 10 9 6 11 2 5 
1 8 7 4 3 10 11 2 6 9 5 
1 8 7 4 3 11 2 6 9 10 5 
1 8 7 4 3 11 2 6 10 9 5 
1 8 7 4 3 11 2 10 6 9 5 
1 8 7 4 3 11 2 10 9 6 5 
1 8 7 4 3 11 6 2 10 9 5 
1 8 7 4 3 11 6 9 10 2 5 
1 8 7 4 3 11 10 2 6 9 5 
1 8 7 4 3 11 10 9 6 2 5 
1 8 7 4 6 2 3 9 10 11 5 
1 8 7 4 6 2 3 11 10 9 5 
1 8 7 4 6 2 10 9 3 11 5 
1 8 7 4 6 2 10 11 3 9 5 
1 8 7 4 6 2 11 3 9 10 5 
1 8 7 4 6 2 11 3 10 9 5 
1 8 7 4 6 2 11 10 3 9 5 
1 8 7 4 6 9 3 2 10 11 5 
1 8 7 4 6 9 3 2 11 10 5 
1 8 7 4 6 9 3 10 2 11 5 
1 8 7 4 6 9 3 10 11 2 5 
1 8 7 4 6 9 3 11 2 10 5 
1 8 7 4 6 9 3 11 10 2 5 
1 8 7 4 6 9 10 2 3 11 5 
1 8 7 4 6 9 10 3 2 11 5 
1 8 7 4 6 9 10 3 11 2 5 
1 8 7 4 6 9 10 11 3 2 5 
1 8 7 4 6 10 2 11 3 9 5 
1 8 7 4 6 10 9 3 2 11 5 
1 8 7 4 6 10 9 3 11 2 5 
1 8 7 4 6 10 11 2 3 9 5 
1 8 7 4 6 11 2 3 9 10 5 
1 8 7 4 6 11 2 3 10 9 5 
1 8 7 4 6 11 2 10 3 9 5 
1 8 7 4 6 11 3 2 10 9 5 
1 8 7 4 6 11 3 9 10 2 5 
1 8 7 4 6 11 10 2 3 9 5 
1 8 7 4 6 11 10 9 3 2 5 
1 8 7 4 9 3 2 6 10 11 5 
1 8 7 4 9 3 2 6 11 10 5 
1 8 7 4 9 3 2 10 6 11 5 
1 8 7 4 9 3 2 10 11 6 5 
1 8 7 4 9 3 2 11 6 10 5 
1 8 7 4 9 3 2 11 10 6 5 
1 8 7 4 9 3 10 2 6 11 5 
1 8 7 4 9 3 10 2 11 6 5 
1 8 7 4 9 3 10 6 2 11 5 
1 8 7 4 9 3 10 6 11 2 5 
1 8 7 4 9 3 10 11 2 6 5 
1 8 7 4 9 3 10 11 6 2 5 
1 8 7 4 9 3 11 2 6 10 5 
1 8 7 4 9 3 11 2 10 6 5 
1 8 7 4 9 3 11 6 2 10 5 
1 8 7 4 9 3 11 6 10 2 5 
1 8 7 4 9 3 11 10 2 6 5 
1 8 7 4 9 3 11 10 6 2 5 
1 8 7 4 9 6 2 3 10 11 5 
1 8 7 4 9 6 2 3 11 10 5 
1 8 7 4 9 6 2 10 3 11 5 
1 8 7 4 9 6 2 11 3 10 5 
1 8 7 4 9 6 10 2 3 11 5 
1 8 7 4 9 6 10 3 2 11 5 
1 8 7 4 9 6 10 3 11 2 5 
1 8 7 4 9 6 10 11 3 2 5 
1 8 7 4 9 6 11 2 3 10 5 
1 8 7 4 9 6 11 3 2 10 5 
1 8 7 4 9 6 11 3 10 2 5 
1 8 7 4 9 6 11 10 3 2 5 
1 8 7 4 9 10 2 3 11 6 5 
1 8 7 4 9 10 3 2 6 11 5 
1 8 7 4 9 10 3 2 11 6 5 
1 8 7 4 9 10 3 11 2 6 5 
1 8 7 4 9 10 3 11 6 2 5 
1 8 7 4 9 10 6 2 3 11 5 
1 8 7 4 9 10 6 11 3 2 5 
1 8 7 4 9 10 11 3 2 6 5 
1 8 7 4 10 2 3 9 6 11 5 
1 8 7 4 10 2 3 11 6 9 5 
1 8 7 4 10 2 6 9 3 11 5 
1 8 7 4 10 2 6 11 3 9 5 
1 8 7 4 10 2 11 3 9 6 5 
1 8 7 4 10 3 2 11 6 9 5 
1 8 7 4 10 3 9 6 2 11 5 
1 8 7 4 10 3 9 6 11 2 5 
1 8 7 4 10 3 11 2 6 9 5 
1 8 7 4 10 6 2 11 3 9 5 
1 8 7 4 10 6 9 3 2 11 5 
1 8 7 4 10 6 9 3 11 2 5 
1 8 7 4 10 6 11 2 3 9 5 
1 8 7 4 10 9 3 2 6 11 5 
1 8 7 4 10 9 3 2 11 6 5 
1 8 7 4 10 9 3 11 2 6 5 
1 8 7 4 10 9 3 11 6 2 5 
1 8 7 4 10 9 6 2 3 11 5 
1 8 7 4 10 9 6 11 3 2 5 
1 8 7 4 10 11 2 3 9 6 5 
1 8 7 4 10 11 3 2 6 9 5 
1 8 7 4 10 11 3 9 6 2 5 
1 8 7 4 10 11 6 2 3 9 5 
1 8 7 4 10 11 6 9 3 2 5 
1 8 7 6 2 3 4 9 10 11 5 
1 8 7 6 2 3 9 4 10 11 5 
1 8 7 6 2 3 11 10 4 9 5 
1 8 7 6 2 3 11 10 9 4 5 
1 8 7 6 2 4 3 9 10 11 5 
1 8 7 6 2 4 3 11 10 9 5 
1 8 7 6 2 4 9 3 10 11 5 
1 8 7 6 2 4 9 3 11 10 5 
1 8 7 6 2 4 9 10 3 11 5 
1 8 7 6 2 4 10 9 3 11 5 
1 8 7 6 2 4 10 11 3 9 5 
1 8 7 6 2 10 4 9 3 11 5 
1 8 7 6 2 10 9 4 3 11 5 
1 8 7 6 2 10 11 3 4 9 5 
1 8 7 6 2 10 11 3 9 4 5 
1 8 7 6 2 11 3 4 9 10 5 
1 8 7 6 2 11 3 4 10 9 5 
1 8 7 6 2 11 3 9 4 10 5 
1 8 7 6 2 11 3 9 10 4 5 
1 8 7 6 2 11 3 10 4 9 5 
1 8 7 6 2 11 3 10 9 4 5 
1 8 7 6 2 11 10 3 4 9 5 
1 8 7 6 2 11 10 3 9 4 5 
1 8 7 6 2 11 10 4 3 9 5 
1 8 7 6 2 11 10 9 3 4 5 
1 8 7 6 4 2 3 9 10 11 5 
1 8 7 6 4 2 3 11 10 9 5 
1 8 7 6 4 2 10 9 3 11 5 
1 8 7 6 4 2 10 11 3 9 5 
1 8 7 6 4 2 11 3 9 10 5 
1 8 7 6 4 2 11 3 10 9 5 
1 8 7 6 4 2 11 10 3 9 5 
1 8 7 6 4 3 2 11 10 9 5 
1 8 7 6 4 3 9 10 2 11 5 
1 8 7 6 4 3 9 10 11 2 5 
1 8 7 6 4 3 11 2 10 9 5 
1 8 7 6 4 9 3 2 10 11 5 
1 8 7 6 4 9 3 2 11 10 5 
1 8 7 6 4 9 3 10 2 11 5 
1 8 7 6 4 9 3 10 11 2 5 
1 8 7 6 4 9 3 11 2 10 5 
1 8 7 6 4 9 3 11 10 2 5 
1 8 7 6 4 9 10 2 3 11 5 
1 8 7 6 4 9 10 3 2 11 5 
1 8 7 6 4 9 10 3 11 2 5 
1 8 7 6 4 9 10 11 3 2 5 
1 8 7 6 4 10 2 11 3 9 5 
1 8 7 6 4 10 9 3 2 11 5 
1 8 7 6 4 10 9 3 11 2 5 
1 8 7 6 4 10 11 2 3 9 5 
1 8 7 6 4 11 2 3 10 9 5 
1 8 7 6 9 3 2 4 10 11 5 
1 8 7 6 9 3 2 11 10 4 5 
1 8 7 6 9 3 4 2 10 11 5 
1 8 7 6 9 3 4 2 11 10 5 
1 8 7 6 9 3 4 10 2 11 5 
1 8 7 6 9 3 4 10 11 2 5 
1 8 7 6 9 3 10 4 2 11 5 
1 8 7 6 9 3 10 11 2 4 5 
1 8 7 6 9 3 11 2 4 10 5 
1 8 7 6 9 3 11 2 10 4 5 
1 8 7 6 9 3 11 10 2 4 5 
1 8 7 6 9 3 11 10 4 2 5 
1 8 7 6 9 4 2 3 10 11 5 
1 8 7 6 9 4 2 3 11 10 5 
1 8 7 6 9 4 2 10 3 11 5 
1 8 7 6 9 4 2 11 3 10 5 
1 8 7 6 9 4 3 2 10 11 5 
1 8 7 6 9 4 3 2 11 10 5 
1 8 7 6 9 4 3 10 2 11 5 
1 8 7 6 9 4 3 10 11 2 5 
1 8 7 6 9 4 3 11 2 10 5 
1 8 7 6 9 4 3 11 10 2 5 
1 8 7 6 9 4 10 2 3 11 5 
1 8 7 6 9 4 10 3 2 11 5 
1 8 7 6 9 4 10 3 11 2 5 
1 8 7 6 9 4 10 11 3 2 5 
1 8 7 6 9 10 2 4 3 11 5 
1 8 7 6 9 10 2 11 3 4 5 
1 8 7 6 9 10 3 4 2 11 5 
1 8 7 6 9 10 3 11 2 4 5 
1 8 7 6 9 10 4 2 3 11 5 
1 8 7 6 9 10 4 3 2 11 5 
1 8 7 6 9 10 4 3 11 2 5 
1 8 7 6 9 10 11 2 3 4 5 
1 8 7 6 9 10 11 3 2 4 5 
1 8 7 6 9 10 11 3 4 2 5 
1 8 7 6 10 2 4 9 3 11 5 
1 8 7 6 10 2 11 3 4 9 5 
1 8 7 6 10 2 11 3 9 4 5 
1 8 7 6 10 3 9 4 2 11 5 
1 8 7 6 10 3 11 2 4 9 5 
1 8 7 6 10 4 2 11 3 9 5 
1 8 7 6 10 4 9 3 2 11 5 
1 8 7 6 10 4 9 3 11 2 5 
1 8 7 6 10 9 3 4 2 11 5 
1 8 7 6 10 9 3 11 2 4 5 
1 8 7 6 10 9 4 2 3 11 5 
1 8 7 6 10 9 4 3 2 11 5 
1 8 7 6 10 9 4 3 11 2 5 
1 8 7 6 10 11 2 3 4 9 5 
1 8 7 6 10 11 2 3 9 4 5 
1 8 7 6 10 11 2 4 3 9 5 
1 8 7 6 10 11 3 2 4 9 5 
1 8 7 6 10 11 3 9 4 2 5 
1 8 7 6 11 2 3 4 9 10 5 
1 8 7 6 11 2 3 4 10 9 5 
1 8 7 6 11 2 3 9 4 10 5 
1 8 7 6 11 2 3 9 10 4 5 
1 8 7 6 11 2 3 10 4 9 5 
1 8 7 6 11 2 3 10 9 4 5 
1 8 7 6 11 2 4 3 9 10 5 
1 8 7 6 11 2 4 3 10 9 5 
1 8 7 6 11 2 4 9 3 10 5 
1 8 7 6 11 2 4 10 3 9 5 
1 8 7 6 11 2 10 3 4 9 5 
1 8 7 6 11 2 10 3 9 4 5 
1 8 7 6 11 2 10 4 3 9 5 
1 8 7 6 11 2 10 9 3 4 5 
1 8 7 6 11 3 2 4 9 10 5 
1 8 7 6 11 3 2 4 10 9 5 
1 8 7 6 11 3 2 10 4 9 5 
1 8 7 6 11 3 2 10 9 4 5 
1 8 7 6 11 3 4 2 10 9 5 
1 8 7 6 11 3 4 9 10 2 5 
1 8 7 6 11 3 9 4 2 10 5 
1 8 7 6 11 3 9 4 10 2 5 
1 8 7 6 11 3 9 10 2 4 5 
1 8 7 6 11 3 9 10 4 2 5 
1 8 7 6 11 3 10 2 4 9 5 
1 8 7 6 11 3 10 9 4 2 5 
1 8 7 6 11 10 2 3 4 9 5 
1 8 7 6 11 10 2 3 9 4 5 
1 8 7 6 11 10 2 4 3 9 5 
1 8 7 6 11 10 3 2 4 9 5 
1 8 7 6 11 10 3 9 4 2 5 
1 8 7 6 11 10 4 2 3 9 5 
1 8 7 6 11 10 4 9 3 2 5 
1 8 7 6 11 10 9 3 2 4 5 
1 8 7 6 11 10 9 3 4 2 5 
1 8 7 6 11 10 9 4 3 2 5 
1 8 7 9 3 2 4 6 10 11 5 
1 8 7 9 3 2 4 6 11 10 5 
1 8 7 9 3 2 4 10 6 11 5 
1 8 7 9 3 2 4 10 11 6 5 
1 8 7 9 3 2 6 4 10 11 5 
1 8 7 9 3 2 6 11 10 4 5 
1 8 7 9 3 2 10 4 6 11 5 
1 8 7 9 3 2 10 11 6 4 5 
1 8 7 9 3 2 11 6 4 10 5 
1 8 7 9 3 2 11 6 10 4 5 
1 8 7 9 3 2 11 10 4 6 5 
1 8 7 9 3 2 11 10 6 4 5 
1 8 7 9 3 4 2 6 10 11 5 
1 8 7 9 3 4 2 6 11 10 5 
1 8 7 9 3 4 2 10 6 11 5 
1 8 7 9 3 4 2 10 11 6 5 
1 8 7 9 3 4 2 11 6 10 5 
1 8 7 9 3 4 2 11 10 6 5 
1 8 7 9 3 4 6 2 10 11 5 
1 8 7 9 3 4 6 2 11 10 5 
1 8 7 9 3 4 6 10 2 11 5 
1 8 7 9 3 4 6 10 11 2 5 
1 8 7 9 3 4 6 11 2 10 5 
1 8 7 9 3 4 6 11 10 2 5 
1 8 7 9 3 4 10 2 6 11 5 
1 8 7 9 3 4 10 2 11 6 5 
1 8 7 9 3 4 10 6 2 11 5 
1 8 7 9 3 4 10 6 11 2 5 
1 8 7 9 3 4 10 11 2 6 5 
1 8 7 9 3 4 10 11 6 2 5 
1 8 7 9 3 10 2 4 6 11 5 
1 8 7 9 3 10 2 11 6 4 5 
1 8 7 9 3 10 4 2 6 11 5 
1 8 7 9 3 10 4 2 11 6 5 
1 8 7 9 3 10 4 6 2 11 5 
1 8 7 9 3 10 4 6 11 2 5 
1 8 7 9 3 10 6 4 2 11 5 
1 8 7 9 3 10 6 11 2 4 5 
1 8 7 9 3 10 11 2 4 6 5 
1 8 7 9 3 10 11 2 6 4 5 
1 8 7 9 3 10 11 6 2 4 5 
1 8 7 9 3 10 11 6 4 2 5 
1 8 7 9 3 11 2 4 6 10 5 
1 8 7 9 3 11 2 4 10 6 5 
1 8 7 9 3 11 2 6 4 10 5 
1 8 7 9 3 11 2 6 10 4 5 
1 8 7 9 3 11 2 10 4 6 5 
1 8 7 9 3 11 2 10 6 4 5 
1 8 7 9 3 11 6 2 4 10 5 
1 8 7 9 3 11 6 2 10 4 5 
1 8 7 9 3 11 6 4 2 10 5 
1 8 7 9 3 11 6 4 10 2 5 
1 8 7 9 3 11 6 10 2 4 5 
1 8 7 9 3 11 6 10 4 2 5 
1 8 7 9 3 11 10 2 4 6 5 
1 8 7 9 3 11 10 2 6 4 5 
1 8 7 9 3 11 10 4 2 6 5 
1 8 7 9 3 11 10 4 6 2 5 
1 8 7 9 3 11 10 6 2 4 5 
1 8 7 9 3 11 10 6 4 2 5 
1 8 7 9 4 2 3 10 6 11 5 
1 8 7 9 4 2 3 10 11 6 5 
1 8 7 9 4 2 3 11 6 10 5 
1 8 7 9 4 2 3 11 10 6 5 
1 8 7 9 4 2 6 10 3 11 5 
1 8 7 9 4 2 6 11 3 10 5 
1 8 7 9 4 2 10 3 11 6 5 
1 8 7 9 4 2 11 3 10 6 5 
1 8 7 9 4 3 2 6 10 11 5 
1 8 7 9 4 3 2 6 11 10 5 
1 8 7 9 4 3 2 10 6 11 5 
1 8 7 9 4 3 2 10 11 6 5 
1 8 7 9 4 3 2 11 6 10 5 
1 8 7 9 4 3 2 11 10 6 5 
1 8 7 9 4 3 10 2 6 11 5 
1 8 7 9 4 3 10 2 11 6 5 
1 8 7 9 4 3 10 6 2 11 5 
1 8 7 9 4 3 10 6 11 2 5 
1 8 7 9 4 3 10 11 2 6 5 
1 8 7 9 4 3 10 11 6 2 5 
1 8 7 9 4 3 11 2 6 10 5 
1 8 7 9 4 3 11 2 10 6 5 
1 8 7 9 4 3 11 6 2 10 5 
1 8 7 9 4 3 11 6 10 2 5 
1 8 7 9 4 3 11 10 2 6 5 
1 8 7 9 4 3 11 10 6 2 5 
1 8 7 9 4 6 2 3 10 11 5 
1 8 7 9 4 6 2 3 11 10 5 
1 8 7 9 4 6 2 10 3 11 5 
1 8 7 9 4 6 2 11 3 10 5 
1 8 7 9 4 6 10 2 3 11 5 
1 8 7 9 4 6 10 3 2 11 5 
1 8 7 9 4 6 10 3 11 2 5 
1 8 7 9 4 6 10 11 3 2 5 
1 8 7 9 4 6 11 2 3 10 5 
1 8 7 9 4 6 11 3 2 10 5 
1 8 7 9 4 6 11 3 10 2 5 
1 8 7 9 4 6 11 10 3 2 5 
1 8 7 9 4 10 2 3 11 6 5 
1 8 7 9 4 10 3 2 6 11 5 
1 8 7 9 4 10 3 2 11 6 5 
1 8 7 9 4 10 3 11 2 6 5 
1 8 7 9 4 10 3 11 6 2 5 
1 8 7 9 4 10 6 2 3 11 5 
1 8 7 9 4 10 6 11 3 2 5 
1 8 7 9 4 10 11 3 2 6 5 
1 8 7 9 6 2 3 4 10 11 5 
1 8 7 9 6 2 3 11 10 4 5 
1 8 7 9 6 2 4 3 10 11 5 
1 8 7 9 6 2 4 3 11 10 5 
1 8 7 9 6 2 4 10 3 11 5 
1 8 7 9 6 2 10 4 3 11 5 
1 8 7 9 6 2 10 11 3 4 5 
1 8 7 9 6 2 11 3 4 10 5 
1 8 7 9 6 2 11 3 10 4 5 
1 8 7 9 6 2 11 10 3 4 5 
1 8 7 9 6 4 2 3 10 11 5 
1 8 7 9 6 4 2 3 11 10 5 
1 8 7 9 6 4 2 10 3 11 5 
1 8 7 9 6 4 2 11 3 10 5 
1 8 7 9 6 4 3 2 10 11 5 
1 8 7 9 6 4 3 2 11 10 5 
1 8 7 9 6 4 3 10 2 11 5 
1 8 7 9 6 4 3 10 11 2 5 
1 8 7 9 6 4 3 11 2 10 5 
1 8 7 9 6 4 3 11 10 2 5 
1 8 7 9 6 4 10 2 3 11 5 
1 8 7 9 6 4 10 3 2 11 5 
1 8 7 9 6 4 10 3 11 2 5 
1 8 7 9 6 4 10 11 3 2 5 
1 8 7 9 6 10 2 4 3 11 5 
1 8 7 9 6 10 2 11 3 4 5 
1 8 7 9 6 10 3 4 2 11 5 
1 8 7 9 6 10 3 11 2 4 5 
1 8 7 9 6 10 4 2 3 11 5 
1 8 7 9 6 10 4 3 2 11 5 
1 8 7 9 6 10 4 3 11 2 5 
1 8 7 9 6 10 11 2 3 4 5 
1 8 7 9 6 10 11 3 2 4 5 
1 8 7 9 6 10 11 3 4 2 5 
1 8 7 9 6 11 2 3 4 10 5 
1 8 7 9 6 11 2 3 10 4 5 
1 8 7 9 6 11 2 4 3 10 5 
1 8 7 9 6 11 2 10 3 4 5 
1 8 7 9 6 11 3 2 4 10 5 
1 8 7 9 6 11 3 2 10 4 5 
1 8 7 9 6 11 3 4 2 10 5 
1 8 7 9 6 11 3 4 10 2 5 
1 8 7 9 6 11 3 10 2 4 5 
1 8 7 9 6 11 3 10 4 2 5 
1 8 7 9 6 11 10 2 3 4 5 
1 8 7 9 6 11 10 3 2 4 5 
1 8 7 9 6 11 10 3 4 2 5 
1 8 7 9 6 11 10 4 3 2 5 
1 8 7 9 10 2 3 4 6 11 5 
1 8 7 9 10 2 3 11 6 4 5 
1 8 7 9 10 2 4 3 11 6 5 
1 8 7 9 10 2 6 4 3 11 5 
1 8 7 9 10 2 6 11 3 4 5 
1 8 7 9 10 2 11 3 4 6 5 
1 8 7 9 10 3 2 4 6 11 5 
1 8 7 9 10 3 2 11 6 4 5 
1 8 7 9 10 3 4 2 6 11 5 
1 8 7 9 10 3 4 2 11 6 5 
1 8 7 9 10 3 4 6 2 11 5 
1 8 7 9 10 3 4 6 11 2 5 
1 8 7 9 10 3 11 2 4 6 5 
1 8 7 9 10 3 11 2 6 4 5 
1 8 7 9 10 3 11 6 2 4 5 
1 8 7 9 10 3 11 6 4 2 5 
1 8 7 9 10 4 2 3 11 6 5 
1 8 7 9 10 4 3 2 6 11 5 
1 8 7 9 10 4 3 2 11 6 5 
1 8 7 9 10 4 3 11 2 6 5 
1 8 7 9 10 4 3 11 6 2 5 
1 8 7 9 10 4 6 2 3 11 5 
1 8 7 9 10 4 6 11 3 2 5 
1 8 7 9 10 6 2 4 3 11 5 
1 8 7 9 10 6 2 11 3 4 5 
1 8 7 9 10 6 4 2 3 11 5 
1 8 7 9 10 6 4 3 2 11 5 
1 8 7 9 10 6 4 3 11 2 5 
1 8 7 9 10 6 11 2 3 4 5 
1 8 7 9 10 6 11 3 2 4 5 
1 8 7 9 10 6 11 3 4 2 5 
1 8 7 9 10 11 2 3 4 6 5 
1 8 7 9 10 11 3 2 4 6 5 
1 8 7 9 10 11 3 2 6 4 5 
1 8 7 9 10 11 3 4 2 6 5 
1 8 7 9 10 11 3 4 6 2 5 
1 8 7 9 10 11 6 2 3 4 5 
1 8 7 9 10 11 6 4 3 2 5 
1 8 7 10 2 3 4 9 6 11 5 
1 8 7 10 2 3 9 4 6 11 5 
1 8 7 10 2 3 11 6 4 9 5 
1 8 7 10 2 3 11 6 9 4 5 
1 8 7 10 2 4 3 9 6 11 5 
1 8 7 10 2 4 3 11 6 9 5 
1 8 7 10 2 4 6 9 3 11 5 
1 8 7 10 2 4 6 11 3 9 5 
1 8 7 10 2 4 9 3 11 6 5 
1 8 7 10 2 6 4 9 3 11 5 
1 8 7 10 2 6 9 4 3 11 5 
1 8 7 10 2 6 11 3 4 9 5 
1 8 7 10 2 6 11 3 9 4 5 
1 8 7 10 2 11 3 4 6 9 5 
1 8 7 10 2 11 3 4 9 6 5 
1 8 7 10 2 11 3 9 4 6 5 
1 8 7 10 2 11 3 9 6 4 5 
1 8 7 10 2 11 6 4 3 9 5 
1 8 7 10 2 11 6 9 3 4 5 
1 8 7 10 3 2 4 9 6 11 5 
1 8 7 10 3 2 11 6 4 9 5 
1 8 7 10 3 2 11 6 9 4 5 
1 8 7 10 3 4 2 11 6 9 5 
1 8 7 10 3 4 9 6 2 11 5 
1 8 7 10 3 4 9 6 11 2 5 
1 8 7 10 3 9 4 2 6 11 5 
1 8 7 10 3 9 4 2 11 6 5 
1 8 7 10 3 9 4 6 2 11 5 
1 8 7 10 3 9 4 6 11 2 5 
1 8 7 10 3 9 6 4 2 11 5 
1 8 7 10 3 9 6 11 2 4 5 
1 8 7 10 3 11 2 4 6 9 5 
1 8 7 10 3 11 2 4 9 6 5 
1 8 7 10 3 11 2 6 4 9 5 
1 8 7 10 3 11 2 6 9 4 5 
1 8 7 10 3 11 6 2 4 9 5 
1 8 7 10 3 11 6 9 4 2 5 
1 8 7 10 4 2 3 9 6 11 5 
1 8 7 10 4 2 3 11 6 9 5 
1 8 7 10 4 2 6 9 3 11 5 
1 8 7 10 4 2 6 11 3 9 5 
1 8 7 10 4 2 11 3 9 6 5 
1 8 7 10 4 3 2 11 6 9 5 
1 8 7 10 4 3 9 6 2 11 5 
1 8 7 10 4 3 9 6 11 2 5 
1 8 7 10 4 3 11 2 6 9 5 
1 8 7 10 4 6 2 11 3 9 5 
1 8 7 10 4 6 9 3 2 11 5 
1 8 7 10 4 6 9 3 11 2 5 
1 8 7 10 4 6 11 2 3 9 5 
1 8 7 10 4 9 3 2 6 11 5 
1 8 7 10 4 9 3 2 11 6 5 
1 8 7 10 4 9 3 11 2 6 5 
1 8 7 10 4 9 3 11 6 2 5 
1 8 7 10 4 9 6 2 3 11 5 
1 8 7 10 4 9 6 11 3 2 5 
1 8 7 10 6 2 4 9 3 11 5 
1 8 7 10 6 2 11 3 4 9 5 
1 8 7 10 6 2 11 3 9 4 5 
1 8 7 10 6 4 2 11 3 9 5 
1 8 7 10 6 4 9 3 2 11 5 
1 8 7 10 6 4 9 3 11 2 5 
1 8 7 10 6 9 3 4 2 11 5 
1 8 7 10 6 9 3 11 2 4 5 
1 8 7 10 6 9 4 2 3 11 5 
1 8 7 10 6 9 4 3 2 11 5 
1 8 7 10 6 9 4 3 11 2 5 
1 8 7 10 6 11 2 3 4 9 5 
1 8 7 10 6 11 2 3 9 4 5 
1 8 7 10 6 11 2 4 3 9 5 
1 8 7 10 6 11 3 2 4 9 5 
1 8 7 10 6 11 3 9 4 2 5 
1 8 7 10 9 3 2 4 6 11 5 
1 8 7 10 9 3 2 11 6 4 5 
1 8 7 10 9 3 4 2 6 11 5 
1 8 7 10 9 3 4 2 11 6 5 
1 8 7 10 9 3 4 6 2 11 5 
1 8 7 10 9 3 4 6 11 2 5 
1 8 7 10 9 3 11 2 4 6 5 
1 8 7 10 9 3 11 2 6 4 5 
1 8 7 10 9 3 11 6 2 4 5 
1 8 7 10 9 3 11 6 4 2 5 
1 8 7 10 9 4 2 3 11 6 5 
1 8 7 10 9 4 3 2 6 11 5 
1 8 7 10 9 4 3 2 11 6 5 
1 8 7 10 9 4 3 11 2 6 5 
1 8 7 10 9 4 3 11 6 2 5 
1 8 7 10 9 4 6 2 3 11 5 
1 8 7 10 9 4 6 11 3 2 5 
1 8 7 10 9 6 2 4 3 11 5 
1 8 7 10 9 6 2 11 3 4 5 
1 8 7 10 9 6 4 2 3 11 5 
1 8 7 10 9 6 4 3 2 11 5 
1 8 7 10 9 6 4 3 11 2 5 
1 8 7 10 9 6 11 2 3 4 5 
1 8 7 10 9 6 11 3 2 4 5 
1 8 7 10 9 6 11 3 4 2 5 
1 8 7 10 11 2 3 4 6 9 5 
1 8 7 10 11 2 3 4 9 6 5 
1 8 7 10 11 2 3 9 4 6 5 
1 8 7 10 11 2 3 9 6 4 5 
1 8 7 10 11 2 4 3 9 6 5 
1 8 7 10 11 2 6 4 3 9 5 
1 8 7 10 11 2 6 9 3 4 5 
1 8 7 10 11 3 2 4 6 9 5 
1 8 7 10 11 3 2 4 9 6 5 
1 8 7 10 11 3 2 6 4 9 5 
1 8 7 10 11 3 2 6 9 4 5 
1 8 7 10 11 3 4 2 6 9 5 
1 8 7 10 11 3 4 9 6 2 5 
1 8 7 10 11 3 9 4 2 6 5 
1 8 7 10 11 3 9 4 6 2 5 
1 8 7 10 11 3 9 6 2 4 5 
1 8 7 10 11 3 9 6 4 2 5 
1 8 7 10 11 6 2 3 4 9 5 
1 8 7 10 11 6 2 3 9 4 5 
1 8 7 10 11 6 2 4 3 9 5 
1 8 7 10 11 6 4 2 3 9 5 
1 8 7 10 11 6 4 9 3 2 5 
1 8 7 10 11 6 9 3 2 4 5 
1 8 7 10 11 6 9 3 4 2 5 
1 8 7 10 11 6 9 4 3 2 5 
1 8 7 11 2 3 4 6 9 10 5 
1 8 7 11 2 3 4 6 10 9 5 
1 8 7 11 2 3 4 9 6 10 5 
1 8 7 11 2 3 4 9 10 6 5 
1 8 7 11 2 3 4 10 6 9 5 
1 8 7 11 2 3 4 10 9 6 5 
1 8 7 11 2 3 9 4 6 10 5 
1 8 7 11 2 3 9 4 10 6 5 
1 8 7 11 2 3 9 6 4 10 5 
1 8 7 11 2 3 9 6 10 4 5 
1 8 7 11 2 3 9 10 4 6 5 
1 8 7 11 2 3 9 10 6 4 5 
1 8 7 11 2 3 10 4 6 9 5 
1 8 7 11 2 3 10 4 9 6 5 
1 8 7 11 2 3 10 6 4 9 5 
1 8 7 11 2 3 10 6 9 4 5 
1 8 7 11 2 3 10 9 4 6 5 
1 8 7 11 2 3 10 9 6 4 5 
1 8 7 11 2 4 3 9 6 10 5 
1 8 7 11 2 4 3 9 10 6 5 
1 8 7 11 2 4 3 10 6 9 5 
1 8 7 11 2 4 3 10 9 6 5 
1 8 7 11 2 4 6 9 3 10 5 
1 8 7 11 2 4 6 10 3 9 5 
1 8 7 11 2 4 9 3 10 6 5 
1 8 7 11 2 4 10 3 9 6 5 
1 8 7 11 2 6 4 3 9 10 5 
1 8 7 11 2 6 4 3 10 9 5 
1 8 7 11 2 6 4 9 3 10 5 
1 8 7 11 2 6 4 10 3 9 5 
1 8 7 11 2 6 9 3 4 10 5 
1 8 7 11 2 6 9 3 10 4 5 
1 8 7 11 2 6 9 4 3 10 5 
1 8 7 11 2 6 9 10 3 4 5 
1 8 7 11 2 6 10 3 4 9 5 
1 8 7 11 2 6 10 3 9 4 5 
1 8 7 11 2 6 10 4 3 9 5 
1 8 7 11 2 6 10 9 3 4 5 
1 8 7 11 2 10 3 4 6 9 5 
1 8 7 11 2 10 3 4 9 6 5 
1 8 7 11 2 10 3 9 4 6 5 
1 8 7 11 2 10 3 9 6 4 5 
1 8 7 11 2 10 4 3 9 6 5 
1 8 7 11 2 10 6 4 3 9 5 
1 8 7 11 2 10 6 9 3 4 5 
1 8 7 11 2 10 9 3 4 6 5 
1 8 7 11 3 2 4 6 9 10 5 
1 8 7 11 3 2 4 6 10 9 5 
1 8 7 11 3 2 4 9 6 10 5 
1 8 7 11 3 2 4 9 10 6 5 
1 8 7 11 3 2 4 10 6 9 5 
1 8 7 11 3 2 4 10 9 6 5 
1 8 7 11 3 2 6 4 9 10 5 
1 8 7 11 3 2 6 4 10 9 5 
1 8 7 11 3 2 6 9 4 10 5 
1 8 7 11 3 2 6 9 10 4 5 
1 8 7 11 3 2 6 10 4 9 5 
1 8 7 11 3 2 6 10 9 4 5 
1 8 7 11 3 2 10 4 6 9 5 
1 8 7 11 3 2 10 4 9 6 5 
1 8 7 11 3 2 10 6 4 9 5 
1 8 7 11 3 2 10 6 9 4 5 
1 8 7 11 3 2 10 9 4 6 5 
1 8 7 11 3 2 10 9 6 4 5 
1 8 7 11 3 4 2 6 9 10 5 
1 8 7 11 3 4 2 6 10 9 5 
1 8 7 11 3 4 2 10 6 9 5 
1 8 7 11 3 4 2 10 9 6 5 
1 8 7 11 3 4 6 2 10 9 5 
1 8 7 11 3 4 6 9 10 2 5 
1 8 7 11 3 4 9 6 2 10 5 
1 8 7 11 3 4 9 6 10 2 5 
1 8 7 11 3 4 9 10 2 6 5 
1 8 7 11 3 4 9 10 6 2 5 
1 8 7 11 3 4 10 2 6 9 5 
1 8 7 11 3 4 10 9 6 2 5 
1 8 7 11 3 9 4 2 6 10 5 
1 8 7 11 3 9 4 2 10 6 5 
1 8 7 11 3 9 4 6 2 10 5 
1 8 7 11 3 9 4 6 10 2 5 
1 8 7 11 3 9 4 10 2 6 5 
1 8 7 11 3 9 4 10 6 2 5 
1 8 7 11 3 9 6 2 4 10 5 
1 8 7 11 3 9 6 2 10 4 5 
1 8 7 11 3 9 6 4 2 10 5 
1 8 7 11 3 9 6 4 10 2 5 
1 8 7 11 3 9 6 10 2 4 5 
1 8 7 11 3 9 6 10 4 2 5 
1 8 7 11 3 9 10 2 4 6 5 
1 8 7 11 3 9 10 2 6 4 5 
1 8 7 11 3 9 10 4 2 6 5 
1 8 7 11 3 9 10 4 6 2 5 
1 8 7 11 3 9 10 6 2 4 5 
1 8 7 11 3 9 10 6 4 2 5 
1 8 7 11 3 10 2 4 6 9 5 
1 8 7 11 3 10 2 4 9 6 5 
1 8 7 11 3 10 2 6 4 9 5 
1 8 7 11 3 10 2 6 9 4 5 
1 8 7 11 3 10 4 2 6 9 5 
1 8 7 11 3 10 4 9 6 2 5 
1 8 7 11 3 10 6 2 4 9 5 
1 8 7 11 3 10 6 9 4 2 5 
1 8 7 11 3 10 9 4 2 6 5 
1 8 7 11 3 10 9 4 6 2 5 
1 8 7 11 3 10 9 6 2 4 5 
1 8 7 11 3 10 9 6 4 2 5 
1 8 7 11 4 6 2 3 10 9 5 
1 8 7 11 6 2 3 4 9 10 5 
1 8 7 11 6 2 3 4 10 9 5 
1 8 7 11 6 2 3 9 4 10 5 
1 8 7 11 6 2 3 9 10 4 5 
1 8 7 11 6 2 3 10 4 9 5 
1 8 7 11 6 2 3 10 9 4 5 
1 8 7 11 6 2 4 3 9 10 5 
1 8 7 11 6 2 4 3 10 9 5 
1 8 7 11 6 2 4 9 3 10 5 
1 8 7 11 6 2 4 10 3 9 5 
1 8 7 11 6 2 10 3 4 9 5 
1 8 7 11 6 2 10 3 9 4 5 
1 8 7 11 6 2 10 4 3 9 5 
1 8 7 11 6 2 10 9 3 4 5 
1 8 7 11 6 4 2 3 9 10 5 
1 8 7 11 6 4 2 3 10 9 5 
1 8 7 11 6 4 2 10 3 9 5 
1 8 7 11 6 4 3 2 10 9 5 
1 8 7 11 6 4 3 9 10 2 5 
1 8 7 11 6 4 9 3 2 10 5 
1 8 7 11 6 4 9 3 10 2 5 
1 8 7 11 6 4 9 10 3 2 5 
1 8 7 11 6 4 10 2 3 9 5 
1 8 7 11 6 4 10 9 3 2 5 
1 8 7 11 6 9 3 2 4 10 5 
1 8 7 11 6 9 3 2 10 4 5 
1 8 7 11 6 9 3 4 2 10 5 
1 8 7 11 6 9 3 4 10 2 5 
1 8 7 11 6 9 3 10 2 4 5 
1 8 7 11 6 9 3 10 4 2 5 
1 8 7 11 6 9 4 2 3 10 5 
1 8 7 11 6 9 4 3 2 10 5 
1 8 7 11 6 9 4 3 10 2 5 
1 8 7 11 6 9 4 10 3 2 5 
1 8 7 11 6 9 10 2 3 4 5 
1 8 7 11 6 9 10 3 2 4 5 
1 8 7 11 6 9 10 3 4 2 5 
1 8 7 11 6 9 10 4 3 2 5 
1 8 7 11 6 10 2 3 4 9 5 
1 8 7 11 6 10 2 3 9 4 5 
1 8 7 11 6 10 2 4 3 9 5 
1 8 7 11 6 10 3 2 4 9 5 
1 8 7 11 6 10 3 9 4 2 5 
1 8 7 11 6 10 4 2 3 9 5 
1 8 7 11 6 10 4 9 3 2 5 
1 8 7 11 6 10 9 3 2 4 5 
1 8 7 11 6 10 9 3 4 2 5 
1 8 7 11 6 10 9 4 3 2 5 
1 8 7 11 10 2 3 4 6 9 5 
1 8 7 11 10 2 3 4 9 6 5 
1 8 7 11 10 2 3 9 4 6 5 
1 8 7 11 10 2 3 9 6 4 5 
1 8 7 11 10 2 4 3 9 6 5 
1 8 7 11 10 2 6 4 3 9 5 
1 8 7 11 10 2 6 9 3 4 5 
1 8 7 11 10 3 2 4 6 9 5 
1 8 7 11 10 3 2 4 9 6 5 
1 8 7 11 10 3 2 6 4 9 5 
1 8 7 11 10 3 2 6 9 4 5 
1 8 7 11 10 3 4 2 6 9 5 
1 8 7 11 10 3 4 9 6 2 5 
1 8 7 11 10 3 9 4 2 6 5 
1 8 7 11 10 3 9 4 6 2 5 
1 8 7 11 10 3 9 6 2 4 5 
1 8 7 11 10 3 9 6 4 2 5 
1 8 7 11 10 4 2 3 9 6 5 
1 8 7 11 10 4 3 2 6 9 5 
1 8 7 11 10 4 3 9 6 2 5 
1 8 7 11 10 4 6 2 3 9 5 
1 8 7 11 10 4 6 9 3 2 5 
1 8 7 11 10 4 9 3 2 6 5 
1 8 7 11 10 6 2 3 4 9 5 
1 8 7 11 10 6 2 3 9 4 5 
1 8 7 11 10 6 2 4 3 9 5 
1 8 7 11 10 6 4 2 3 9 5 
1 8 7 11 10 6 4 9 3 2 5 
1 8 7 11 10 6 9 3 2 4 5 
1 8 7 11 10 6 9 3 4 2 5 
1 8 7 11 10 6 9 4 3 2 5 
1 8 7 11 10 9 3 2 4 6 5 
1 8 7 11 10 9 3 2 6 4 5 
1 8 7 11 10 9 3 4 2 6 5 
1 8 7 11 10 9 3 4 6 2 5 
1 8 7 11 10 9 4 3 2 6 5 
1 8 7 11 10 9 6 2 3 4 5 
1 8 7 11 10 9 6 4 3 2 5 
0
2764 1700 
3271 1362 
2275 2026 
2788 1684 
2335 1986 
3040 1516 
2890 1616 
3337 1318 
2464 1900 
2530 1856 
3037 1518 
2977 1558 
1903 2274 
2416 1932 
2029 2190 
2734 1720 
2458 1904 
2971 1562 
2518 1864 
2905 1606 
2557 1838 
2491 1882 
2938 1584 
2944 1580 
2488 1884 
3037 1518 
2554 1840 
3043 1514 
2548 1844 
2488 1884 
2977 1558 
2746 1712 
2422 1928 
2428 1924 
2680 1756 
2917 1598 
2908 1604 
3415 1266 
2347 1978 
2860 1636 
2407 1938 
3112 1468 
2935 1586 
3382 1288 
2932 1588 
2926 1592 
2866 1632 
3124 1460 
2536 1852 
3055 1506 
2503 1874 
2500 1876 
2575 1826 
2047 2178 
2494 1880 
2560 1836 
3082 1488 
3010 1536 
2047 2178 
2560 1836 
2074 2160 
2779 1690 
2071 2162 
2263 2034 
2575 1826 
2572 1828 
2086 2152 
2599 1810 
2635 1786 
2851 1642 
2119 2130 
2824 1660 
2629 1790 
3148 1444 
2113 2134 
2620 1796 
2662 1768 
2878 1624 
2674 1760 
3121 1462 
2818 1664 
3109 1470 
3694 1130 
2338 1984 
1966 2232 
2485 1886 
2491 1882 
2365 1966 
2884 1620 
2005 2206 
2512 1868 
2065 2166 
2281 2022 
2077 2158 
1450 2576 
1822 2328 
2329 1990 
1963 2234 
2299 2010 
2452 1908 
2371 1962 
2587 1818 
2011 2202 
2311 2002 
2824 1660 
2758 1704 
2527 1858 
2458 1904 
2464 1900 
2155 2106 
2392 1948 
2818 1664 
2452 1908 
2746 1712 
2752 1708 
2617 1798 
2611 1802 
2128 2124 
2380 1956 
2677 1758 
2935 1586 
2317 1998 
2866 1632 
2383 1954 
2872 1628 
2377 1958 
2317 1998 
1756 2372 
2074 2160 
2311 2002 
2311 2002 
2563 1834 
2245 2046 
2833 1654 
2602 1808 
2278 2024 
2284 2020 
2536 1852 
2773 1694 
2677 1758 
3226 1392 
2371 1962 
2860 1636 
2893 1614 
2833 1654 
2605 1806 
3127 1458 
2272 2028 
2821 1662 
2671 1762 
2827 1658 
2644 1780 
3133 1454 
2638 1784 
2272 2028 
2665 1766 
2605 1806 
3067 1498 
2836 1652 
2767 1698 
2773 1694 
2464 1900 
2701 1742 
3166 1432 
2863 1634 
2794 1680 
2563 1834 
2611 1802 
2245 2046 
2539 1850 
2545 1846 
2797 1678 
2734 1720 
2869 1630 
3106 1472 
3250 1376 
3757 1038 
2689 1750 
3202 1408 
2749 1710 
3454 1240 
3277 1358 
3724 1060 
3274 1360 
3268 1364 
3208 1404 
3466 1232 
2752 1708 
3271 1362 
2236 2052 
2743 1714 
2785 1686 
3001 1542 
2797 1678 
3244 1380 
2941 1582 
3232 1388 
3103 1474 
3097 1478 
2542 1848 
2794 1680 
3064 1500 
3322 1328 
3091 1482 
3613 1134 
3058 1504 
3052 1508 
3553 1174 
3250 1376 
3025 1526 
3283 1354 
3013 1534 
3460 1236 
3319 1330 
3313 1334 
3253 1374 
3511 1202 
2842 1648 
3397 1278 
3349 1310 
2281 2022 
2836 1652 
2794 1680 
3043 1514 
3046 1512 
2896 1612 
3316 1332 
3424 1260 
2800 1676 
3058 1504 
3115 1466 
3442 1248 
2470 1896 
3025 1526 
2989 1550 
2581 1822 
2887 1618 
2437 1918 
2992 1548 
2434 1920 
2683 1754 
2653 1774 
2962 1568 
3064 1500 
3208 1404 
2428 1924 
2434 1920 
2536 1852 
2881 1622 
2947 1578 
3469 1230 
2944 1580 
3160 1436 
2743 1714 
3088 1484 
3196 1412 
2152 2108 
2857 1638 
2458 1904 
2650 1776 
1981 2222 
2536 1852 
2494 1880 
2743 1714 
2713 1734 
2563 1834 
2197 2078 
2254 2040 
2653 1774 
2959 1570 
2509 1870 
3064 1500 
2506 1872 
2755 1706 
2164 2100 
2473 1894 
2575 1826 
2719 1730 
2986 1552 
2677 1758 
2782 1688 
3235 1386 
2713 1734 
2929 1590 
2758 1704 
3238 1384 
3124 1460 
2506 1872 
2608 1804 
2779 1690 
3211 1402 
3268 1364 
2707 1738 
3226 1392 
3055 1506 
2752 1708 
3043 1514 
3535 1186 
3118 1464 
2500 1876 
2602 1808 
3007 1538 
3265 1366 
3151 1442 
3061 1502 
3163 1434 
3334 1320 
3508 1204 
3205 1406 
3262 1368 
3847 1028 
3712 1118 
2671 1762 
2929 1590 
2869 1630 
3307 1338 
2263 2034 
2818 1664 
2146 2112 
2452 1908 
1957 2238 
2512 1868 
2554 1840 
2941 1582 
2527 1858 
2974 1560 
2524 1860 
3073 1494 
2476 1892 
2416 1932 
2665 1766 
2773 1694 
2599 1810 
3118 1464 
2146 2112 
2593 1814 
2452 1908 
2974 1560 
2902 1608 
3163 1434 
2191 2082 
2746 1712 
2710 1736 
2002 2208 
2308 2004 
1858 2304 
2413 1934 
1855 2306 
2104 2140 
2074 2160 
2383 1954 
2485 1886 
2629 1790 
2404 1940 
2410 1936 
2512 1868 
2857 1638 
2665 1766 
2863 1634 
2446 1912 
2752 1708 
2257 2038 
2812 1668 
2521 1862 
2908 1604 
2518 1864 
2410 1936 
2599 1810 
2767 1698 
2638 1784 
2635 1786 
2185 2086 
2491 1882 
2374 1960 
2680 1756 
2230 2056 
2785 1686 
2227 2058 
2476 1892 
2140 2116 
2449 1910 
2551 1842 
2695 1746 
2518 1864 
2716 1732 
2827 1658 
2980 1556 
2737 1718 
2782 1688 
2884 1620 
3169 1430 
3124 1460 
3073 1494 
1657 2438 
2221 2062 
1855 2306 
1966 2232 
2485 1886 
2512 1868 
1921 2262 
2023 2194 
2299 2010 
2452 1908 
2182 2088 
2227 2058 
2329 1990 
2674 1760 
2308 2004 
2746 1712 
2629 1790 
2212 2068 
2740 1716 
3289 1350 
2434 1920 
2923 1594 
2956 1572 
2896 1612 
2812 1668 
3334 1320 
2479 1890 
3028 1524 
2737 1718 
2371 1962 
2764 1700 
2704 1740 
2695 1746 
3244 1380 
2647 1778 
2587 1818 
3025 1526 
2536 1852 
2170 2096 
2230 2056 
2659 1770 
2827 1658 
2692 1748 
2800 1676 
2881 1622 
2515 1866 
2953 1574 
3145 1446 
2728 1724 
3172 1428 
2683 1754 
3112 1468 
3061 1502 
2989 1550 
1819 2330 
2332 1988 
1945 2246 
2650 1776 
1837 2318 
2224 2060 
2143 2114 
2143 2114 
2335 1986 
2017 2198 
1726 2392 
2431 1922 
2032 2188 
2224 2060 
1411 2602 
1966 2232 
1924 2260 
2173 2094 
2242 2048 
2092 2148 
1855 2306 
2161 2102 
1666 2432 
2221 2062 
1774 2360 
2161 2102 
2287 2018 
2179 2090 
2368 1964 
2536 1852 
1882 2288 
2080 2156 
2506 1872 
2248 2044 
1675 2426 
2188 2084 
2380 1956 
2437 1918 
1672 2428 
1990 2216 
1882 2288 
1564 2500 
1879 2290 
1939 2250 
1879 2290 
2047 2178 
2071 2162 
1921 2262 
1891 2282 
2404 1940 
1918 2264 
2623 1794 
1915 2266 
2107 2138 
1954 2240 
2170 2096 
1438 2584 
2143 2114 
1744 2380 
1963 2234 
2260 2036 
2452 1908 
1654 2440 
2359 1970 
1960 2236 
2152 2108 
1483 2554 
2038 2184 
1996 2212 
2245 2046 
2215 2066 
2065 2166 
1699 2410 
1756 2372 
1783 2354 
2089 2150 
1639 2450 
2194 2080 
1636 2452 
1885 2286 
1294 2680 
1603 2474 
1705 2406 
1849 2310 
2116 2132 
1807 2338 
1912 2268 
2365 1966 
1909 2270 
2125 2126 
1954 2240 
2434 1920 
2320 1996 
1702 2408 
1804 2340 
1975 2226 
2407 1938 
2464 1900 
2446 1912 
2644 1780 
2227 2058 
2533 1854 
2038 2184 
2593 1814 
2302 2008 
2689 1750 
2299 2010 
2191 2082 
2380 1956 
2548 1844 
2347 1978 
2344 1980 
1894 2280 
2200 2076 
2083 2154 
2389 1950 
1939 2250 
2494 1880 
1936 2252 
2185 2086 
1849 2310 
2158 2104 
2260 2036 
2404 1940 
1738 2384 
1936 2252 
2047 2178 
2200 2076 
1957 2238 
2002 2208 
2104 2140 
2389 1950 
2344 1980 
2293 2014 
2515 1866 
2671 1762 
2560 1836 
2452 1908 
2470 1896 
2362 1968 
2251 2042 
2311 2002 
2407 1938 
2575 1826 
2596 1812 
2860 1636 
2809 1670 
2764 1700 
2143 2114 
2296 2012 
2287 2018 
2503 1874 
1927 2258 
2188 2084 
2125 2126 
2485 1886 
2407 1938 
2605 1806 
2812 1668 
2554 1840 
2236 2052 
2749 1710 
2452 1908 
2509 1870 
2506 1872 
2722 1728 
2551 1842 
2767 1698 
2653 1774 
2191 2082 
2293 2014 
2464 1900 
2080 2156 
2233 2054 
1891 2282 
1936 2252 
2038 2184 
2449 1910 
2404 1940 
2353 1974 
2641 1782 
2578 1824 
2785 1686 
2596 1812 
2482 1888 
2893 1614 
2842 1648 
2698 1744 
2377 1958 
2005 2206 
2524 1860 
2530 1856 
2449 1910 
2968 1564 
2089 2150 
2596 1812 
2149 2110 
2365 1966 
2161 2102 
2653 1774 
2422 1928 
2353 1974 
2359 1970 
2050 2176 
2287 2018 
2713 1734 
2347 1978 
2641 1782 
2647 1778 
2641 1782 
3700 1126 
2833 1654 
2839 1650 
3277 1358 
2788 1684 
2470 1896 
2977 1558 
2674 1760 
2416 1932 
2398 1944 
2911 1602 
2917 1598 
2686 1752 
2743 1714 
2668 1764 
3187 1418 
3016 1532 
2713 1734 
3004 1540 
3232 1388 
2815 1666 
2353 1974 
2455 1906 
2860 1636 
2629 1790 
2515 1866 
2425 1926 
2527 1858 
2698 1744 
1942 2248 
2461 1902 
2389 1950 
1798 2344 
1900 2276 
2242 2048 
2395 1946 
2125 2126 
2170 2096 
2272 2028 
2677 1758 
2311 2002 
2749 1710 
2632 1788 
2215 2066 
2602 1808 
2800 1676 
3007 1538 
2749 1710 
2431 1922 
2944 1580 
2647 1778 
2704 1740 
2674 1760 
2890 1616 
2719 1730 
2935 1586 
2821 1662 
2359 1970 
2461 1902 
2632 1788 
2803 1674 
2956 1572 
2614 1800 
2659 1770 
2761 1702 
3172 1428 
3127 1458 
3076 1492 
3106 1472 
2875 1626 
2806 1672 
2812 1668 
2503 1874 
2740 1716 
3250 1376 
2947 1578 
2878 1624 
2647 1778 
3061 1502 
2830 1656 
2716 1732 
2644 1780 
3121 1462 
2704 1740 
3049 1510 
2560 1836 
3055 1506 
3004 1540 
2932 1588 
2602 1808 
2596 1812 
2113 2134 
2365 1966 
2662 1768 
2920 1596 
2302 2008 
2851 1642 
2368 1964 
2857 1638 
2362 1968 
2302 2008 
1741 2382 
2059 2170 
2296 2012 
2296 2012 
2548 1844 
2230 2056 
2818 1664 
2587 1818 
2263 2034 
2269 2030 
2521 1862 
2758 1704 
2746 1712 
2740 1716 
2185 2086 
2437 1918 
2707 1738 
2965 1566 
2374 1960 
2896 1612 
2341 1982 
2335 1986 
1885 2286 
2104 2140 
2413 1934 
2665 1766 
2962 1568 
2659 1770 
2434 1920 
2692 1748 
2599 1810 
2368 1964 
2299 2010 
2305 2006 
1996 2212 
2233 2054 
2698 1744 
2395 1946 
2326 1992 
2095 2146 
2143 2114 
1777 2358 
2071 2162 
2077 2158 
2329 1990 
2266 2032 
2401 1942 
2638 1784 
2557 1838 
2551 1842 
2068 2164 
2320 1996 
2617 1798 
2875 1626 
2509 1870 
2278 2024 
1954 2240 
1960 2236 
2212 2068 
2449 1910 
2398 1944 
2656 1772 
2398 1944 
1909 2270 
2587 1818 
2098 2144 
2104 2140 
2164 2100 
2593 1814 
2761 1702 
2098 2144 
2206 2072 
1795 2346 
1537 2518 
2032 2188 
2092 2148 
2032 2188 
2200 2076 
2284 2020 
2134 2120 
2554 1840 
2323 1994 
2173 2094 
2662 1768 
2617 1798 
3166 1432 
2569 1830 
2509 1870 
2947 1578 
2458 1904 
2092 2148 
2152 2108 
2581 1822 
2749 1710 
2614 1800 
2722 1728 
2545 1846 
3067 1498 
2542 1848 
2803 1674 
2386 1952 
1948 2244 
2053 2174 
2578 1824 
2497 1878 
2605 1806 
2611 1802 
2503 1874 
2392 1948 
2452 1908 
2548 1844 
2716 1732 
2584 1820 
2320 1996 
2425 1926 
2644 1780 
2809 1670 
3073 1494 
3022 1528 
2977 1558 
2314 2000 
1948 2244 
2386 1952 
2578 1824 
2161 2102 
2605 1806 
2116 2132 
2545 1846 
2494 1880 
2422 1928 
2743 1714 
2512 1868 
2443 1914 
2449 1910 
2140 2116 
2377 1958 
2887 1618 
2584 1820 
2515 1866 
2284 2020 
3007 1538 
2776 1692 
2662 1768 
2590 1816 
3106 1472 
2803 1674 
2545 1846 
2617 1798 
2551 1842 
2134 2120 
2479 1890 
1990 2216 
2485 1886 
2434 1920 
2362 1968 
2737 1718 
2623 1794 
2809 1670 
2551 1842 
3046 1512 
2995 1546 
2851 1642 
2788 1684 
3448 1244 
2152 2108 
2095 2146 
2365 1966 
2809 1670 
2197 2078 
2644 1780 
2872 1628 
3931 972 
2068 2164 
2728 1724 
2668 1764 
1600 2476 
2404 1940 
2851 1642 
1987 2218 
2710 1736 
3259 1370 
1906 2272 
2395 1946 
2623 1794 
2563 1834 
3046 1512 
2407 1938 
3214 1400 
2350 1976 
3211 1402 
2986 1552 
2446 1912 
3106 1472 
1978 2224 
2425 1926 
2284 2020 
3001 1542 
2788 1684 
2785 1686 
3508 1204 
2380 1956 
2935 1586 
3040 1516 
1849 2310 
2155 2106 
1744 2380 
2299 2010 
1687 2418 
1936 2252 
2062 2168 
2401 1942 
2425 1926 
2512 1868 
2869 1630 
2617 1798 
2236 2052 
2257 2038 
2344 1980 
2704 1740 
2308 2004 
2251 2042 
1840 2316 
2284 2020 
2146 2112 
2647 1778 
2347 1978 
2653 1774 
2242 2048 
2797 1678 
2185 2086 
2434 1920 
1756 2372 
2095 2146 
2119 2130 
2206 2072 
2563 1834 
2311 2002 
2140 2116 
2338 1984 
2263 2034 
2569 1830 
2074 2160 
2629 1790 
2035 2186 
2422 1928 
1978 2224 
1870 2296 
2059 2170 
2227 2058 
2476 1892 
2674 1760 
2353 1974 
2692 1748 
2755 1706 
2842 1648 
2839 1650 
2635 1786 
3283 1354 
3142 1448 
2740 1716 
3031 1522 
1645 2446 
2707 1738 
1843 2314 
2500 1876 
1924 2260 
2011 2202 
2008 2204 
2668 1764 
2326 1992 
2665 1766 
2728 1724 
2815 1666 
2644 1780 
2440 1916 
3091 1482 
2452 1908 
3175 1426 
2311 2002 
2773 1694 
2200 2076 
2641 1782 
3358 1304 
2005 2206 
2719 1730 
2554 1840 
2551 1842 
2725 1726 
3274 1360 
1921 2262 
2410 1936 
2638 1784 
2578 1824 
2593 1814 
1954 2240 
2761 1702 
1897 2278 
2758 1704 
2533 1854 
2323 1994 
2872 1628 
2275 2026 
2215 2066 
2995 1546 
2506 1872 
1642 2448 
1702 2408 
2131 2122 
2299 2010 
2359 1970 
2467 1898 
2782 1688 
2143 2114 
2866 1632 
2002 2208 
2659 1770 
2170 2096 
2827 1658 
2254 2040 
2824 1660 
2974 1560 
2599 1810 
2890 1616 
2080 2156 
2023 2194 
2293 2014 
2737 1718 
2098 2144 
2545 1846 
2095 2146 
2812 1668 
2599 1810 
2596 1812 
2041 2182 
2038 2184 
2113 2134 
2308 2004 
2755 1706 
2251 2042 
2773 1694 
2701 1742 
1573 2494 
2092 2148 
1627 2458 
2287 2018 
2284 2020 
2071 2162 
1933 2254 
2647 1778 
2455 1906 
2452 1908 
1879 2290 
2596 1812 
2380 1956 
2302 2008 
2962 1568 
1834 2320 
2281 2022 
2140 2116 
2857 1638 
2644 1780 
2641 1782 
1777 2358 
2083 2154 
1672 2428 
2227 2058 
1615 2466 
1864 2300 
1990 2216 
2329 1990 
2353 1974 
2440 1916 
2797 1678 
2545 1846 
2137 2118 
2158 2104 
2245 2046 
2605 1806 
2155 2106 
2872 1628 
2191 2082 
2188 2084 
2509 1870 
1936 2252 
2296 2012 
2404 1940 
2800 1676 
3319 1330 
2347 1978 
2794 1680 
2653 1774 
3175 1426 
3103 1474 
2119 2130 
2425 1926 
1975 2226 
2530 1856 
1972 2228 
2221 2062 
2191 2082 
2500 1876 
2602 1808 
2746 1712 
2689 1750 
2695 1746 
2797 1678 
3142 1448 
2638 1784 
3160 1436 
2635 1786 
2851 1642 
2434 1920 
2779 1690 
2887 1618 
2164 2100 
2107 2138 
1696 2412 
2140 2116 
2002 2208 
2503 1874 
1657 2438 
1996 2212 
2020 2196 
2107 2138 
2464 1900 
2212 2068 
2017 2198 
2050 2176 
1654 2440 
1798 2344 
2155 2106 
2266 2032 
1969 2230 
1966 2232 
1516 2532 
1822 2328 
1555 2506 
1864 2300 
1966 2232 
2110 2136 
1807 2338 
1498 2544 
1603 2474 
2056 2172 
2212 2068 
2182 2088 
2521 1862 
2536 1852 
2284 2020 
2236 2052 
2323 1994 
2680 1756 
1528 2524 
2047 2178 
1543 2514 
2203 2074 
1882 2288 
2356 1972 
1852 2308 
1939 2250 
2371 1962 
2566 1832 
1891 2282 
1993 2214 
2551 1842 
2209 2070 
2548 1844 
2563 1834 
2311 2002 
2068 2164 
2155 2106 
2335 1986 
2515 1866 
2098 2144 
2656 1772 
2083 2154 
2593 1814 
2287 2018 
2806 1672 
2746 1712 
2665 1766 
3184 1420 
2332 1988 
2329 1990 
2404 1940 
2431 1922 
2878 1624 
1834 2320 
2140 2116 
2587 1818 
2221 2062 
2446 1912 
2995 1546 
2140 2116 
2629 1790 
2662 1768 
2602 1808 
2896 1612 
2530 1856 
2923 1594 
2863 1634 
3007 1538 
3526 1192 
2554 1840 
3001 1542 
2860 1636 
3382 1288 
3310 1336 
3571 1162 
2599 1810 
3154 1440 
3118 1464 
2410 1936 
2716 1732 
2266 2032 
2821 1662 
2263 2034 
2512 1868 
2482 1888 
2791 1682 
2893 1614 
3037 1518 
2812 1668 
2818 1664 
2920 1596 
3265 1366 
3850 1026 
2203 2074 
2401 1942 
1984 2220 
2290 2016 
1795 2346 
2350 1976 
2059 2170 
2446 1912 
2056 2172 
1948 2244 
2137 2118 
2305 2006 
2176 2092 
2173 2094 
1723 2394 
2029 2190 
1912 2268 
2218 2064 
1768 2364 
2323 1994 
1765 2366 
2014 2200 
1678 2424 
1987 2218 
2089 2150 
2233 2054 
2056 2172 
2254 2040 
2365 1966 
2518 1864 
2275 2026 
2320 1996 
2422 1928 
2707 1738 
2662 1768 
2611 1802 
1918 2264 
2482 1888 
2116 2132 
2227 2058 
2746 1712 
2773 1694 
2182 2088 
2284 2020 
2560 1836 
2713 1734 
2443 1914 
2488 1884 
2590 1816 
2935 1586 
2569 1830 
3007 1538 
2890 1616 
2473 1894 
2431 1922 
2980 1556 
2125 2126 
2614 1800 
2647 1778 
2587 1818 
2503 1874 
3025 1526 
2170 2096 
2719 1730 
2428 1924 
2062 2168 
2455 1906 
2395 1946 
2386 1952 
2935 1586 
2338 1984 
2278 2024 
2716 1732 
2227 2058 
1861 2302 
1921 2262 
2350 1976 
2518 1864 
2383 1954 
2491 1882 
2572 1828 
2206 2072 
2644 1780 
2836 1652 
2419 1930 
2863 1634 
2374 1960 
2803 1674 
2752 1708 
2680 1756 
2950 1576 
2893 1614 
2359 1970 
2803 1674 
2866 1632 
2662 1768 
2398 1944 
2785 1686 
2704 1740 
2557 1838 
3205 1406 
3148 1444 
2608 1804 
2551 1842 
2140 2116 
2584 1820 
2446 1912 
2947 1578 
2647 1778 
2953 1574 
2542 1848 
3097 1478 
2485 1886 
2734 1720 
2056 2172 
2395 1946 
2419 1930 
2506 1872 
2863 1634 
2611 1802 
2443 1914 
2641 1782 
2320 1996 
2659 1770 
2722 1728 
2809 1670 
2806 1672 
2602 1808 
3250 1376 
3109 1470 
2707 1738 
2998 1544 
2803 1674 
2713 1734 
2719 1730 
2572 1828 
2752 1708 
2695 1746 
2317 1998 
2209 2070 
2440 1916 
2500 1876 
2293 2014 
2461 1902 
2941 1582 
2800 1676 
2818 1664 
2968 1564 
2761 1702 
3052 1508 
2332 1988 
2776 1692 
2329 1990 
2830 1656 
2347 1978 
2290 2016 
2323 1994 
2686 1752 
2536 1852 
2479 1890 
2068 2164 
2512 1868 
2374 1960 
2875 1626 
2029 2190 
2368 1964 
2392 1948 
2479 1890 
2836 1652 
2584 1820 
2389 1950 
2422 1928 
2026 2192 
2170 2096 
2527 1858 
2638 1784 
2839 1650 
2836 1652 
2386 1952 
2692 1748 
2425 1926 
2734 1720 
2836 1652 
2980 1556 
2677 1758 
2368 1964 
2473 1894 
2926 1592 
2278 2024 
2248 2044 
2587 1818 
2602 1808 
2350 1976 
2302 2008 
2389 1950 
2746 1712 
2368 1964 
2521 1862 
2413 1934 
2410 1936 
2179 2090 
1915 2266 
2302 2008 
2221 2062 
2377 1958 
2611 1802 
2755 1706 
2752 1708 
2302 2008 
2608 1804 
2491 1882 
2797 1678 
2347 1978 
2902 1608 
2344 1980 
2593 1814 
2257 2038 
2566 1832 
2668 1764 
2812 1668 
1999 2210 
2197 2078 
2308 2004 
2461 1902 
2218 2064 
2263 2034 
2365 1966 
2650 1776 
2605 1806 
2554 1840 
2206 2072 
2362 1968 
2251 2042 
2143 2114 
2161 2102 
2053 2174 
1942 2248 
2002 2208 
2098 2144 
2266 2032 
2287 2018 
2551 1842 
2500 1876 
2455 1906 
2704 1740 
2857 1638 
2656 1772 
2719 1730 
2515 1866 
3058 1504 
2968 1564 
3166 1432 
2626 1792 
2965 1566 
3028 1524 
3115 1466 
3322 1328 
3181 1422 
2779 1690 
3070 1496 
2875 1626 
2581 1822 
2920 1596 
2935 1586 
2683 1754 
2938 1584 
3025 1526 
2680 1756 
2878 1624 
3022 1528 
3067 1498 
3169 1430 
2863 1634 
2818 1664 
2767 1698 
3511 1202 
3466 1232 
3325 1326 
3124 1460 
3274 1360 
2968 1564 
3259 1370 
1345 2646 
1843 2314 
2362 1968 
1498 2544 
1417 2598 
1936 2252 
1774 2360 
2434 1920 
1795 2346 
1858 2304 
1360 2636 
2020 2196 
1654 2440 
2338 1984 
1699 2410 
2197 2078 
1972 2228 
2479 1890 
1615 2466 
1609 2470 
2671 1762 
1807 2338 
2245 2046 
1669 2430 
1756 2372 
1765 2366 
2104 2140 
2167 2098 
2254 2040 
2083 2154 
1879 2290 
2602 1808 
1963 2234 
2686 1752 
1822 2328 
2284 2020 
1711 2402 
1636 2452 
2155 2106 
1651 2442 
2311 2002 
1990 2216 
2200 2076 
1696 2412 
1783 2354 
2215 2066 
2713 1734 
2038 2184 
2140 2116 
2698 1744 
1720 2396 
2059 2170 
2074 2160 
1822 2328 
1579 2490 
1666 2432 
1819 2330 
2383 1954 
2017 2198 
2797 1678 
2206 2072 
2308 2004 
1780 2356 
1933 2254 
1663 2434 
1708 2404 
1810 2336 
2368 1964 
2002 2208 
2440 1916 
2323 1994 
1906 2272 
2440 1916 
2638 1784 
2098 2144 
2437 1918 
2500 1876 
2587 1818 
2794 1680 
2653 1774 
2251 2042 
2542 1848 
2320 1996 
2026 2192 
2365 1966 
2380 1956 
2128 2124 
2383 1954 
2470 1896 
1957 2238 
2155 2106 
2299 2010 
2344 1980 
2446 1912 
2140 2116 
2095 2146 
2044 2180 
2791 1682 
2152 2108 
2650 1776 
2425 1926 
2224 2060 
2947 1578 
2083 2154 
2746 1712 
2107 2138 
2830 1656 
1966 2232 
2404 1940 
1915 2266 
2263 2034 
2413 1934 
2038 2184 
2329 1990 
2473 1894 
2107 2138 
2545 1846 
2887 1618 
2398 1944 
2023 2194 
1972 2228 
1900 2276 
2857 1638 
3574 1160 
2221 2062 
2935 1586 
2770 1696 
2767 1698 
2719 1730 
2629 1790 
2551 1842 
2404 1940 
3265 1366 
3208 1404 
3073 1494 
2434 1920 
3241 1382 
2377 1958 
3238 1384 
3013 1534 
2293 2014 
3007 1538 
2815 1666 
2812 1668 
2596 1812 
3313 1334 
2674 1760 
2506 1872 
3013 1534 
3535 1186 
2680 1756 
3229 1390 
2209 2070 
2365 1966 
2182 2088 
2671 1762 
2899 1610 
2533 1854 
2926 1592 
2866 1632 
2854 1640 
2215 2066 
2713 1734 
2488 1884 
2242 2048 
3049 1510 
2185 2086 
3046 1512 
2812 1668 
3529 1190 
2176 2092 
2890 1616 
2725 1726 
2722 1728 
2896 1612 
3445 1246 
2092 2148 
2581 1822 
2809 1670 
2749 1710 
2764 1700 
2125 2126 
2932 1588 
2068 2164 
2929 1590 
2704 1740 
2470 1896 
3187 1418 
2506 1872 
2503 1874 
3226 1392 
2653 1774 
1873 2294 
2017 2198 
2587 1818 
2698 1744 
2422 1928 
2530 1856 
2332 1988 
2365 1966 
2371 1962 
2515 1866 
2281 2022 
2392 1948 
2164 2100 
2056 2172 
2287 2018 
2347 1978 
2140 2116 
2308 2004 
3001 1542 
2860 1636 
2878 1624 
3028 1524 
2821 1662 
3112 1468 
2809 1670 
2170 2096 
2893 1614 
2029 2190 
2686 1752 
2197 2078 
2854 1640 
2281 2022 
2851 1642 
3001 1542 
2626 1792 
2917 1598 
3958 954 
2539 1850 
3088 1484 
2233 2054 
2722 1728 
2755 1706 
2695 1746 
2611 1802 
3133 1454 
2278 2024 
2827 1658 
2536 1852 
2170 2096 
2563 1834 
2503 1874 
2953 1574 
3475 1226 
2950 1576 
3211 1402 
2794 1680 
2356 1972 
2461 1902 
2986 1552 
2905 1606 
3013 1534 
2149 2110 
2041 2182 
1930 2256 
1990 2216 
2086 2152 
2254 2040 
2122 2128 
1858 2304 
1963 2234 
2182 2088 
2347 1978 
2611 1802 
2560 1836 
2515 1866 
2575 1826 
2209 2070 
2647 1778 
2839 1650 
2422 1928 
2866 1632 
2377 1958 
2806 1672 
2755 1706 
2683 1754 
2998 1544 
2359 1970 
2857 1638 
2632 1788 
2431 1922 
3154 1440 
2290 2016 
3262 1368 
2623 1794 
3346 1312 
2482 1888 
2920 1596 
2431 1922 
2779 1690 
2929 1590 
2554 1840 
2845 1646 
2650 1776 
2875 1626 
2458 1904 
3373 1294 
2800 1676 
2734 1720 
3043 1514 
2677 1758 
3115 1466 
3457 1238 
2968 1564 
2593 1814 
2542 1848 
2470 1896 
3454 1240 
3313 1334 
3112 1468 
3262 1368 
3040 1516 
2815 1666 
3106 1472 
