1 9 2 5 8 4 6 7 10 11 3 
1 9 2 5 8 4 6 10 7 11 3 
1 9 2 5 8 4 6 10 11 7 3 
1 9 2 5 8 4 6 11 10 7 3 
1 9 2 5 8 4 10 6 7 11 3 
1 9 2 5 8 4 10 6 11 7 3 
1 9 2 5 8 4 10 7 6 11 3 
1 9 2 5 8 4 10 11 6 7 3 
1 9 2 5 8 4 11 6 10 7 3 
1 9 2 5 8 4 11 10 6 7 3 
1 9 2 5 8 6 4 10 7 11 3 
1 9 2 5 8 6 4 10 11 7 3 
1 9 2 5 8 6 4 11 10 7 3 
1 9 2 5 8 6 7 10 4 11 3 
1 9 2 5 8 6 7 10 11 4 3 
1 9 2 5 8 6 7 11 10 4 3 
1 9 2 5 8 6 10 4 11 7 3 
1 9 2 5 8 6 10 7 11 4 3 
1 9 2 5 8 6 11 4 10 7 3 
1 9 2 5 8 6 11 7 10 4 3 
1 9 2 5 8 7 6 4 10 11 3 
1 9 2 5 8 7 6 10 4 11 3 
1 9 2 5 8 7 6 10 11 4 3 
1 9 2 5 8 7 6 11 10 4 3 
1 9 2 5 8 7 10 4 6 11 3 
1 9 2 5 8 7 10 6 4 11 3 
1 9 2 5 8 7 10 6 11 4 3 
1 9 2 5 8 7 10 11 6 4 3 
1 9 2 5 8 7 11 6 10 4 3 
1 9 2 5 8 7 11 10 6 4 3 
1 9 2 5 8 10 4 6 7 11 3 
1 9 2 5 8 10 4 6 11 7 3 
1 9 2 5 8 10 4 11 6 7 3 
1 9 2 5 8 10 6 4 11 7 3 
1 9 2 5 8 10 6 7 11 4 3 
1 9 2 5 8 10 7 6 4 11 3 
1 9 2 5 8 10 7 6 11 4 3 
1 9 2 5 8 10 7 11 6 4 3 
1 9 2 5 8 10 11 4 6 7 3 
1 9 2 5 8 10 11 7 6 4 3 
1 9 2 5 8 11 4 6 10 7 3 
1 9 2 5 8 11 4 10 6 7 3 
1 9 2 5 8 11 6 4 10 7 3 
1 9 2 5 8 11 6 7 10 4 3 
1 9 2 5 8 11 7 6 10 4 3 
1 9 2 5 8 11 7 10 6 4 3 
1 9 2 5 8 11 10 4 6 7 3 
1 9 2 5 8 11 10 7 6 4 3 
1 9 2 5 10 4 6 7 8 11 3 
1 9 2 5 10 4 6 7 11 8 3 
1 9 2 5 10 4 6 8 7 11 3 
1 9 2 5 10 4 6 8 11 7 3 
1 9 2 5 10 4 6 11 7 8 3 
1 9 2 5 10 4 6 11 8 7 3 
1 9 2 5 10 4 8 6 7 11 3 
1 9 2 5 10 4 8 6 11 7 3 
1 9 2 5 10 4 8 7 6 11 3 
1 9 2 5 10 4 8 11 6 7 3 
1 9 2 5 10 4 11 6 7 8 3 
1 9 2 5 10 4 11 6 8 7 3 
1 9 2 5 10 4 11 7 6 8 3 
1 9 2 5 10 4 11 8 6 7 3 
1 9 2 5 10 6 4 8 7 11 3 
1 9 2 5 10 6 4 8 11 7 3 
1 9 2 5 10 6 4 11 7 8 3 
1 9 2 5 10 6 4 11 8 7 3 
1 9 2 5 10 6 7 8 4 11 3 
1 9 2 5 10 6 7 8 11 4 3 
1 9 2 5 10 6 7 11 4 8 3 
1 9 2 5 10 6 7 11 8 4 3 
1 9 2 5 10 6 8 4 11 7 3 
1 9 2 5 10 6 8 7 11 4 3 
1 9 2 5 10 6 11 4 8 7 3 
1 9 2 5 10 6 11 7 8 4 3 
1 9 2 5 10 7 6 4 8 11 3 
1 9 2 5 10 7 6 4 11 8 3 
1 9 2 5 10 7 6 8 4 11 3 
1 9 2 5 10 7 6 8 11 4 3 
1 9 2 5 10 7 6 11 4 8 3 
1 9 2 5 10 7 6 11 8 4 3 
1 9 2 5 10 7 8 4 6 11 3 
1 9 2 5 10 7 8 6 4 11 3 
1 9 2 5 10 7 8 6 11 4 3 
1 9 2 5 10 7 8 11 6 4 3 
1 9 2 5 10 7 11 4 6 8 3 
1 9 2 5 10 7 11 6 4 8 3 
1 9 2 5 10 7 11 6 8 4 3 
1 9 2 5 10 7 11 8 6 4 3 
1 9 2 5 10 8 4 6 7 11 3 
1 9 2 5 10 8 4 6 11 7 3 
1 9 2 5 10 8 4 11 6 7 3 
1 9 2 5 10 8 6 4 11 7 3 
1 9 2 5 10 8 6 7 11 4 3 
1 9 2 5 10 8 7 6 4 11 3 
1 9 2 5 10 8 7 6 11 4 3 
1 9 2 5 10 8 7 11 6 4 3 
1 9 2 5 10 8 11 4 6 7 3 
1 9 2 5 10 8 11 7 6 4 3 
1 9 2 5 10 11 4 6 7 8 3 
1 9 2 5 10 11 4 6 8 7 3 
1 9 2 5 10 11 4 8 6 7 3 
1 9 2 5 10 11 6 4 8 7 3 
1 9 2 5 10 11 6 7 8 4 3 
1 9 2 5 10 11 7 6 4 8 3 
1 9 2 5 10 11 7 6 8 4 3 
1 9 2 5 10 11 7 8 6 4 3 
1 9 2 5 10 11 8 4 6 7 3 
1 9 2 5 10 11 8 7 6 4 3 
1 9 2 6 4 8 5 10 7 11 3 
1 9 2 6 4 8 5 10 11 7 3 
1 9 2 6 4 10 5 8 7 11 3 
1 9 2 6 4 10 5 8 11 7 3 
1 9 2 6 4 11 7 10 5 8 3 
1 9 2 6 4 11 8 5 10 7 3 
1 9 2 6 4 11 10 5 8 7 3 
1 9 2 6 7 8 5 10 4 11 3 
1 9 2 6 7 8 5 10 11 4 3 
1 9 2 6 7 10 5 8 4 11 3 
1 9 2 6 7 10 5 8 11 4 3 
1 9 2 6 7 11 4 10 5 8 3 
1 9 2 6 7 11 8 5 10 4 3 
1 9 2 6 7 11 10 5 8 4 3 
1 9 2 6 8 5 10 4 11 7 3 
1 9 2 6 8 5 10 7 11 4 3 
1 9 2 6 10 5 8 4 11 7 3 
1 9 2 6 10 5 8 7 11 4 3 
1 9 2 6 11 4 8 5 10 7 3 
1 9 2 6 11 4 10 5 8 7 3 
1 9 2 6 11 7 8 5 10 4 3 
1 9 2 6 11 7 10 5 8 4 3 
1 9 2 8 5 10 4 6 7 11 3 
1 9 2 8 5 10 4 6 11 7 3 
1 9 2 8 5 10 4 11 6 7 3 
1 9 2 8 5 10 6 4 11 7 3 
1 9 2 8 5 10 6 7 11 4 3 
1 9 2 8 5 10 7 6 4 11 3 
1 9 2 8 5 10 7 6 11 4 3 
1 9 2 8 5 10 7 11 6 4 3 
1 9 2 8 5 10 11 4 6 7 3 
1 9 2 8 5 10 11 7 6 4 3 
1 9 2 11 4 6 7 10 5 8 3 
1 9 2 11 4 6 8 5 10 7 3 
1 9 2 11 4 6 10 5 8 7 3 
1 9 2 11 4 8 5 10 6 7 3 
1 9 2 11 4 10 5 8 6 7 3 
1 9 2 11 6 4 8 5 10 7 3 
1 9 2 11 6 4 10 5 8 7 3 
1 9 2 11 6 7 8 5 10 4 3 
1 9 2 11 6 7 10 5 8 4 3 
1 9 2 11 7 6 4 10 5 8 3 
1 9 2 11 7 6 8 5 10 4 3 
1 9 2 11 7 6 10 5 8 4 3 
1 9 2 11 7 8 5 10 6 4 3 
1 9 2 11 7 10 5 8 6 4 3 
1 9 2 11 8 5 10 4 6 7 3 
1 9 2 11 8 5 10 7 6 4 3 
1 9 2 11 10 5 8 4 6 7 3 
1 9 2 11 10 5 8 7 6 4 3 
1 9 4 6 2 5 8 7 10 11 3 
1 9 4 6 2 5 8 10 7 11 3 
1 9 4 6 2 5 8 10 11 7 3 
1 9 4 6 2 5 8 11 10 7 3 
1 9 4 6 2 5 10 7 8 11 3 
1 9 4 6 2 5 10 7 11 8 3 
1 9 4 6 2 5 10 8 7 11 3 
1 9 4 6 2 5 10 8 11 7 3 
1 9 4 6 2 5 10 11 7 8 3 
1 9 4 6 2 5 10 11 8 7 3 
1 9 4 6 2 8 5 10 7 11 3 
1 9 4 6 2 8 5 10 11 7 3 
1 9 4 6 2 11 7 10 5 8 3 
1 9 4 6 2 11 8 5 10 7 3 
1 9 4 6 2 11 10 5 8 7 3 
1 9 4 6 7 8 2 5 10 11 3 
1 9 4 6 7 8 5 10 11 2 3 
1 9 4 6 7 8 10 5 2 11 3 
1 9 4 6 7 8 11 10 5 2 3 
1 9 4 6 7 10 5 2 8 11 3 
1 9 4 6 7 10 5 2 11 8 3 
1 9 4 6 7 10 5 8 2 11 3 
1 9 4 6 7 10 5 8 11 2 3 
1 9 4 6 7 10 8 5 2 11 3 
1 9 4 6 7 10 11 2 5 8 3 
1 9 4 6 7 10 11 8 5 2 3 
1 9 4 6 7 11 2 5 10 8 3 
1 9 4 6 7 11 8 10 5 2 3 
1 9 4 6 7 11 10 5 2 8 3 
1 9 4 6 7 11 10 5 8 2 3 
1 9 4 6 7 11 10 8 5 2 3 
1 9 4 6 8 2 5 10 7 11 3 
1 9 4 6 8 2 5 10 11 7 3 
1 9 4 6 8 5 2 11 10 7 3 
1 9 4 6 8 5 10 7 11 2 3 
1 9 4 6 8 7 10 5 2 11 3 
1 9 4 6 8 7 11 10 5 2 3 
1 9 4 6 8 10 5 2 11 7 3 
1 9 4 6 8 11 2 5 10 7 3 
1 9 4 6 8 11 7 10 5 2 3 
1 9 4 6 10 5 2 8 7 11 3 
1 9 4 6 10 5 2 8 11 7 3 
1 9 4 6 10 5 2 11 7 8 3 
1 9 4 6 10 5 2 11 8 7 3 
1 9 4 6 10 5 8 2 11 7 3 
1 9 4 6 10 5 8 7 11 2 3 
1 9 4 6 10 7 8 5 2 11 3 
1 9 4 6 10 7 11 2 5 8 3 
1 9 4 6 10 7 11 8 5 2 3 
1 9 4 6 10 8 5 2 11 7 3 
1 9 4 6 10 11 2 5 8 7 3 
1 9 4 6 10 11 7 8 5 2 3 
1 9 4 6 11 2 5 8 10 7 3 
1 9 4 6 11 2 5 10 7 8 3 
1 9 4 6 11 2 5 10 8 7 3 
1 9 4 6 11 2 8 5 10 7 3 
1 9 4 6 11 7 8 10 5 2 3 
1 9 4 6 11 7 10 5 2 8 3 
1 9 4 6 11 7 10 5 8 2 3 
1 9 4 6 11 7 10 8 5 2 3 
1 9 4 6 11 8 2 5 10 7 3 
1 9 4 6 11 8 7 10 5 2 3 
1 9 4 6 11 10 5 2 8 7 3 
1 9 4 6 11 10 7 8 5 2 3 
1 9 4 8 2 5 10 6 7 11 3 
1 9 4 8 2 5 10 6 11 7 3 
1 9 4 8 2 5 10 7 6 11 3 
1 9 4 8 2 5 10 11 6 7 3 
1 9 4 8 5 2 6 7 10 11 3 
1 9 4 8 5 2 6 10 7 11 3 
1 9 4 8 5 2 6 10 11 7 3 
1 9 4 8 5 2 6 11 10 7 3 
1 9 4 8 5 2 11 6 10 7 3 
1 9 4 8 5 2 11 10 6 7 3 
1 9 4 8 5 10 6 2 11 7 3 
1 9 4 8 5 10 6 7 11 2 3 
1 9 4 8 5 10 7 6 2 11 3 
1 9 4 8 5 10 7 6 11 2 3 
1 9 4 8 5 10 7 11 6 2 3 
1 9 4 8 5 10 11 2 6 7 3 
1 9 4 8 5 10 11 7 6 2 3 
1 9 4 8 6 2 5 10 7 11 3 
1 9 4 8 6 2 5 10 11 7 3 
1 9 4 8 6 7 10 5 2 11 3 
1 9 4 8 6 7 11 10 5 2 3 
1 9 4 8 6 10 5 2 11 7 3 
1 9 4 8 6 11 2 5 10 7 3 
1 9 4 8 6 11 7 10 5 2 3 
1 9 4 8 7 6 2 5 10 11 3 
1 9 4 8 7 6 10 5 2 11 3 
1 9 4 8 7 6 11 10 5 2 3 
1 9 4 8 7 10 5 2 6 11 3 
1 9 4 8 7 11 6 10 5 2 3 
1 9 4 8 10 5 2 6 7 11 3 
1 9 4 8 10 5 2 6 11 7 3 
1 9 4 8 10 5 2 11 6 7 3 
1 9 4 8 11 2 5 10 6 7 3 
1 9 4 8 11 6 2 5 10 7 3 
1 9 4 8 11 6 7 10 5 2 3 
1 9 4 8 11 7 6 10 5 2 3 
1 9 4 8 11 10 5 2 6 7 3 
1 9 4 10 5 2 6 7 8 11 3 
1 9 4 10 5 2 6 7 11 8 3 
1 9 4 10 5 2 6 8 7 11 3 
1 9 4 10 5 2 6 8 11 7 3 
1 9 4 10 5 2 6 11 7 8 3 
1 9 4 10 5 2 6 11 8 7 3 
1 9 4 10 5 2 8 6 7 11 3 
1 9 4 10 5 2 8 6 11 7 3 
1 9 4 10 5 2 8 7 6 11 3 
1 9 4 10 5 2 8 11 6 7 3 
1 9 4 10 5 2 11 6 7 8 3 
1 9 4 10 5 2 11 6 8 7 3 
1 9 4 10 5 2 11 7 6 8 3 
1 9 4 10 5 2 11 8 6 7 3 
1 9 4 10 5 6 2 11 7 8 3 
1 9 4 10 5 8 2 6 7 11 3 
1 9 4 10 5 8 2 6 11 7 3 
1 9 4 10 5 8 2 11 6 7 3 
1 9 4 10 5 8 6 2 11 7 3 
1 9 4 10 5 8 6 7 11 2 3 
1 9 4 10 5 8 7 6 2 11 3 
1 9 4 10 5 8 7 6 11 2 3 
1 9 4 10 5 8 7 11 6 2 3 
1 9 4 10 5 8 11 2 6 7 3 
1 9 4 10 5 8 11 7 6 2 3 
1 9 4 10 6 2 5 8 7 11 3 
1 9 4 10 6 2 5 8 11 7 3 
1 9 4 10 6 5 8 2 11 7 3 
1 9 4 10 6 7 8 5 2 11 3 
1 9 4 10 6 7 11 2 5 8 3 
1 9 4 10 6 7 11 8 5 2 3 
1 9 4 10 6 8 5 2 11 7 3 
1 9 4 10 6 11 2 5 8 7 3 
1 9 4 10 6 11 7 8 5 2 3 
1 9 4 10 7 6 2 5 8 11 3 
1 9 4 10 7 6 8 5 2 11 3 
1 9 4 10 7 6 11 2 5 8 3 
1 9 4 10 7 6 11 8 5 2 3 
1 9 4 10 7 8 5 2 6 11 3 
1 9 4 10 7 11 6 2 5 8 3 
1 9 4 10 7 11 6 8 5 2 3 
1 9 4 10 8 5 2 6 7 11 3 
1 9 4 10 8 5 2 6 11 7 3 
1 9 4 10 8 5 2 11 6 7 3 
1 9 4 10 11 2 5 8 6 7 3 
1 9 4 10 11 6 2 5 8 7 3 
1 9 4 10 11 6 7 8 5 2 3 
1 9 4 10 11 7 6 2 5 8 3 
1 9 4 10 11 7 6 8 5 2 3 
1 9 4 10 11 8 5 2 6 7 3 
1 9 4 11 2 5 8 6 10 7 3 
1 9 4 11 2 5 8 10 6 7 3 
1 9 4 11 2 5 10 6 7 8 3 
1 9 4 11 2 5 10 6 8 7 3 
1 9 4 11 2 5 10 7 6 8 3 
1 9 4 11 2 5 10 8 6 7 3 
1 9 4 11 2 6 7 10 5 8 3 
1 9 4 11 2 6 8 5 10 7 3 
1 9 4 11 2 6 10 5 8 7 3 
1 9 4 11 2 8 5 10 6 7 3 
1 9 4 11 6 2 5 8 10 7 3 
1 9 4 11 6 2 5 10 7 8 3 
1 9 4 11 6 2 5 10 8 7 3 
1 9 4 11 6 2 8 5 10 7 3 
1 9 4 11 6 7 8 10 5 2 3 
1 9 4 11 6 7 10 5 2 8 3 
1 9 4 11 6 7 10 5 8 2 3 
1 9 4 11 6 7 10 8 5 2 3 
1 9 4 11 6 8 2 5 10 7 3 
1 9 4 11 6 8 7 10 5 2 3 
1 9 4 11 6 10 5 2 8 7 3 
1 9 4 11 6 10 7 8 5 2 3 
1 9 4 11 7 6 2 5 10 8 3 
1 9 4 11 7 6 8 10 5 2 3 
1 9 4 11 7 6 10 5 2 8 3 
1 9 4 11 7 6 10 5 8 2 3 
1 9 4 11 7 6 10 8 5 2 3 
1 9 4 11 7 8 5 10 6 2 3 
1 9 4 11 7 8 6 10 5 2 3 
1 9 4 11 7 10 5 2 6 8 3 
1 9 4 11 7 10 5 8 6 2 3 
1 9 4 11 7 10 6 2 5 8 3 
1 9 4 11 7 10 6 8 5 2 3 
1 9 4 11 8 2 5 10 6 7 3 
1 9 4 11 8 5 2 6 10 7 3 
1 9 4 11 8 5 10 7 6 2 3 
1 9 4 11 8 6 2 5 10 7 3 
1 9 4 11 8 6 7 10 5 2 3 
1 9 4 11 8 7 6 10 5 2 3 
1 9 4 11 8 10 5 2 6 7 3 
1 9 4 11 10 5 2 6 7 8 3 
1 9 4 11 10 5 2 6 8 7 3 
1 9 4 11 10 5 2 8 6 7 3 
1 9 4 11 10 5 8 2 6 7 3 
1 9 4 11 10 5 8 7 6 2 3 
1 9 4 11 10 6 2 5 8 7 3 
1 9 4 11 10 6 7 8 5 2 3 
1 9 4 11 10 7 6 2 5 8 3 
1 9 4 11 10 7 6 8 5 2 3 
1 9 4 11 10 8 5 2 6 7 3 
1 9 5 8 2 6 10 4 11 7 3 
1 9 7 6 2 5 8 4 10 11 3 
1 9 7 6 2 5 8 10 4 11 3 
1 9 7 6 2 5 8 10 11 4 3 
1 9 7 6 2 5 8 11 10 4 3 
1 9 7 6 2 5 10 4 8 11 3 
1 9 7 6 2 5 10 4 11 8 3 
1 9 7 6 2 5 10 8 4 11 3 
1 9 7 6 2 5 10 8 11 4 3 
1 9 7 6 2 5 10 11 4 8 3 
1 9 7 6 2 5 10 11 8 4 3 
1 9 7 6 2 8 5 10 4 11 3 
1 9 7 6 2 8 5 10 11 4 3 
1 9 7 6 2 11 4 10 5 8 3 
1 9 7 6 2 11 8 5 10 4 3 
1 9 7 6 2 11 10 5 8 4 3 
1 9 7 6 4 8 2 5 10 11 3 
1 9 7 6 4 8 5 10 11 2 3 
1 9 7 6 4 8 10 5 2 11 3 
1 9 7 6 4 8 11 10 5 2 3 
1 9 7 6 4 10 5 2 8 11 3 
1 9 7 6 4 10 5 2 11 8 3 
1 9 7 6 4 10 5 8 2 11 3 
1 9 7 6 4 10 5 8 11 2 3 
1 9 7 6 4 10 8 5 2 11 3 
1 9 7 6 4 10 11 2 5 8 3 
1 9 7 6 4 10 11 8 5 2 3 
1 9 7 6 4 11 2 5 10 8 3 
1 9 7 6 4 11 8 10 5 2 3 
1 9 7 6 4 11 10 5 2 8 3 
1 9 7 6 4 11 10 5 8 2 3 
1 9 7 6 4 11 10 8 5 2 3 
1 9 7 6 8 2 5 10 4 11 3 
1 9 7 6 8 2 5 10 11 4 3 
1 9 7 6 8 4 10 5 2 11 3 
1 9 7 6 8 4 11 10 5 2 3 
1 9 7 6 8 5 2 11 10 4 3 
1 9 7 6 8 5 10 4 11 2 3 
1 9 7 6 8 10 5 2 11 4 3 
1 9 7 6 8 11 2 5 10 4 3 
1 9 7 6 8 11 4 10 5 2 3 
1 9 7 6 10 4 8 5 2 11 3 
1 9 7 6 10 4 11 2 5 8 3 
1 9 7 6 10 4 11 8 5 2 3 
1 9 7 6 10 5 2 8 4 11 3 
1 9 7 6 10 5 2 8 11 4 3 
1 9 7 6 10 5 2 11 4 8 3 
1 9 7 6 10 5 2 11 8 4 3 
1 9 7 6 10 5 8 2 11 4 3 
1 9 7 6 10 5 8 4 11 2 3 
1 9 7 6 10 8 5 2 11 4 3 
1 9 7 6 10 11 2 5 8 4 3 
1 9 7 6 10 11 4 8 5 2 3 
1 9 7 6 11 2 5 8 10 4 3 
1 9 7 6 11 2 5 10 4 8 3 
1 9 7 6 11 2 5 10 8 4 3 
1 9 7 6 11 2 8 5 10 4 3 
1 9 7 6 11 4 8 10 5 2 3 
1 9 7 6 11 4 10 5 2 8 3 
1 9 7 6 11 4 10 5 8 2 3 
1 9 7 6 11 4 10 8 5 2 3 
1 9 7 6 11 8 2 5 10 4 3 
1 9 7 6 11 8 4 10 5 2 3 
1 9 7 6 11 10 4 8 5 2 3 
1 9 7 6 11 10 5 2 8 4 3 
1 9 7 8 2 5 10 4 6 11 3 
1 9 7 8 2 5 10 6 4 11 3 
1 9 7 8 2 5 10 6 11 4 3 
1 9 7 8 2 5 10 11 6 4 3 
1 9 7 8 4 6 2 5 10 11 3 
1 9 7 8 4 6 10 5 2 11 3 
1 9 7 8 4 6 11 10 5 2 3 
1 9 7 8 4 10 5 2 6 11 3 
1 9 7 8 4 11 6 10 5 2 3 
1 9 7 8 5 2 6 4 10 11 3 
1 9 7 8 5 2 6 10 4 11 3 
1 9 7 8 5 2 6 10 11 4 3 
1 9 7 8 5 2 6 11 10 4 3 
1 9 7 8 5 2 11 6 10 4 3 
1 9 7 8 5 2 11 10 6 4 3 
1 9 7 8 5 10 4 6 2 11 3 
1 9 7 8 5 10 4 6 11 2 3 
1 9 7 8 5 10 4 11 6 2 3 
1 9 7 8 5 10 6 2 11 4 3 
1 9 7 8 5 10 6 4 11 2 3 
1 9 7 8 5 10 11 2 6 4 3 
1 9 7 8 5 10 11 4 6 2 3 
1 9 7 8 6 2 5 10 4 11 3 
1 9 7 8 6 2 5 10 11 4 3 
1 9 7 8 6 4 10 5 2 11 3 
1 9 7 8 6 4 11 10 5 2 3 
1 9 7 8 6 10 5 2 11 4 3 
1 9 7 8 6 11 2 5 10 4 3 
1 9 7 8 6 11 4 10 5 2 3 
1 9 7 8 10 5 2 6 4 11 3 
1 9 7 8 10 5 2 6 11 4 3 
1 9 7 8 10 5 2 11 6 4 3 
1 9 7 8 11 2 5 10 6 4 3 
1 9 7 8 11 4 6 10 5 2 3 
1 9 7 8 11 6 2 5 10 4 3 
1 9 7 8 11 6 4 10 5 2 3 
1 9 7 8 11 10 5 2 6 4 3 
1 9 7 10 4 6 2 5 8 11 3 
1 9 7 10 4 6 8 5 2 11 3 
1 9 7 10 4 6 11 2 5 8 3 
1 9 7 10 4 6 11 8 5 2 3 
1 9 7 10 4 8 5 2 6 11 3 
1 9 7 10 4 11 6 2 5 8 3 
1 9 7 10 4 11 6 8 5 2 3 
1 9 7 10 5 2 6 4 8 11 3 
1 9 7 10 5 2 6 4 11 8 3 
1 9 7 10 5 2 6 8 4 11 3 
1 9 7 10 5 2 6 8 11 4 3 
1 9 7 10 5 2 6 11 4 8 3 
1 9 7 10 5 2 6 11 8 4 3 
1 9 7 10 5 2 8 4 6 11 3 
1 9 7 10 5 2 8 6 4 11 3 
1 9 7 10 5 2 8 6 11 4 3 
1 9 7 10 5 2 8 11 6 4 3 
1 9 7 10 5 2 11 4 6 8 3 
1 9 7 10 5 2 11 6 4 8 3 
1 9 7 10 5 2 11 6 8 4 3 
1 9 7 10 5 2 11 8 6 4 3 
1 9 7 10 5 8 2 6 4 11 3 
1 9 7 10 5 8 2 6 11 4 3 
1 9 7 10 5 8 2 11 6 4 3 
1 9 7 10 5 8 4 6 2 11 3 
1 9 7 10 5 8 4 6 11 2 3 
1 9 7 10 5 8 4 11 6 2 3 
1 9 7 10 5 8 6 2 11 4 3 
1 9 7 10 5 8 6 4 11 2 3 
1 9 7 10 5 8 11 2 6 4 3 
1 9 7 10 5 8 11 4 6 2 3 
1 9 7 10 6 2 5 8 4 11 3 
1 9 7 10 6 2 5 8 11 4 3 
1 9 7 10 6 4 8 5 2 11 3 
1 9 7 10 6 4 11 2 5 8 3 
1 9 7 10 6 4 11 8 5 2 3 
1 9 7 10 6 8 5 2 11 4 3 
1 9 7 10 6 11 2 5 8 4 3 
1 9 7 10 6 11 4 8 5 2 3 
1 9 7 10 8 5 2 6 4 11 3 
1 9 7 10 8 5 2 6 11 4 3 
1 9 7 10 8 5 2 11 6 4 3 
1 9 7 10 11 2 5 8 6 4 3 
1 9 7 10 11 4 6 2 5 8 3 
1 9 7 10 11 4 6 8 5 2 3 
1 9 7 10 11 6 2 5 8 4 3 
1 9 7 10 11 6 4 8 5 2 3 
1 9 7 10 11 8 5 2 6 4 3 
1 9 7 11 2 5 8 6 10 4 3 
1 9 7 11 2 5 8 10 6 4 3 
1 9 7 11 2 5 10 4 6 8 3 
1 9 7 11 2 5 10 6 4 8 3 
1 9 7 11 2 5 10 6 8 4 3 
1 9 7 11 2 5 10 8 6 4 3 
1 9 7 11 2 6 4 10 5 8 3 
1 9 7 11 2 6 5 10 4 8 3 
1 9 7 11 2 6 8 5 10 4 3 
1 9 7 11 2 6 10 5 8 4 3 
1 9 7 11 2 8 5 10 6 4 3 
1 9 7 11 4 6 2 5 10 8 3 
1 9 7 11 4 6 8 10 5 2 3 
1 9 7 11 4 6 10 5 2 8 3 
1 9 7 11 4 6 10 5 8 2 3 
1 9 7 11 4 6 10 8 5 2 3 
1 9 7 11 4 8 5 10 6 2 3 
1 9 7 11 4 8 6 10 5 2 3 
1 9 7 11 4 10 5 2 6 8 3 
1 9 7 11 4 10 5 6 2 8 3 
1 9 7 11 4 10 5 8 6 2 3 
1 9 7 11 4 10 6 2 5 8 3 
1 9 7 11 4 10 6 8 5 2 3 
1 9 7 11 6 2 5 8 10 4 3 
1 9 7 11 6 2 5 10 4 8 3 
1 9 7 11 6 2 5 10 8 4 3 
1 9 7 11 6 2 8 5 10 4 3 
1 9 7 11 6 4 8 10 5 2 3 
1 9 7 11 6 4 10 5 2 8 3 
1 9 7 11 6 4 10 5 8 2 3 
1 9 7 11 6 4 10 8 5 2 3 
1 9 7 11 6 8 2 5 10 4 3 
1 9 7 11 6 8 4 10 5 2 3 
1 9 7 11 6 10 4 8 5 2 3 
1 9 7 11 6 10 5 2 8 4 3 
1 9 7 11 8 2 5 10 6 4 3 
1 9 7 11 8 4 6 10 5 2 3 
1 9 7 11 8 5 2 6 10 4 3 
1 9 7 11 8 5 10 4 6 2 3 
1 9 7 11 8 6 2 5 10 4 3 
1 9 7 11 8 6 4 10 5 2 3 
1 9 7 11 8 10 5 2 6 4 3 
1 9 7 11 10 4 6 2 5 8 3 
1 9 7 11 10 4 6 8 5 2 3 
1 9 7 11 10 5 2 6 4 8 3 
1 9 7 11 10 5 2 6 8 4 3 
1 9 7 11 10 5 2 8 6 4 3 
1 9 7 11 10 5 8 2 6 4 3 
1 9 7 11 10 5 8 4 6 2 3 
1 9 7 11 10 6 2 5 8 4 3 
1 9 7 11 10 6 4 8 5 2 3 
1 9 7 11 10 8 5 2 6 4 3 
1 9 8 2 5 6 10 4 11 7 3 
1 9 8 2 5 10 4 6 7 11 3 
1 9 8 2 5 10 4 6 11 7 3 
1 9 8 2 5 10 4 11 6 7 3 
1 9 8 2 5 10 6 4 11 7 3 
1 9 8 2 5 10 6 7 11 4 3 
1 9 8 2 5 10 7 6 4 11 3 
1 9 8 2 5 10 7 6 11 4 3 
1 9 8 2 5 10 7 11 6 4 3 
1 9 8 2 5 10 11 4 6 7 3 
1 9 8 2 5 10 11 7 6 4 3 
1 9 8 2 6 5 10 4 11 7 3 
1 9 8 4 6 2 5 10 7 11 3 
1 9 8 4 6 2 5 10 11 7 3 
1 9 8 4 6 7 10 5 2 11 3 
1 9 8 4 6 7 11 10 5 2 3 
1 9 8 4 6 10 5 2 11 7 3 
1 9 8 4 6 11 2 5 10 7 3 
1 9 8 4 6 11 7 10 5 2 3 
1 9 8 4 10 5 2 6 7 11 3 
1 9 8 4 10 5 2 6 11 7 3 
1 9 8 4 10 5 2 11 6 7 3 
1 9 8 4 10 5 6 2 11 7 3 
1 9 8 4 11 2 5 10 6 7 3 
1 9 8 4 11 6 2 5 10 7 3 
1 9 8 4 11 6 7 10 5 2 3 
1 9 8 4 11 7 6 10 5 2 3 
1 9 8 4 11 10 5 2 6 7 3 
1 9 8 5 2 6 4 10 7 11 3 
1 9 8 5 2 6 4 10 11 7 3 
1 9 8 5 2 6 4 11 10 7 3 
1 9 8 5 2 6 7 10 4 11 3 
1 9 8 5 2 6 7 10 11 4 3 
1 9 8 5 2 6 7 11 10 4 3 
1 9 8 5 2 6 10 4 11 7 3 
1 9 8 5 2 6 10 7 11 4 3 
1 9 8 5 2 6 11 4 10 7 3 
1 9 8 5 2 6 11 7 10 4 3 
1 9 8 5 2 11 4 6 10 7 3 
1 9 8 5 2 11 4 10 6 7 3 
1 9 8 5 2 11 6 4 10 7 3 
1 9 8 5 2 11 6 7 10 4 3 
1 9 8 5 2 11 7 6 10 4 3 
1 9 8 5 2 11 7 10 6 4 3 
1 9 8 5 2 11 10 4 6 7 3 
1 9 8 5 2 11 10 7 6 4 3 
1 9 8 5 10 4 6 2 11 7 3 
1 9 8 5 10 4 6 7 11 2 3 
1 9 8 5 10 4 11 2 6 7 3 
1 9 8 5 10 4 11 7 6 2 3 
1 9 8 5 10 7 6 2 11 4 3 
1 9 8 5 10 7 6 4 11 2 3 
1 9 8 5 10 7 11 2 6 4 3 
1 9 8 5 10 7 11 4 6 2 3 
1 9 8 6 2 5 10 4 11 7 3 
1 9 8 6 2 5 10 7 11 4 3 
1 9 8 6 4 10 5 2 11 7 3 
1 9 8 6 4 11 2 5 10 7 3 
1 9 8 6 4 11 7 10 5 2 3 
1 9 8 6 7 10 5 2 11 4 3 
1 9 8 6 7 11 2 5 10 4 3 
1 9 8 6 7 11 4 10 5 2 3 
1 9 8 7 6 2 5 10 4 11 3 
1 9 8 7 6 2 5 10 11 4 3 
1 9 8 7 6 4 10 5 2 11 3 
1 9 8 7 6 4 11 10 5 2 3 
1 9 8 7 6 10 5 2 11 4 3 
1 9 8 7 6 11 2 5 10 4 3 
1 9 8 7 6 11 4 10 5 2 3 
1 9 8 7 10 5 2 6 4 11 3 
1 9 8 7 10 5 2 6 11 4 3 
1 9 8 7 10 5 2 11 6 4 3 
1 9 8 7 11 2 5 10 6 4 3 
1 9 8 7 11 4 6 10 5 2 3 
1 9 8 7 11 6 2 5 10 4 3 
1 9 8 7 11 6 4 10 5 2 3 
1 9 8 7 11 10 5 2 6 4 3 
1 9 8 10 5 2 6 4 11 7 3 
1 9 8 10 5 2 6 7 11 4 3 
1 9 8 10 5 2 11 4 6 7 3 
1 9 8 10 5 2 11 7 6 4 3 
1 9 8 11 2 5 10 4 6 7 3 
1 9 8 11 2 5 10 7 6 4 3 
1 9 8 11 4 6 2 5 10 7 3 
1 9 8 11 4 6 7 10 5 2 3 
1 9 8 11 4 10 5 2 6 7 3 
1 9 8 11 7 6 2 5 10 4 3 
1 9 8 11 7 6 4 10 5 2 3 
1 9 8 11 7 10 5 2 6 4 3 
1 9 10 4 6 2 5 8 7 11 3 
1 9 10 4 6 2 5 8 11 7 3 
1 9 10 4 6 7 8 5 2 11 3 
1 9 10 4 6 7 11 2 5 8 3 
1 9 10 4 6 7 11 8 5 2 3 
1 9 10 4 6 8 5 2 11 7 3 
1 9 10 4 6 11 2 5 8 7 3 
1 9 10 4 6 11 7 8 5 2 3 
1 9 10 4 8 5 2 6 7 11 3 
1 9 10 4 8 5 2 6 11 7 3 
1 9 10 4 8 5 2 11 6 7 3 
1 9 10 4 11 2 5 8 6 7 3 
1 9 10 4 11 6 2 5 8 7 3 
1 9 10 4 11 6 7 8 5 2 3 
1 9 10 4 11 7 6 2 5 8 3 
1 9 10 4 11 7 6 8 5 2 3 
1 9 10 4 11 8 5 2 6 7 3 
1 9 10 5 2 6 4 8 7 11 3 
1 9 10 5 2 6 4 8 11 7 3 
1 9 10 5 2 6 4 11 7 8 3 
1 9 10 5 2 6 4 11 8 7 3 
1 9 10 5 2 6 7 8 4 11 3 
1 9 10 5 2 6 7 8 11 4 3 
1 9 10 5 2 6 7 11 4 8 3 
1 9 10 5 2 6 7 11 8 4 3 
1 9 10 5 2 6 8 4 11 7 3 
1 9 10 5 2 6 8 7 11 4 3 
1 9 10 5 2 6 11 4 8 7 3 
1 9 10 5 2 6 11 7 8 4 3 
1 9 10 5 2 8 4 6 7 11 3 
1 9 10 5 2 8 4 6 11 7 3 
1 9 10 5 2 8 4 11 6 7 3 
1 9 10 5 2 8 6 4 11 7 3 
1 9 10 5 2 8 6 7 11 4 3 
1 9 10 5 2 8 7 6 4 11 3 
1 9 10 5 2 8 7 6 11 4 3 
1 9 10 5 2 8 7 11 6 4 3 
1 9 10 5 2 8 11 4 6 7 3 
1 9 10 5 2 8 11 7 6 4 3 
1 9 10 5 2 11 4 6 7 8 3 
1 9 10 5 2 11 4 6 8 7 3 
1 9 10 5 2 11 4 8 6 7 3 
1 9 10 5 2 11 6 4 8 7 3 
1 9 10 5 2 11 6 7 8 4 3 
1 9 10 5 2 11 7 6 4 8 3 
1 9 10 5 2 11 7 6 8 4 3 
1 9 10 5 2 11 7 8 6 4 3 
1 9 10 5 2 11 8 4 6 7 3 
1 9 10 5 2 11 8 7 6 4 3 
1 9 10 5 8 2 6 4 11 7 3 
1 9 10 5 8 2 6 7 11 4 3 
1 9 10 5 8 2 11 4 6 7 3 
1 9 10 5 8 2 11 7 6 4 3 
1 9 10 5 8 4 6 2 11 7 3 
1 9 10 5 8 4 6 7 11 2 3 
1 9 10 5 8 4 11 2 6 7 3 
1 9 10 5 8 4 11 7 6 2 3 
1 9 10 5 8 7 6 2 11 4 3 
1 9 10 5 8 7 6 4 11 2 3 
1 9 10 5 8 7 11 2 6 4 3 
1 9 10 5 8 7 11 4 6 2 3 
1 9 10 6 2 5 8 4 11 7 3 
1 9 10 6 2 5 8 7 11 4 3 
1 9 10 6 4 8 5 2 11 7 3 
1 9 10 6 4 11 2 5 8 7 3 
1 9 10 6 4 11 7 8 5 2 3 
1 9 10 6 7 8 5 2 11 4 3 
1 9 10 6 7 11 2 5 8 4 3 
1 9 10 6 7 11 4 8 5 2 3 
1 9 10 7 6 2 5 8 4 11 3 
1 9 10 7 6 2 5 8 11 4 3 
1 9 10 7 6 4 8 5 2 11 3 
1 9 10 7 6 4 11 2 5 8 3 
1 9 10 7 6 4 11 8 5 2 3 
1 9 10 7 6 8 5 2 11 4 3 
1 9 10 7 6 11 2 5 8 4 3 
1 9 10 7 6 11 4 8 5 2 3 
1 9 10 7 8 5 2 6 4 11 3 
1 9 10 7 8 5 2 6 11 4 3 
1 9 10 7 8 5 2 11 6 4 3 
1 9 10 7 11 2 5 8 6 4 3 
1 9 10 7 11 4 6 2 5 8 3 
1 9 10 7 11 4 6 8 5 2 3 
1 9 10 7 11 6 2 5 8 4 3 
1 9 10 7 11 6 4 8 5 2 3 
1 9 10 7 11 8 5 2 6 4 3 
1 9 10 8 5 2 6 4 11 7 3 
1 9 10 8 5 2 6 7 11 4 3 
1 9 10 8 5 2 11 4 6 7 3 
1 9 10 8 5 2 11 7 6 4 3 
1 9 10 11 2 5 8 4 6 7 3 
1 9 10 11 2 5 8 7 6 4 3 
1 9 10 11 4 6 2 5 8 7 3 
1 9 10 11 4 6 7 8 5 2 3 
1 9 10 11 4 8 5 2 6 7 3 
1 9 10 11 7 6 2 5 8 4 3 
1 9 10 11 7 6 4 8 5 2 3 
1 9 10 11 7 8 5 2 6 4 3 
1 9 11 2 5 8 4 6 10 7 3 
1 9 11 2 5 8 4 10 6 7 3 
1 9 11 2 5 8 6 4 10 7 3 
1 9 11 2 5 8 6 7 10 4 3 
1 9 11 2 5 8 7 6 10 4 3 
1 9 11 2 5 8 7 10 6 4 3 
1 9 11 2 5 8 10 4 6 7 3 
1 9 11 2 5 8 10 7 6 4 3 
1 9 11 2 5 10 4 6 7 8 3 
1 9 11 2 5 10 4 6 8 7 3 
1 9 11 2 5 10 4 8 6 7 3 
1 9 11 2 5 10 6 4 8 7 3 
1 9 11 2 5 10 6 7 8 4 3 
1 9 11 2 5 10 7 6 4 8 3 
1 9 11 2 5 10 7 6 8 4 3 
1 9 11 2 5 10 7 8 6 4 3 
1 9 11 2 5 10 8 4 6 7 3 
1 9 11 2 5 10 8 7 6 4 3 
1 9 11 2 6 4 8 5 10 7 3 
1 9 11 2 6 4 10 5 8 7 3 
1 9 11 2 6 7 8 5 10 4 3 
1 9 11 2 6 7 10 5 8 4 3 
1 9 11 2 8 5 10 4 6 7 3 
1 9 11 2 8 5 10 7 6 4 3 
1 9 11 4 6 2 5 8 10 7 3 
1 9 11 4 6 2 5 10 7 8 3 
1 9 11 4 6 2 5 10 8 7 3 
1 9 11 4 6 2 8 5 10 7 3 
1 9 11 4 6 7 8 10 5 2 3 
1 9 11 4 6 7 10 5 2 8 3 
1 9 11 4 6 7 10 5 8 2 3 
1 9 11 4 6 7 10 8 5 2 3 
1 9 11 4 6 8 2 5 10 7 3 
1 9 11 4 6 8 7 10 5 2 3 
1 9 11 4 6 10 5 2 8 7 3 
1 9 11 4 6 10 7 8 5 2 3 
1 9 11 4 8 2 5 10 6 7 3 
1 9 11 4 8 5 2 6 10 7 3 
1 9 11 4 8 5 10 7 6 2 3 
1 9 11 4 8 6 2 5 10 7 3 
1 9 11 4 8 6 7 10 5 2 3 
1 9 11 4 8 7 6 10 5 2 3 
1 9 11 4 8 10 5 2 6 7 3 
1 9 11 4 10 5 2 6 7 8 3 
1 9 11 4 10 5 2 6 8 7 3 
1 9 11 4 10 5 2 8 6 7 3 
1 9 11 4 10 5 8 2 6 7 3 
1 9 11 4 10 5 8 7 6 2 3 
1 9 11 4 10 6 2 5 8 7 3 
1 9 11 4 10 6 7 8 5 2 3 
1 9 11 4 10 7 6 2 5 8 3 
1 9 11 4 10 7 6 8 5 2 3 
1 9 11 4 10 8 5 2 6 7 3 
1 9 11 6 2 5 8 4 10 7 3 
1 9 11 6 2 5 8 7 10 4 3 
1 9 11 6 2 5 10 4 8 7 3 
1 9 11 6 2 5 10 7 8 4 3 
1 9 11 6 4 8 2 5 10 7 3 
1 9 11 6 4 8 7 10 5 2 3 
1 9 11 6 4 10 5 2 8 7 3 
1 9 11 6 4 10 7 8 5 2 3 
1 9 11 6 7 8 2 5 10 4 3 
1 9 11 6 7 8 4 10 5 2 3 
1 9 11 6 7 10 4 8 5 2 3 
1 9 11 6 7 10 5 2 8 4 3 
1 9 11 7 6 2 5 8 10 4 3 
1 9 11 7 6 2 5 10 4 8 3 
1 9 11 7 6 2 5 10 8 4 3 
1 9 11 7 6 2 8 5 10 4 3 
1 9 11 7 6 4 8 10 5 2 3 
1 9 11 7 6 4 10 5 2 8 3 
1 9 11 7 6 4 10 5 8 2 3 
1 9 11 7 6 4 10 8 5 2 3 
1 9 11 7 6 8 2 5 10 4 3 
1 9 11 7 6 8 4 10 5 2 3 
1 9 11 7 6 10 4 8 5 2 3 
1 9 11 7 6 10 5 2 8 4 3 
1 9 11 7 8 2 5 10 6 4 3 
1 9 11 7 8 4 6 10 5 2 3 
1 9 11 7 8 5 2 6 10 4 3 
1 9 11 7 8 5 10 4 6 2 3 
1 9 11 7 8 6 2 5 10 4 3 
1 9 11 7 8 6 4 10 5 2 3 
1 9 11 7 8 10 5 2 6 4 3 
1 9 11 7 10 4 6 2 5 8 3 
1 9 11 7 10 4 6 8 5 2 3 
1 9 11 7 10 5 2 6 4 8 3 
1 9 11 7 10 5 2 6 8 4 3 
1 9 11 7 10 5 2 8 6 4 3 
1 9 11 7 10 5 8 2 6 4 3 
1 9 11 7 10 5 8 4 6 2 3 
1 9 11 7 10 6 2 5 8 4 3 
1 9 11 7 10 6 4 8 5 2 3 
1 9 11 7 10 8 5 2 6 4 3 
1 9 11 8 2 5 10 4 6 7 3 
1 9 11 8 2 5 10 7 6 4 3 
1 9 11 8 4 6 2 5 10 7 3 
1 9 11 8 4 6 7 10 5 2 3 
1 9 11 8 4 10 5 2 6 7 3 
1 9 11 8 5 2 6 4 10 7 3 
1 9 11 8 5 2 6 7 10 4 3 
1 9 11 8 7 6 2 5 10 4 3 
1 9 11 8 7 6 4 10 5 2 3 
1 9 11 8 7 10 5 2 6 4 3 
1 9 11 10 4 6 2 5 8 7 3 
1 9 11 10 4 6 7 8 5 2 3 
1 9 11 10 4 8 5 2 6 7 3 
1 9 11 10 5 2 6 4 8 7 3 
1 9 11 10 5 2 6 7 8 4 3 
1 9 11 10 5 2 8 4 6 7 3 
1 9 11 10 5 2 8 7 6 4 3 
1 9 11 10 7 6 2 5 8 4 3 
1 9 11 10 7 6 4 8 5 2 3 
1 9 11 10 7 8 5 2 6 4 3 
0
3530 2293 
2819 3478 
2783 3538 
3146 2933 
2414 4153 
2030 4793 
2777 3548 
2741 3608 
2435 4118 
2783 3538 
2852 3423 
2816 3483 
3221 2808 
2852 3423 
3662 2073 
3257 2748 
2105 4668 
2951 3258 
2468 4063 
2909 3328 
3242 2773 
2531 3958 
3341 2608 
3299 2678 
2894 3353 
2936 3283 
2993 3188 
3704 2003 
2588 3863 
3341 2608 
2951 3258 
2567 3898 
2567 3898 
2609 3828 
3050 3093 
3356 2583 
3413 2488 
3413 2488 
3320 2643 
3761 1908 
2936 3283 
2531 3958 
2894 3353 
3335 2618 
2972 3223 
3377 2548 
3242 2773 
4088 1363 
3116 2983 
2789 3528 
2690 3693 
2690 3693 
2405 4168 
2732 3623 
2573 3888 
2189 4528 
2615 3818 
2615 3818 
2405 4168 
2306 4333 
2363 4238 
2690 3693 
2657 3748 
2657 3748 
2447 4098 
2774 3553 
2657 3748 
3215 2818 
2330 4293 
3098 3013 
2231 4458 
2789 3528 
2273 4388 
2714 3653 
3404 2503 
3194 2853 
2978 3213 
3536 2283 
2693 3688 
3461 2408 
3020 3143 
3095 3018 
3152 2923 
3578 2213 
2768 3563 
2693 3688 
3035 3118 
3536 2283 
3077 3048 
2693 3688 
2693 3688 
2768 3563 
3209 2828 
3194 2853 
3251 2758 
3251 2758 
3194 2853 
3635 2118 
3158 2913 
3059 3078 
2942 3273 
2984 3203 
3425 2468 
3041 3108 
3383 2538 
3500 2343 
3368 2563 
3926 1633 
2576 3883 
2540 3943 
2288 4363 
2288 4363 
2366 4233 
2693 3688 
2657 3748 
2288 4363 
3098 3013 
2576 3883 
3134 2953 
1961 4908 
2729 3628 
2981 3208 
1862 5073 
2708 3663 
1829 5128 
2387 4198 
2192 4523 
1904 5003 
2345 4268 
2633 3788 
2555 3918 
2171 4558 
2171 4558 
2213 4488 
2654 3753 
2960 3243 
3017 3148 
3017 3148 
2924 3303 
3365 2568 
2867 3398 
2768 3563 
2447 4098 
2330 4293 
2363 4238 
2693 3688 
2405 4168 
2846 3433 
3134 2953 
2462 4073 
2804 3503 
2771 3558 
2888 3363 
3209 2828 
2789 3528 
3635 2118 
3041 3108 
3599 2178 
2693 3688 
2402 4173 
2366 4233 
2693 3688 
2567 3898 
2240 4443 
2240 4443 
2240 4443 
2204 4503 
2531 3958 
2006 4833 
1970 4893 
1913 4988 
2240 4443 
2204 4503 
2798 3513 
2894 3353 
2741 3608 
3221 2808 
2834 3453 
2741 3608 
2507 3998 
2930 3293 
2903 3338 
2867 3398 
3383 2538 
2414 4153 
2930 3293 
2471 4058 
2660 3743 
3056 3083 
2408 4163 
2372 4223 
2768 3563 
2504 4003 
2642 3773 
2795 3518 
2315 4318 
2642 3773 
2831 3458 
2087 4698 
2087 4698 
1994 4853 
2321 4308 
1760 5243 
2183 4538 
2483 4038 
2156 4583 
2672 3723 
2156 4583 
2447 4098 
2636 3783 
2519 3978 
2357 4248 
2357 4248 
2123 4638 
2546 3933 
2123 4638 
2312 4323 
2708 3663 
2450 4093 
2873 3388 
2414 4153 
2999 3178 
1970 4893 
1586 5533 
2333 4288 
2297 4348 
2576 3883 
1865 5068 
1829 5128 
2192 4523 
1982 4873 
2330 4293 
1376 5883 
2066 4733 
2123 4638 
2429 4128 
1928 4963 
2087 4698 
2276 4383 
2024 4803 
1988 4863 
2525 3968 
2678 3713 
1778 5213 
2141 4608 
2330 4293 
2414 4153 
2204 4503 
2720 3643 
2066 4733 
2009 4828 
2123 4638 
1739 5278 
2240 4443 
2204 4503 
2066 4733 
2756 3583 
2393 4188 
2414 4153 
2162 4573 
1835 5118 
1736 5283 
1736 5283 
1451 5758 
1778 5213 
2003 4838 
1619 5478 
2045 4768 
2045 4768 
1952 4923 
1853 5088 
1910 4993 
2237 4448 
1193 6398 
1601 5508 
1217 6148 
1718 5313 
1409 5828 
2099 4678 
1835 5118 
2141 4608 
1640 5443 
1835 5118 
2024 4803 
1577 5548 
1577 5548 
1202 6383 
2078 4713 
1751 5258 
2267 4398 
1652 5423 
1694 5353 
1883 5038 
2324 4303 
2399 4178 
2114 4653 
2630 3793 
1940 4943 
1613 5488 
2204 4503 
1997 4848 
1613 5488 
2114 4653 
2363 4238 
1904 5003 
2594 3853 
1961 4908 
2552 3923 
2288 4363 
2057 4748 
2156 4583 
1994 4853 
1895 5018 
2315 4318 
2315 4318 
1913 4988 
1814 5153 
1493 5688 
1760 5243 
2018 4813 
1856 5083 
1856 5083 
1622 5473 
2546 3933 
2123 4638 
2312 4323 
2708 3663 
2024 4803 
2447 4098 
1703 5338 
2288 4363 
1913 4988 
2504 4003 
1760 5243 
1949 4928 
2345 4268 
1682 5373 
2084 4703 
1814 5153 
2003 4838 
1655 5418 
2246 4433 
2087 4698 
1982 4873 
2429 4128 
2141 4608 
2831 3458 
2510 3993 
2240 4443 
2204 4503 
2105 4668 
2372 4223 
1970 4893 
2393 4188 
1946 4933 
2636 3783 
2366 4233 
2957 3248 
2366 4233 
1163 6448 
2243 4438 
2069 4728 
2879 3378 
2801 3508 
2117 4648 
1907 4998 
2195 4518 
2753 3588 
2159 4578 
2927 3298 
1673 5388 
2483 4038 
1580 5543 
2348 4263 
2600 3843 
2753 3588 
2849 3428 
2696 3683 
3176 2883 
2501 4008 
2408 4163 
2174 4553 
2597 3848 
2570 3893 
2534 3953 
3050 3093 
2486 4033 
3002 3173 
2543 3938 
2732 3623 
3128 2963 
2075 4718 
2885 3368 
2192 4523 
2750 3593 
2876 3383 
2171 4558 
2828 3463 
2750 3593 
2498 4013 
2033 4788 
1823 5138 
2339 4278 
2042 4773 
2600 3843 
1949 4928 
2717 3648 
2273 4388 
2138 4613 
2669 3728 
2843 3438 
2591 3858 
2627 3798 
1907 4998 
2753 3588 
2231 4458 
2501 4008 
1790 5193 
1979 4878 
2375 4218 
2558 3913 
2423 4138 
2549 3928 
2810 3493 
2117 4648 
2159 4578 
2216 4483 
2927 3298 
2486 4033 
2276 4383 
2792 3523 
1733 5288 
2081 4708 
2360 4243 
1649 5428 
2459 4078 
2417 4148 
2207 4498 
2960 3243 
1907 4998 
2213 4488 
1712 5323 
2006 4833 
2255 4418 
2717 3648 
2465 4068 
1808 5163 
2618 3813 
2309 4328 
2867 3398 
2408 4163 
2366 4233 
2114 4653 
2312 4323 
2369 4228 
2870 3393 
2834 3453 
2582 3873 
2291 4358 
2540 3943 
3044 3103 
2396 4183 
2471 4058 
2186 4533 
2702 3673 
1895 5018 
1685 5368 
2276 4383 
2522 3973 
2312 4323 
2096 4683 
2654 3753 
1811 5158 
2579 3878 
2405 4168 
2480 4043 
2537 3948 
2963 3238 
2387 4198 
2312 4323 
2654 3753 
3155 2918 
2078 4713 
2135 4618 
2636 3783 
2195 4518 
2501 4008 
2000 4843 
2327 4298 
2576 3883 
2753 3588 
2501 4008 
1937 4948 
2495 4018 
2438 4113 
2228 4463 
2744 3603 
2570 3893 
2495 4018 
2243 4438 
2474 4053 
2531 3958 
3032 3123 
3281 2708 
2438 4113 
3029 3128 
2705 3668 
2954 3253 
3206 2833 
2165 4568 
2669 3728 
1982 4873 
1949 4928 
2291 4358 
2828 3463 
1580 5543 
1148 6473 
1922 4973 
1889 5028 
2273 4388 
1985 4868 
2576 3883 
1832 5123 
2021 4808 
2417 4148 
1637 5448 
2039 4778 
1481 5708 
1031 6668 
1670 5393 
1322 5973 
1913 4988 
2126 4633 
1406 5833 
2252 4423 
1730 5293 
2501 4008 
1790 5193 
1979 4878 
2375 4218 
2132 4623 
1997 4848 
1838 5113 
2099 4678 
2600 3843 
2465 4068 
2090 4693 
2096 4683 
2249 4428 
2498 4013 
2753 3588 
2033 4788 
2624 3803 
2159 4578 
2501 4008 
2885 3368 
2483 4038 
2348 4263 
2342 4273 
2591 3858 
2879 3378 
1208 6373 
2108 4663 
1724 5303 
1724 5303 
1766 5233 
2207 4498 
2513 3988 
2570 3893 
2570 3893 
2477 4048 
2918 3313 
965 6778 
2129 4628 
2093 4688 
2630 3793 
2783 3538 
1883 5038 
2246 4433 
2435 4118 
1724 5303 
1340 5943 
1841 5108 
1082 6583 
1883 5038 
1745 5268 
2435 4118 
2072 4723 
2093 4688 
2003 4838 
1967 4898 
2372 4223 
2003 4838 
2813 3488 
2408 4163 
1256 6083 
2102 4673 
1619 5478 
2060 4743 
2162 4573 
1757 5248 
2120 4643 
2561 3908 
2198 4513 
2603 3838 
2468 4063 
3314 2653 
1514 5653 
2204 4503 
1514 5653 
1703 5338 
2360 4243 
2609 3828 
2360 4243 
2108 4663 
1415 5818 
2261 4408 
1916 4983 
2321 4308 
2510 3993 
2762 3573 
2357 4248 
2105 4668 
1841 5108 
2651 3758 
2342 4273 
2900 3343 
2441 4108 
2399 4178 
2147 4598 
2246 4433 
2303 4338 
2804 3503 
2441 4108 
2189 4528 
1898 5013 
2147 4598 
2651 3758 
1919 4978 
2360 4243 
2420 4143 
2861 3408 
2342 4273 
3188 2863 
2246 4433 
2936 3283 
1841 5108 
2282 4373 
2531 3958 
2687 3698 
2210 4493 
2210 4493 
2711 3658 
2384 4203 
2900 3343 
2285 4368 
2327 4298 
2516 3983 
2093 4688 
1709 5328 
2210 4493 
2285 4368 
1826 5133 
2516 3983 
1883 5038 
2474 4053 
2210 4493 
2336 4283 
2336 4283 
2126 4633 
2453 4088 
2336 4283 
2894 3353 
2009 4828 
2777 3548 
1910 4993 
2468 4063 
1952 4923 
2393 4188 
2603 3838 
2219 4478 
2219 4478 
2294 4353 
2735 3618 
2720 3643 
2777 3548 
2777 3548 
2720 3643 
3161 2908 
2627 3798 
2528 3963 
2411 4158 
2453 4088 
2894 3353 
2510 3993 
2852 3423 
2969 3228 
2837 3448 
3395 2518 
1892 5023 
2333 4288 
2393 4188 
2834 3453 
2009 4828 
2699 3678 
2009 4828 
2198 4513 
2567 3898 
2816 3483 
2567 3898 
2315 4318 
1751 5258 
2309 4328 
2252 4423 
2369 4228 
2558 3913 
2810 3493 
2693 3688 
2441 4108 
2498 4013 
3056 3083 
2999 3178 
2789 3528 
3305 2668 
3131 2958 
3056 3083 
2804 3503 
2615 3818 
2672 3723 
3173 2888 
3131 2958 
2288 4363 
2879 3378 
2555 3918 
2804 3503 
3056 3083 
2288 4363 
2729 3628 
2789 3528 
3230 2793 
2963 3238 
3521 2308 
2579 3878 
3269 2728 
2462 4073 
2903 3338 
3152 2923 
3020 3143 
2408 4163 
2003 4838 
2441 4108 
2882 3373 
2561 3908 
2966 3233 
2540 3943 
3386 2533 
2378 4213 
2279 4378 
2162 4573 
2246 4433 
2687 3698 
2666 3733 
3008 3163 
3125 2968 
2666 3733 
3224 2803 
2165 4568 
1877 5048 
2318 4313 
2606 3833 
2144 4603 
2990 3193 
2444 4103 
2282 4373 
2282 4373 
2048 4763 
2972 3223 
2549 3928 
2738 3613 
3134 2953 
2450 4093 
2873 3388 
2129 4628 
2714 3653 
2012 4823 
1907 4998 
2354 4253 
2066 4733 
2756 3583 
2435 4118 
2165 4568 
1877 5048 
1778 5213 
2045 4768 
1643 5438 
2066 4733 
1619 5478 
2309 4328 
2039 4778 
2630 3793 
2039 4778 
1865 5068 
2423 4138 
1703 5338 
2549 3928 
2375 4218 
2798 3513 
2087 4698 
2672 3723 
2528 3963 
2393 4188 
2555 3918 
2816 3483 
2480 4043 
1760 5243 
2606 3833 
2084 4703 
2855 3418 
2144 4603 
2333 4288 
2729 3628 
2486 4033 
2351 4258 
2192 4523 
2453 4088 
2570 3893 
2435 4118 
2060 4743 
2066 4733 
2219 4478 
2468 4063 
2723 3638 
2039 4778 
2630 3793 
2165 4568 
2507 3998 
2891 3358 
2489 4028 
2354 4253 
2348 4263 
2597 3848 
2885 3368 
2471 4058 
3317 2648 
2492 4023 
3182 2873 
2087 4698 
2366 4233 
2807 3498 
2645 3768 
2894 3353 
3050 3093 
2330 4293 
3020 3143 
2213 4488 
2456 4083 
2897 3348 
2723 3638 
3281 2708 
3059 3078 
3308 2663 
3176 2883 
