0 3386 68 3545 3414 3878 3249 3186 120 3414 3120 
3386 0 294 270 138 99 270 99 591 342 6 
68 294 0 546 90 387 105 105 387 561 105 
3545 270 546 0 342 600 270 216 138 90 6 
3414 138 90 342 0 90 369 138 90 138 507 
3878 99 387 600 90 0 600 501 387 342 216 
3249 270 105 270 369 600 0 333 210 495 6 
3186 99 105 216 138 501 333 0 144 495 333 
120 591 387 138 90 387 210 144 0 513 180 
3414 342 561 90 138 342 495 495 513 0 459 
3120 6 105 6 507 216 6 333 180 459 0 

0 3661 162 3765 3121 3166 3435 3835 111 3400 3849 
3661 0 510 905 65 835 905 835 15 770 990 
162 510 0 90 355 850 825 825 850 630 825 
3765 905 90 0 770 0 905 640 770 850 990 
3121 65 355 770 0 355 385 65 355 65 155 
3166 835 850 0 355 0 0 165 850 430 640 
3435 905 825 905 385 0 0 445 650 175 990 
3835 835 825 640 65 165 445 0 760 175 445 
111 15 850 770 355 850 650 760 0 145 700 
3400 770 630 850 65 430 175 175 145 0 235 
3849 990 825 990 155 640 990 445 700 235 0 
