1 10 4 5 2 8 11 9 7 3 6 
1 10 4 5 2 9 7 11 8 3 6 
1 10 4 5 11 7 9 2 8 3 6 
1 10 4 7 9 11 8 2 5 3 6 
1 10 4 8 11 7 9 2 5 3 6 
1 10 5 2 8 3 4 7 9 11 6 
1 10 5 2 8 3 9 4 11 7 6 
1 10 5 2 8 3 9 11 4 7 6 
1 10 5 2 8 4 3 7 9 11 6 
1 10 5 2 8 4 7 9 11 3 6 
1 10 5 2 8 4 11 9 3 7 6 
1 10 5 2 8 9 3 4 11 7 6 
1 10 5 2 8 9 11 4 7 3 6 
1 10 5 2 8 11 4 9 3 7 6 
1 10 5 2 8 11 7 3 9 4 6 
1 10 5 2 8 11 9 4 3 7 6 
1 10 5 2 9 3 4 7 11 8 6 
1 10 5 2 9 3 4 11 8 7 6 
1 10 5 2 9 3 7 4 11 8 6 
1 10 5 2 9 3 7 11 4 8 6 
1 10 5 2 9 4 3 7 11 8 6 
1 10 5 2 9 4 7 3 11 8 6 
1 10 5 2 9 4 7 11 3 8 6 
1 10 5 2 9 4 11 7 3 8 6 
1 10 5 2 9 4 11 8 3 7 6 
1 10 5 2 9 7 3 4 11 8 6 
1 10 5 2 9 7 3 11 4 8 6 
1 10 5 2 9 7 4 3 11 8 6 
1 10 5 2 9 7 4 8 3 11 6 
1 10 5 2 9 7 4 8 11 3 6 
1 10 5 2 9 7 4 11 3 8 6 
1 10 5 2 9 7 11 3 4 8 6 
1 10 5 2 9 7 11 4 3 8 6 
1 10 5 2 9 8 4 11 7 3 6 
1 10 5 2 9 11 3 7 4 8 6 
1 10 5 2 9 11 4 7 3 8 6 
1 10 5 2 9 11 7 3 4 8 6 
1 10 5 2 9 11 7 4 3 8 6 
1 10 5 2 9 11 7 4 8 3 6 
1 10 5 2 9 11 8 4 7 3 6 
1 10 5 3 4 7 11 9 2 8 6 
1 10 5 3 4 8 2 9 7 11 6 
1 10 5 3 4 11 7 9 2 8 6 
1 10 5 3 7 4 8 2 9 11 6 
1 10 5 3 7 4 11 9 2 8 6 
1 10 5 3 7 11 4 9 2 8 6 
1 10 5 3 11 4 7 9 2 8 6 
1 10 5 3 11 7 4 9 2 8 6 
1 10 5 4 3 7 11 9 2 8 6 
1 10 5 4 3 11 7 9 2 8 6 
1 10 5 4 7 3 8 2 9 11 6 
1 10 5 4 7 3 11 9 2 8 6 
1 10 5 4 7 9 2 8 3 11 6 
1 10 5 4 7 9 2 8 11 3 6 
1 10 5 4 7 9 11 8 2 3 6 
1 10 5 4 7 11 3 9 2 8 6 
1 10 5 4 7 11 9 2 8 3 6 
1 10 5 4 7 11 9 8 2 3 6 
1 10 5 4 8 2 9 3 7 11 6 
1 10 5 4 8 2 9 7 3 11 6 
1 10 5 4 8 2 9 7 11 3 6 
1 10 5 4 8 2 9 11 7 3 6 
1 10 5 4 8 11 7 9 2 3 6 
1 10 5 4 11 3 7 9 2 8 6 
1 10 5 4 11 7 3 9 2 8 6 
1 10 5 4 11 8 2 9 3 7 6 
1 10 5 8 2 9 3 4 11 7 6 
1 10 5 9 2 8 4 11 7 3 6 
1 10 5 11 3 4 7 9 2 8 6 
1 10 5 11 3 7 4 9 2 8 6 
1 10 5 11 4 3 7 9 2 8 6 
1 10 5 11 4 3 9 2 8 7 6 
1 10 5 11 4 7 3 9 2 8 6 
1 10 5 11 4 7 9 2 8 3 6 
1 10 5 11 4 8 2 9 3 7 6 
1 10 5 11 4 8 2 9 7 3 6 
1 10 5 11 4 9 2 8 3 7 6 
1 10 5 11 7 3 4 9 2 8 6 
1 10 5 11 7 4 3 9 2 8 6 
1 10 5 11 9 2 8 4 7 3 6 
1 10 7 3 4 5 2 9 11 8 6 
1 10 7 3 4 5 11 9 2 8 6 
1 10 7 3 4 8 2 9 11 5 6 
1 10 7 3 4 8 11 9 2 5 6 
1 10 7 3 4 9 11 5 2 8 6 
1 10 7 3 4 9 11 8 2 5 6 
1 10 7 3 4 11 5 2 9 8 6 
1 10 7 3 4 11 5 9 2 8 6 
1 10 7 3 4 11 9 5 2 8 6 
1 10 7 3 4 11 9 8 2 5 6 
1 10 7 3 5 2 9 4 11 8 6 
1 10 7 3 5 2 9 11 4 8 6 
1 10 7 3 5 4 8 2 9 11 6 
1 10 7 3 5 4 11 9 2 8 6 
1 10 7 3 5 11 4 9 2 8 6 
1 10 7 3 8 2 5 11 9 4 6 
1 10 7 3 8 2 9 4 11 5 6 
1 10 7 3 8 2 9 11 4 5 6 
1 10 7 3 8 4 5 2 9 11 6 
1 10 7 3 8 4 11 9 2 5 6 
1 10 7 3 8 11 4 9 2 5 6 
1 10 7 3 9 2 5 4 11 8 6 
1 10 7 3 9 2 5 11 4 8 6 
1 10 7 3 9 2 8 4 11 5 6 
1 10 7 3 9 2 8 11 4 5 6 
1 10 7 3 9 2 8 11 5 4 6 
1 10 7 3 9 4 11 5 2 8 6 
1 10 7 3 9 4 11 8 2 5 6 
1 10 7 3 9 5 2 8 11 4 6 
1 10 7 3 9 8 2 5 11 4 6 
1 10 7 3 9 11 4 5 2 8 6 
1 10 7 3 9 11 4 8 2 5 6 
1 10 7 3 11 4 5 2 9 8 6 
1 10 7 3 11 4 5 9 2 8 6 
1 10 7 3 11 4 8 2 9 5 6 
1 10 7 3 11 4 8 9 2 5 6 
1 10 7 3 11 5 2 9 4 8 6 
1 10 7 3 11 5 4 9 2 8 6 
1 10 7 3 11 8 2 9 4 5 6 
1 10 7 3 11 8 4 9 2 5 6 
1 10 7 3 11 9 2 5 4 8 6 
1 10 7 3 11 9 2 8 4 5 6 
1 10 7 3 11 9 4 5 2 8 6 
1 10 7 3 11 9 4 8 2 5 6 
1 10 7 4 3 5 2 9 11 8 6 
1 10 7 4 3 5 11 9 2 8 6 
1 10 7 4 3 8 2 9 11 5 6 
1 10 7 4 3 8 11 9 2 5 6 
1 10 7 4 3 9 2 5 11 8 6 
1 10 7 4 3 9 2 8 11 5 6 
1 10 7 4 3 9 11 5 2 8 6 
1 10 7 4 3 9 11 8 2 5 6 
1 10 7 4 5 2 8 3 9 11 6 
1 10 7 4 5 2 9 3 11 8 6 
1 10 7 4 5 2 9 8 11 3 6 
1 10 7 4 5 2 9 11 3 8 6 
1 10 7 4 5 2 9 11 8 3 6 
1 10 7 4 5 3 8 2 9 11 6 
1 10 7 4 5 3 11 9 2 8 6 
1 10 7 4 5 9 2 8 11 3 6 
1 10 7 4 5 11 3 9 2 8 6 
1 10 7 4 5 11 8 2 9 3 6 
1 10 7 4 5 11 9 2 8 3 6 
1 10 7 4 8 2 9 3 11 5 6 
1 10 7 4 8 2 9 11 3 5 6 
1 10 7 4 8 2 9 11 5 3 6 
1 10 7 4 8 3 5 2 9 11 6 
1 10 7 4 8 3 11 9 2 5 6 
1 10 7 4 8 11 3 9 2 5 6 
1 10 7 4 8 11 9 2 5 3 6 
1 10 7 4 9 2 5 3 11 8 6 
1 10 7 4 9 2 5 11 3 8 6 
1 10 7 4 9 2 8 3 11 5 6 
1 10 7 4 9 2 8 11 3 5 6 
1 10 7 4 9 3 11 5 2 8 6 
1 10 7 4 9 3 11 8 2 5 6 
1 10 7 4 9 11 3 5 2 8 6 
1 10 7 4 9 11 3 8 2 5 6 
1 10 7 4 11 3 5 2 9 8 6 
1 10 7 4 11 3 5 9 2 8 6 
1 10 7 4 11 3 8 2 9 5 6 
1 10 7 4 11 3 8 9 2 5 6 
1 10 7 4 11 5 2 8 3 9 6 
1 10 7 4 11 5 2 9 3 8 6 
1 10 7 4 11 5 3 9 2 8 6 
1 10 7 4 11 8 2 9 3 5 6 
1 10 7 4 11 8 3 9 2 5 6 
1 10 7 4 11 9 2 5 3 8 6 
1 10 7 4 11 9 2 8 3 5 6 
1 10 7 4 11 9 3 5 2 8 6 
1 10 7 4 11 9 3 8 2 5 6 
1 10 7 4 11 9 5 2 8 3 6 
1 10 7 4 11 9 8 2 5 3 6 
1 10 7 8 2 5 11 4 3 9 6 
1 10 7 9 2 5 3 4 11 8 6 
1 10 7 9 2 5 3 11 4 8 6 
1 10 7 9 2 5 4 3 11 8 6 
1 10 7 9 2 5 4 8 3 11 6 
1 10 7 9 2 5 4 8 11 3 6 
1 10 7 9 2 5 4 11 3 8 6 
1 10 7 9 2 5 11 3 4 8 6 
1 10 7 9 2 5 11 4 3 8 6 
1 10 7 9 2 5 11 4 8 3 6 
1 10 7 9 2 8 3 4 11 5 6 
1 10 7 9 2 8 3 5 4 11 6 
1 10 7 9 2 8 3 5 11 4 6 
1 10 7 9 2 8 3 11 4 5 6 
1 10 7 9 2 8 4 3 11 5 6 
1 10 7 9 2 8 4 5 3 11 6 
1 10 7 9 2 8 4 5 11 3 6 
1 10 7 9 2 8 4 11 3 5 6 
1 10 7 9 2 8 4 11 5 3 6 
1 10 7 9 2 8 11 3 4 5 6 
1 10 7 9 2 8 11 4 3 5 6 
1 10 7 9 3 4 11 5 2 8 6 
1 10 7 9 3 8 2 5 11 4 6 
1 10 7 9 3 11 4 5 2 8 6 
1 10 7 9 3 11 4 8 2 5 6 
1 10 7 9 4 5 2 8 3 11 6 
1 10 7 9 4 11 3 5 2 8 6 
1 10 7 9 4 11 3 8 2 5 6 
1 10 7 9 11 3 4 5 2 8 6 
1 10 7 9 11 3 4 8 2 5 6 
1 10 7 9 11 4 3 5 2 8 6 
1 10 7 9 11 4 3 8 2 5 6 
1 10 7 9 11 4 5 2 8 3 6 
1 10 7 9 11 8 2 5 4 3 6 
1 10 7 9 11 8 4 5 2 3 6 
1 10 7 11 3 5 2 9 4 8 6 
1 10 7 11 3 5 4 9 2 8 6 
1 10 7 11 3 8 2 9 4 5 6 
1 10 7 11 3 8 4 9 2 5 6 
1 10 7 11 3 9 2 5 4 8 6 
1 10 7 11 3 9 2 8 4 5 6 
1 10 7 11 3 9 4 5 2 8 6 
1 10 7 11 4 3 5 2 9 8 6 
1 10 7 11 4 3 5 9 2 8 6 
1 10 7 11 4 3 8 2 9 5 6 
1 10 7 11 4 3 8 9 2 5 6 
1 10 7 11 4 3 9 5 2 8 6 
1 10 7 11 4 3 9 8 2 5 6 
1 10 7 11 4 5 2 9 3 8 6 
1 10 7 11 4 5 3 9 2 8 6 
1 10 7 11 4 8 2 9 3 5 6 
1 10 7 11 4 8 2 9 5 3 6 
1 10 7 11 4 8 3 9 2 5 6 
1 10 7 11 4 8 9 2 5 3 6 
1 10 7 11 4 9 2 5 3 8 6 
1 10 7 11 4 9 2 8 3 5 6 
1 10 7 11 4 9 3 5 2 8 6 
1 10 7 11 4 9 3 8 2 5 6 
1 10 7 11 5 2 8 3 9 4 6 
1 10 7 11 5 2 8 9 3 4 6 
1 10 7 11 5 2 9 3 4 8 6 
1 10 7 11 5 2 9 4 3 8 6 
1 10 7 11 5 3 4 9 2 8 6 
1 10 7 11 5 4 9 2 8 3 6 
1 10 7 11 8 2 5 3 9 4 6 
1 10 7 11 8 2 5 9 3 4 6 
1 10 7 11 8 2 9 3 4 5 6 
1 10 7 11 8 2 9 4 3 5 6 
1 10 7 11 8 3 4 9 2 5 6 
1 10 7 11 8 4 3 9 2 5 6 
1 10 7 11 9 2 5 3 4 8 6 
1 10 7 11 9 2 5 4 3 8 6 
1 10 7 11 9 2 5 4 8 3 6 
1 10 7 11 9 2 8 3 4 5 6 
1 10 7 11 9 2 8 4 3 5 6 
1 10 7 11 9 2 8 4 5 3 6 
1 10 7 11 9 3 4 5 2 8 6 
1 10 7 11 9 3 4 8 2 5 6 
1 10 7 11 9 4 3 5 2 8 6 
1 10 7 11 9 4 3 8 2 5 6 
1 10 7 11 9 5 4 8 2 3 6 
1 10 7 11 9 8 4 5 2 3 6 
1 10 8 2 5 3 4 7 9 11 6 
1 10 8 2 5 3 9 4 11 7 6 
1 10 8 2 5 3 9 11 4 7 6 
1 10 8 2 5 4 3 7 9 11 6 
1 10 8 2 5 4 7 3 9 11 6 
1 10 8 2 5 4 7 9 11 3 6 
1 10 8 2 5 4 9 7 3 11 6 
1 10 8 2 5 4 9 7 11 3 6 
1 10 8 2 5 4 11 9 7 3 6 
1 10 8 2 5 9 3 4 11 7 6 
1 10 8 2 5 9 11 4 7 3 6 
1 10 8 2 5 11 3 9 4 7 6 
1 10 8 2 5 11 4 3 9 7 6 
1 10 8 2 5 11 4 7 3 9 6 
1 10 8 2 5 11 4 9 3 7 6 
1 10 8 2 5 11 7 3 9 4 6 
1 10 8 2 5 11 9 4 3 7 6 
1 10 8 2 9 3 4 7 11 5 6 
1 10 8 2 9 3 4 11 5 7 6 
1 10 8 2 9 3 5 4 7 11 6 
1 10 8 2 9 3 5 11 4 7 6 
1 10 8 2 9 3 7 4 11 5 6 
1 10 8 2 9 3 7 11 4 5 6 
1 10 8 2 9 3 11 7 4 5 6 
1 10 8 2 9 4 3 7 11 5 6 
1 10 8 2 9 4 5 11 7 3 6 
1 10 8 2 9 4 7 3 11 5 6 
1 10 8 2 9 4 7 11 3 5 6 
1 10 8 2 9 4 11 5 3 7 6 
1 10 8 2 9 4 11 7 3 5 6 
1 10 8 2 9 7 3 4 11 5 6 
1 10 8 2 9 7 3 5 4 11 6 
1 10 8 2 9 7 3 5 11 4 6 
1 10 8 2 9 7 3 11 4 5 6 
1 10 8 2 9 7 4 3 11 5 6 
1 10 8 2 9 7 4 5 3 11 6 
1 10 8 2 9 7 4 5 11 3 6 
1 10 8 2 9 7 4 11 3 5 6 
1 10 8 2 9 7 4 11 5 3 6 
1 10 8 2 9 7 11 3 4 5 6 
1 10 8 2 9 7 11 4 3 5 6 
1 10 8 2 9 11 3 7 4 5 6 
1 10 8 2 9 11 4 7 3 5 6 
1 10 8 2 9 11 5 4 7 3 6 
1 10 8 2 9 11 7 3 4 5 6 
1 10 8 2 9 11 7 4 3 5 6 
1 10 8 2 9 11 7 4 5 3 6 
1 10 8 3 4 7 11 9 2 5 6 
1 10 8 3 4 11 7 9 2 5 6 
1 10 8 3 7 4 5 2 9 11 6 
1 10 8 3 7 4 11 9 2 5 6 
1 10 8 3 7 9 2 5 4 11 6 
1 10 8 3 7 9 2 5 11 4 6 
1 10 8 3 7 11 4 9 2 5 6 
1 10 8 3 9 2 5 4 7 11 6 
1 10 8 3 9 2 5 11 4 7 6 
1 10 8 3 11 4 7 9 2 5 6 
1 10 8 3 11 7 4 9 2 5 6 
1 10 8 4 3 5 2 9 7 11 6 
1 10 8 4 3 7 11 9 2 5 6 
1 10 8 4 3 9 2 5 11 7 6 
1 10 8 4 3 11 7 9 2 5 6 
1 10 8 4 5 2 9 3 7 11 6 
1 10 8 4 5 2 9 7 3 11 6 
1 10 8 4 5 2 9 7 11 3 6 
1 10 8 4 5 2 9 11 7 3 6 
1 10 8 4 5 11 7 9 2 3 6 
1 10 8 4 7 3 5 2 9 11 6 
1 10 8 4 7 3 11 9 2 5 6 
1 10 8 4 7 9 2 5 3 11 6 
1 10 8 4 7 9 2 5 11 3 6 
1 10 8 4 7 11 9 2 5 3 6 
1 10 8 4 11 3 7 9 2 5 6 
1 10 8 4 11 5 2 9 3 7 6 
1 10 8 4 11 5 2 9 7 3 6 
1 10 8 4 11 7 3 9 2 5 6 
1 10 8 5 2 9 3 4 11 7 6 
1 10 8 9 11 7 4 5 2 3 6 
1 10 8 11 3 4 7 9 2 5 6 
1 10 8 11 3 7 4 9 2 5 6 
1 10 8 11 4 3 7 9 2 5 6 
1 10 8 11 4 3 9 2 5 7 6 
1 10 8 11 4 5 2 9 3 7 6 
1 10 8 11 4 7 3 9 2 5 6 
1 10 8 11 4 9 2 5 3 7 6 
1 10 8 11 7 3 4 9 2 5 6 
1 10 8 11 7 4 3 9 2 5 6 
1 10 8 11 7 9 2 5 4 3 6 
1 10 8 11 9 2 5 4 7 3 6 
1 10 8 11 9 7 4 5 2 3 6 
1 10 9 2 3 5 4 7 11 8 6 
1 10 9 2 3 7 11 8 4 5 6 
1 10 9 2 3 8 11 7 4 5 6 
1 10 9 2 5 3 8 4 7 11 6 
1 10 9 2 5 4 7 11 3 8 6 
1 10 9 2 5 4 7 11 8 3 6 
1 10 9 2 5 4 8 3 7 11 6 
1 10 9 2 5 4 8 11 7 3 6 
1 10 9 2 5 11 7 4 8 3 6 
1 10 9 2 8 3 5 4 7 11 6 
1 10 9 2 8 3 11 7 4 5 6 
1 10 9 2 8 4 5 3 7 11 6 
1 10 9 2 8 4 5 11 7 3 6 
1 10 9 2 8 4 7 11 5 3 6 
1 10 9 2 8 11 5 4 7 3 6 
1 10 9 2 8 11 7 4 5 3 6 
1 10 9 5 4 7 11 8 2 3 6 
1 10 9 7 4 5 2 3 11 8 6 
1 10 9 7 4 5 2 8 3 11 6 
1 10 9 7 4 5 2 8 11 3 6 
1 10 9 7 4 5 11 8 2 3 6 
1 10 9 7 4 8 2 5 3 11 6 
1 10 9 7 11 3 2 5 4 8 6 
1 10 9 7 11 3 2 8 4 5 6 
1 10 9 7 11 4 5 2 8 3 6 
1 10 9 7 11 5 4 8 2 3 6 
1 10 9 7 11 8 4 5 2 3 6 
1 10 9 8 11 7 4 5 2 3 6 
1 10 9 11 3 7 4 5 2 8 6 
1 10 9 11 5 2 8 4 7 3 6 
1 10 9 11 7 3 2 5 4 8 6 
1 10 9 11 7 3 2 8 4 5 6 
1 10 9 11 7 4 5 2 3 8 6 
1 10 9 11 7 4 5 2 8 3 6 
1 10 9 11 7 4 5 3 2 8 6 
1 10 9 11 7 4 8 2 3 5 6 
1 10 9 11 7 4 8 2 5 3 6 
1 10 9 11 7 4 8 3 2 5 6 
1 10 9 11 8 2 3 7 4 5 6 
1 10 9 11 8 2 5 4 7 3 6 
1 10 11 5 4 7 9 2 8 3 6 
1 10 11 5 4 8 2 9 7 3 6 
1 10 11 7 4 5 2 9 8 3 6 
1 10 11 7 4 5 9 2 8 3 6 
1 10 11 7 4 8 2 9 5 3 6 
1 10 11 7 4 8 9 2 5 3 6 
1 10 11 7 9 2 3 5 4 8 6 
1 10 11 7 9 2 3 8 4 5 6 
1 10 11 7 9 2 5 4 8 3 6 
1 10 11 7 9 2 8 4 5 3 6 
1 10 11 7 9 5 4 8 2 3 6 
1 10 11 7 9 8 4 5 2 3 6 
1 10 11 8 2 9 5 4 7 3 6 
1 10 11 8 2 9 7 4 5 3 6 
1 10 11 8 4 5 2 9 7 3 6 
1 10 11 8 4 7 9 2 5 3 6 
1 10 11 8 9 2 5 4 7 3 6 
1 10 11 8 9 7 4 5 2 3 6 
1 10 11 9 5 2 8 4 7 3 6 
1 10 11 9 7 3 2 5 4 8 6 
1 10 11 9 7 3 2 8 4 5 6 
1 10 11 9 7 4 5 2 3 8 6 
1 10 11 9 7 4 5 2 8 3 6 
1 10 11 9 7 4 5 3 2 8 6 
1 10 11 9 7 4 8 2 5 3 6 
1 10 11 9 8 2 5 4 7 3 6 
0
3556 2635 
3559 2630 
3469 2780 
3499 2730 
3502 2725 
2758 3625 
1729 5320 
2005 4860 
2758 3625 
3187 2930 
2005 4860 
1726 5345 
2809 3540 
1657 5440 
1900 5035 
1897 5060 
2332 4250 
1486 5855 
2287 4305 
2359 4185 
2251 4385 
2470 4020 
2542 3900 
2278 4320 
1855 5110 
2317 4275 
2608 3790 
2581 3855 
2980 3255 
3118 3045 
2608 3790 
2653 3735 
2389 4155 
2812 3535 
2818 3440 
2554 3860 
2599 3805 
2599 3805 
3136 2995 
3064 3115 
2599 3805 
2761 3620 
2389 4155 
2926 3325 
2554 3860 
2278 4320 
2608 3790 
2542 3900 
2656 3710 
2710 3640 
2983 3230 
2875 3345 
3037 3160 
3175 2950 
3928 2225 
2680 3670 
3193 2900 
3886 2295 
2788 3555 
3037 3160 
3247 2830 
3193 2900 
3931 2220 
2665 3695 
2416 4090 
1993 4880 
1558 5735 
2812 3535 
2491 4005 
2380 4170 
2227 4425 
1396 6005 
2197 4455 
2764 3615 
1846 5125 
2764 3615 
1765 5260 
2161 4535 
2242 4400 
2974 3265 
2584 3830 
2494 3980 
2437 4075 
2527 3925 
2158 4540 
2248 4390 
2113 4615 
2113 4615 
2272 4350 
2272 4350 
2206 4440 
2554 3860 
2983 3230 
2611 3765 
2116 4590 
2005 4860 
2116 4590 
2611 3765 
2983 3230 
2554 3860 
2206 4440 
2344 4210 
2197 4455 
2197 4455 
2344 4210 
2074 4745 
1918 4920 
2008 4770 
1852 5115 
1762 5265 
2413 4095 
2356 4190 
2551 3885 
2551 3885 
2494 3980 
2494 3980 
2380 4170 
2437 4075 
2527 3925 
2470 4020 
2875 3345 
2875 3345 
2596 3810 
2539 3905 
2527 3925 
2437 4075 
2437 4075 
2527 3925 
2170 4520 
2170 4520 
2239 4405 
2329 4255 
2785 3560 
2608 3790 
3061 3140 
2875 3345 
3121 3020 
2983 3230 
2875 3345 
3061 3140 
2518 3940 
2764 3615 
3031 3170 
2461 4035 
2818 3440 
2974 3265 
2926 3325 
2818 3440 
2551 3885 
3064 3115 
2470 4020 
2380 4170 
2380 4170 
2470 4020 
2182 4500 
2272 4350 
2539 3905 
2539 3905 
2494 3980 
2494 3980 
2494 3980 
2494 3980 
2002 4865 
2197 4455 
2197 4455 
2287 4305 
2287 4305 
2554 3860 
2554 3860 
2356 4190 
2356 4190 
2809 3540 
2809 3540 
1552 5745 
2317 4275 
2608 3790 
2638 3760 
3037 3160 
3175 2950 
2665 3695 
2491 4005 
2227 4425 
2764 3615 
2227 4425 
2773 3580 
2074 4745 
2665 3695 
2491 4005 
3037 3160 
3085 3100 
2608 3790 
2764 3615 
2638 3760 
2317 4275 
2029 4755 
1876 5075 
2467 4025 
2410 4120 
2758 3625 
2329 4255 
2329 4255 
2707 3645 
2650 3740 
2386 4160 
2386 4160 
2980 3255 
2953 3320 
3928 2225 
2542 3900 
2599 3805 
2599 3805 
2542 3900 
2680 3670 
2680 3670 
2401 4135 
2275 4345 
2275 4345 
2275 4345 
2275 4345 
2077 4675 
2077 4675 
2416 4090 
2416 4090 
2359 4185 
2812 3535 
2359 4185 
2812 3535 
2278 4320 
2278 4320 
2080 4650 
2080 4650 
1810 5185 
1807 5210 
2242 4400 
2161 4535 
2161 4535 
2755 3630 
1900 5035 
1897 5060 
2389 4155 
2251 4385 
2251 4385 
2332 4250 
2599 3805 
2656 3710 
3193 2900 
2656 3710 
2599 3805 
3193 2900 
2458 4040 
2401 4135 
2320 4270 
2320 4270 
3886 2295 
3886 2295 
2758 3625 
1729 5320 
2005 4860 
2815 3530 
2785 3560 
3244 2835 
2758 3625 
2968 3295 
2980 3255 
1726 5345 
2809 3540 
1831 5170 
1678 5425 
2002 4865 
1567 5590 
1810 5185 
1807 5210 
2242 4400 
1396 6005 
2788 3555 
1846 5125 
2197 4455 
2416 4090 
2680 3670 
2161 4535 
2755 3630 
2380 4170 
2542 3900 
1765 5260 
2278 4320 
2227 4425 
2773 3580 
2074 4745 
2665 3695 
2491 4005 
3037 3160 
3085 3100 
2608 3790 
2764 3615 
2710 3640 
2389 4155 
2875 3345 
2554 3860 
3031 3170 
2656 3710 
2599 3805 
3193 2900 
2599 3805 
2389 4155 
2983 3230 
2554 3860 
2773 3580 
2074 4745 
2278 4320 
2788 3555 
1846 5125 
2608 3790 
2542 3900 
2761 3620 
2599 3805 
1891 5070 
2653 3735 
2788 3555 
3037 3160 
3247 2830 
3193 2900 
3841 2370 
2926 3325 
2818 3440 
2980 3255 
3028 3195 
3136 2995 
2608 3790 
1846 5125 
2764 3615 
2359 4185 
1558 5735 
3886 2295 
2581 3855 
2470 4020 
2317 4275 
1486 5855 
1993 4880 
2287 4305 
1855 5110 
2251 4385 
2332 4250 
2956 3315 
3121 3020 
3928 2225 
4081 2205 
4081 2205 
4081 2205 
3448 2795 
3397 2815 
3643 2490 
3505 2700 
3643 2490 
3496 2735 
3505 2700 
3397 2815 
3505 2700 
3553 2640 
3496 2735 
3481 2760 
3643 2490 
4336 1885 
4132 2140 
3556 2635 
3694 2425 
4288 1965 
3499 2730 
4204 2020 
4204 2020 
3502 2725 
4360 1845 
4450 1695 
4336 1885 
3394 2820 
3493 2740 
4150 2090 
4150 2090 
4150 2090 
3712 2375 
4150 2090 
4093 2185 
3655 2470 
4093 2185 
4078 2210 
3640 2495 
3502 2725 
3502 2725 
3550 2645 
3550 2645 
3493 2740 
3493 2740 
4102 2170 
4102 2170 
3664 2455 
3664 2455 
4357 1850 
4357 1850 
3478 2765 
3592 2575 
3592 2575 
3535 2670 
3478 2765 
4285 1970 
3490 2745 
4099 2175 
4099 2175 
4099 2175 
3661 2460 
4099 2175 
3604 2555 
3547 2650 
