1 10 3 2 5 7 9 11 8 6 4 
1 10 3 2 5 7 11 9 8 6 4 
1 10 3 2 5 9 7 11 8 6 4 
1 10 3 2 5 9 11 7 8 6 4 
1 10 3 2 5 11 7 9 8 6 4 
1 10 3 2 5 11 9 7 8 6 4 
1 10 3 2 7 5 9 11 8 6 4 
1 10 3 2 7 5 11 9 8 6 4 
1 10 3 2 7 9 5 11 8 6 4 
1 10 3 2 7 9 11 5 8 6 4 
1 10 3 2 7 11 5 9 8 6 4 
1 10 3 2 7 11 9 5 8 6 4 
1 10 3 2 9 5 7 11 8 6 4 
1 10 3 2 9 5 11 7 8 6 4 
1 10 3 2 9 7 5 11 8 6 4 
1 10 3 2 9 7 11 5 8 6 4 
1 10 3 2 9 11 5 7 8 6 4 
1 10 3 2 9 11 7 5 8 6 4 
1 10 3 2 11 5 7 9 8 6 4 
1 10 3 2 11 5 9 7 8 6 4 
1 10 3 2 11 7 5 9 8 6 4 
1 10 3 2 11 7 9 5 8 6 4 
1 10 3 2 11 9 5 7 8 6 4 
1 10 3 2 11 9 7 5 8 6 4 
1 10 3 5 2 7 9 11 8 6 4 
1 10 3 5 2 7 11 9 8 6 4 
1 10 3 5 2 9 7 11 8 6 4 
1 10 3 5 2 9 11 7 8 6 4 
1 10 3 5 2 11 7 9 8 6 4 
1 10 3 5 2 11 9 7 8 6 4 
1 10 3 5 6 8 7 9 11 2 4 
1 10 3 5 6 8 7 11 9 2 4 
1 10 3 5 6 8 9 7 11 2 4 
1 10 3 5 6 8 9 11 7 2 4 
1 10 3 5 6 8 11 7 9 2 4 
1 10 3 5 6 8 11 9 7 2 4 
1 10 3 5 7 2 9 11 8 6 4 
1 10 3 5 7 2 11 9 8 6 4 
1 10 3 5 7 6 8 9 11 2 4 
1 10 3 5 7 6 8 11 9 2 4 
1 10 3 5 7 8 6 9 11 2 4 
1 10 3 5 7 9 2 11 8 6 4 
1 10 3 5 7 9 6 8 11 2 4 
1 10 3 5 7 9 11 2 8 6 4 
1 10 3 5 7 11 2 9 8 6 4 
1 10 3 5 7 11 8 6 9 2 4 
1 10 3 5 7 11 9 2 8 6 4 
1 10 3 5 7 11 9 6 8 2 4 
1 10 3 5 8 6 7 9 11 2 4 
1 10 3 5 8 6 7 11 9 2 4 
1 10 3 5 8 6 9 7 11 2 4 
1 10 3 5 8 6 9 11 7 2 4 
1 10 3 5 9 2 7 11 8 6 4 
1 10 3 5 9 2 11 7 8 6 4 
1 10 3 5 9 6 8 7 11 2 4 
1 10 3 5 9 6 8 11 7 2 4 
1 10 3 5 9 7 2 11 8 6 4 
1 10 3 5 9 7 6 8 11 2 4 
1 10 3 5 9 7 11 2 8 6 4 
1 10 3 5 9 8 6 7 11 2 4 
1 10 3 5 9 11 2 7 8 6 4 
1 10 3 5 9 11 7 2 8 6 4 
1 10 3 5 9 11 7 6 8 2 4 
1 10 3 5 9 11 8 6 7 2 4 
1 10 3 5 11 2 7 9 8 6 4 
1 10 3 5 11 2 9 7 8 6 4 
1 10 3 5 11 7 2 9 8 6 4 
1 10 3 5 11 7 6 8 9 2 4 
1 10 3 5 11 7 8 6 9 2 4 
1 10 3 5 11 7 9 2 8 6 4 
1 10 3 5 11 7 9 6 8 2 4 
1 10 3 5 11 8 6 7 9 2 4 
1 10 3 5 11 8 6 9 7 2 4 
1 10 3 5 11 9 2 7 8 6 4 
1 10 3 5 11 9 6 8 7 2 4 
1 10 3 5 11 9 7 2 8 6 4 
1 10 3 5 11 9 7 6 8 2 4 
1 10 3 5 11 9 8 6 7 2 4 
1 10 3 6 8 5 7 9 11 2 4 
1 10 3 6 8 5 7 11 9 2 4 
1 10 3 6 8 5 9 7 11 2 4 
1 10 3 6 8 5 9 11 7 2 4 
1 10 3 6 8 5 11 7 9 2 4 
1 10 3 6 8 5 11 9 7 2 4 
1 10 3 6 8 7 5 9 11 2 4 
1 10 3 6 8 7 5 11 9 2 4 
1 10 3 6 8 7 9 5 11 2 4 
1 10 3 6 8 7 9 11 5 2 4 
1 10 3 6 8 7 11 5 9 2 4 
1 10 3 6 8 7 11 9 5 2 4 
1 10 3 6 8 9 5 7 11 2 4 
1 10 3 6 8 9 5 11 7 2 4 
1 10 3 6 8 9 7 5 11 2 4 
1 10 3 6 8 9 7 11 5 2 4 
1 10 3 6 8 9 11 5 7 2 4 
1 10 3 6 8 9 11 7 5 2 4 
1 10 3 6 8 11 5 7 9 2 4 
1 10 3 6 8 11 5 9 7 2 4 
1 10 3 6 8 11 7 5 9 2 4 
1 10 3 6 8 11 7 9 5 2 4 
1 10 3 6 8 11 9 5 7 2 4 
1 10 3 6 8 11 9 7 5 2 4 
1 10 3 7 2 5 9 11 8 6 4 
1 10 3 7 2 5 11 9 8 6 4 
1 10 3 7 2 9 5 11 8 6 4 
1 10 3 7 2 9 11 5 8 6 4 
1 10 3 7 2 11 5 9 8 6 4 
1 10 3 7 2 11 9 5 8 6 4 
1 10 3 7 5 2 9 11 8 6 4 
1 10 3 7 5 2 11 9 8 6 4 
1 10 3 7 5 6 8 9 11 2 4 
1 10 3 7 5 6 8 11 9 2 4 
1 10 3 7 5 8 6 9 11 2 4 
1 10 3 7 5 9 2 11 8 6 4 
1 10 3 7 5 9 6 8 11 2 4 
1 10 3 7 5 9 11 2 8 6 4 
1 10 3 7 5 11 2 9 8 6 4 
1 10 3 7 5 11 8 6 9 2 4 
1 10 3 7 5 11 9 2 8 6 4 
1 10 3 7 5 11 9 6 8 2 4 
1 10 3 7 6 8 5 9 11 2 4 
1 10 3 7 6 8 5 11 9 2 4 
1 10 3 7 6 8 9 5 11 2 4 
1 10 3 7 6 8 9 11 5 2 4 
1 10 3 7 6 8 11 5 9 2 4 
1 10 3 7 6 8 11 9 5 2 4 
1 10 3 7 8 6 5 9 11 2 4 
1 10 3 7 8 6 5 11 9 2 4 
1 10 3 7 8 6 9 5 11 2 4 
1 10 3 7 8 6 9 11 5 2 4 
1 10 3 7 9 2 5 11 8 6 4 
1 10 3 7 9 2 11 5 8 6 4 
1 10 3 7 9 5 2 11 8 6 4 
1 10 3 7 9 5 6 8 11 2 4 
1 10 3 7 9 5 11 2 8 6 4 
1 10 3 7 9 6 8 5 11 2 4 
1 10 3 7 9 6 8 11 5 2 4 
1 10 3 7 9 8 6 5 11 2 4 
1 10 3 7 9 11 2 5 8 6 4 
1 10 3 7 9 11 5 2 8 6 4 
1 10 3 7 9 11 5 6 8 2 4 
1 10 3 7 9 11 8 6 5 2 4 
1 10 3 7 11 2 5 9 8 6 4 
1 10 3 7 11 2 9 5 8 6 4 
1 10 3 7 11 5 2 9 8 6 4 
1 10 3 7 11 5 6 8 9 2 4 
1 10 3 7 11 5 8 6 9 2 4 
1 10 3 7 11 5 9 2 8 6 4 
1 10 3 7 11 5 9 6 8 2 4 
1 10 3 7 11 8 6 5 9 2 4 
1 10 3 7 11 8 6 9 5 2 4 
1 10 3 7 11 9 2 5 8 6 4 
1 10 3 7 11 9 5 2 8 6 4 
1 10 3 7 11 9 5 6 8 2 4 
1 10 3 7 11 9 6 8 5 2 4 
1 10 3 7 11 9 8 6 5 2 4 
1 10 3 8 6 5 7 9 11 2 4 
1 10 3 8 6 5 7 11 9 2 4 
1 10 3 8 6 5 9 7 11 2 4 
1 10 3 8 6 5 9 11 7 2 4 
1 10 3 8 6 5 11 7 9 2 4 
1 10 3 8 6 5 11 9 7 2 4 
1 10 3 8 6 7 5 9 11 2 4 
1 10 3 8 6 7 5 11 9 2 4 
1 10 3 8 6 7 9 5 11 2 4 
1 10 3 8 6 7 9 11 5 2 4 
1 10 3 8 6 7 11 5 9 2 4 
1 10 3 8 6 7 11 9 5 2 4 
1 10 3 8 6 9 5 7 11 2 4 
1 10 3 8 6 9 5 11 7 2 4 
1 10 3 8 6 9 7 5 11 2 4 
1 10 3 8 6 9 7 11 5 2 4 
1 10 3 8 6 9 11 5 7 2 4 
1 10 3 8 6 9 11 7 5 2 4 
1 10 3 9 2 5 7 11 8 6 4 
1 10 3 9 2 5 11 7 8 6 4 
1 10 3 9 2 7 5 11 8 6 4 
1 10 3 9 2 7 11 5 8 6 4 
1 10 3 9 2 11 5 7 8 6 4 
1 10 3 9 2 11 7 5 8 6 4 
1 10 3 9 5 2 7 11 8 6 4 
1 10 3 9 5 2 11 7 8 6 4 
1 10 3 9 5 6 8 7 11 2 4 
1 10 3 9 5 6 8 11 7 2 4 
1 10 3 9 5 7 2 11 8 6 4 
1 10 3 9 5 7 6 8 11 2 4 
1 10 3 9 5 7 11 2 8 6 4 
1 10 3 9 5 8 6 7 11 2 4 
1 10 3 9 5 11 2 7 8 6 4 
1 10 3 9 5 11 7 2 8 6 4 
1 10 3 9 5 11 7 6 8 2 4 
1 10 3 9 5 11 8 6 7 2 4 
1 10 3 9 6 8 5 7 11 2 4 
1 10 3 9 6 8 5 11 7 2 4 
1 10 3 9 6 8 7 5 11 2 4 
1 10 3 9 6 8 7 11 5 2 4 
1 10 3 9 6 8 11 5 7 2 4 
1 10 3 9 6 8 11 7 5 2 4 
1 10 3 9 7 2 5 11 8 6 4 
1 10 3 9 7 2 11 5 8 6 4 
1 10 3 9 7 5 2 11 8 6 4 
1 10 3 9 7 5 6 8 11 2 4 
1 10 3 9 7 5 11 2 8 6 4 
1 10 3 9 7 6 8 5 11 2 4 
1 10 3 9 7 6 8 11 5 2 4 
1 10 3 9 7 8 6 5 11 2 4 
1 10 3 9 7 11 2 5 8 6 4 
1 10 3 9 7 11 5 2 8 6 4 
1 10 3 9 7 11 5 6 8 2 4 
1 10 3 9 7 11 8 6 5 2 4 
1 10 3 9 8 6 5 7 11 2 4 
1 10 3 9 8 6 5 11 7 2 4 
1 10 3 9 8 6 7 5 11 2 4 
1 10 3 9 8 6 7 11 5 2 4 
1 10 3 9 11 2 5 7 8 6 4 
1 10 3 9 11 2 7 5 8 6 4 
1 10 3 9 11 5 2 7 8 6 4 
1 10 3 9 11 5 6 8 7 2 4 
1 10 3 9 11 5 7 2 8 6 4 
1 10 3 9 11 5 7 6 8 2 4 
1 10 3 9 11 5 8 6 7 2 4 
1 10 3 9 11 7 2 5 8 6 4 
1 10 3 9 11 7 5 2 8 6 4 
1 10 3 9 11 7 5 6 8 2 4 
1 10 3 9 11 7 6 8 5 2 4 
1 10 3 9 11 7 8 6 5 2 4 
1 10 3 9 11 8 6 5 7 2 4 
1 10 3 9 11 8 6 7 5 2 4 
1 10 3 11 2 5 7 9 8 6 4 
1 10 3 11 2 5 9 7 8 6 4 
1 10 3 11 2 7 5 9 8 6 4 
1 10 3 11 2 7 9 5 8 6 4 
1 10 3 11 2 9 5 7 8 6 4 
1 10 3 11 2 9 7 5 8 6 4 
1 10 3 11 5 2 7 9 8 6 4 
1 10 3 11 5 2 9 7 8 6 4 
1 10 3 11 5 6 8 7 9 2 4 
1 10 3 11 5 6 8 9 7 2 4 
1 10 3 11 5 7 2 9 8 6 4 
1 10 3 11 5 7 6 8 9 2 4 
1 10 3 11 5 7 8 6 9 2 4 
1 10 3 11 5 7 9 2 8 6 4 
1 10 3 11 5 7 9 6 8 2 4 
1 10 3 11 5 8 6 7 9 2 4 
1 10 3 11 5 8 6 9 7 2 4 
1 10 3 11 5 9 2 7 8 6 4 
1 10 3 11 5 9 6 8 7 2 4 
1 10 3 11 5 9 7 2 8 6 4 
1 10 3 11 5 9 7 6 8 2 4 
1 10 3 11 5 9 8 6 7 2 4 
1 10 3 11 7 2 5 9 8 6 4 
1 10 3 11 7 2 9 5 8 6 4 
1 10 3 11 7 5 2 9 8 6 4 
1 10 3 11 7 5 6 8 9 2 4 
1 10 3 11 7 5 8 6 9 2 4 
1 10 3 11 7 5 9 2 8 6 4 
1 10 3 11 7 5 9 6 8 2 4 
1 10 3 11 7 6 8 5 9 2 4 
1 10 3 11 7 6 8 9 5 2 4 
1 10 3 11 7 8 6 5 9 2 4 
1 10 3 11 7 8 6 9 5 2 4 
1 10 3 11 7 9 2 5 8 6 4 
1 10 3 11 7 9 5 2 8 6 4 
1 10 3 11 7 9 5 6 8 2 4 
1 10 3 11 7 9 6 8 5 2 4 
1 10 3 11 7 9 8 6 5 2 4 
1 10 3 11 8 6 5 7 9 2 4 
1 10 3 11 8 6 5 9 7 2 4 
1 10 3 11 8 6 7 5 9 2 4 
1 10 3 11 8 6 7 9 5 2 4 
1 10 3 11 8 6 9 5 7 2 4 
1 10 3 11 8 6 9 7 5 2 4 
1 10 3 11 9 2 5 7 8 6 4 
1 10 3 11 9 2 7 5 8 6 4 
1 10 3 11 9 5 2 7 8 6 4 
1 10 3 11 9 5 6 8 7 2 4 
1 10 3 11 9 5 7 2 8 6 4 
1 10 3 11 9 5 7 6 8 2 4 
1 10 3 11 9 5 8 6 7 2 4 
1 10 3 11 9 6 8 5 7 2 4 
1 10 3 11 9 6 8 7 5 2 4 
1 10 3 11 9 7 2 5 8 6 4 
1 10 3 11 9 7 5 2 8 6 4 
1 10 3 11 9 7 5 6 8 2 4 
1 10 3 11 9 7 6 8 5 2 4 
1 10 3 11 9 7 8 6 5 2 4 
1 10 3 11 9 8 6 5 7 2 4 
1 10 3 11 9 8 6 7 5 2 4 
1 10 5 2 3 7 9 11 8 6 4 
1 10 5 2 3 7 11 9 8 6 4 
1 10 5 2 3 9 7 11 8 6 4 
1 10 5 2 3 9 11 7 8 6 4 
1 10 5 2 3 11 7 9 8 6 4 
1 10 5 2 3 11 9 7 8 6 4 
1 10 5 2 7 3 9 11 8 6 4 
1 10 5 2 7 3 11 9 8 6 4 
1 10 5 2 7 9 3 11 8 6 4 
1 10 5 2 7 9 11 3 8 6 4 
1 10 5 2 7 11 3 9 8 6 4 
1 10 5 2 7 11 9 3 8 6 4 
1 10 5 2 9 3 7 11 8 6 4 
1 10 5 2 9 3 11 7 8 6 4 
1 10 5 2 9 7 3 11 8 6 4 
1 10 5 2 9 7 11 3 8 6 4 
1 10 5 2 9 11 3 7 8 6 4 
1 10 5 2 9 11 7 3 8 6 4 
1 10 5 2 11 3 7 9 8 6 4 
1 10 5 2 11 3 9 7 8 6 4 
1 10 5 2 11 7 3 9 8 6 4 
1 10 5 2 11 7 9 3 8 6 4 
1 10 5 2 11 9 3 7 8 6 4 
1 10 5 2 11 9 7 3 8 6 4 
1 10 5 3 2 7 9 11 8 6 4 
1 10 5 3 2 7 11 9 8 6 4 
1 10 5 3 2 9 7 11 8 6 4 
1 10 5 3 2 9 11 7 8 6 4 
1 10 5 3 2 11 7 9 8 6 4 
1 10 5 3 2 11 9 7 8 6 4 
1 10 5 3 6 8 7 9 11 2 4 
1 10 5 3 6 8 7 11 9 2 4 
1 10 5 3 6 8 9 7 11 2 4 
1 10 5 3 6 8 9 11 7 2 4 
1 10 5 3 6 8 11 7 9 2 4 
1 10 5 3 6 8 11 9 7 2 4 
1 10 5 3 7 2 9 11 8 6 4 
1 10 5 3 7 2 11 9 8 6 4 
1 10 5 3 7 6 8 9 11 2 4 
1 10 5 3 7 6 8 11 9 2 4 
1 10 5 3 7 8 6 9 11 2 4 
1 10 5 3 7 9 2 11 8 6 4 
1 10 5 3 7 9 6 8 11 2 4 
1 10 5 3 7 9 11 2 8 6 4 
1 10 5 3 7 11 2 9 8 6 4 
1 10 5 3 7 11 8 6 9 2 4 
1 10 5 3 7 11 9 2 8 6 4 
1 10 5 3 7 11 9 6 8 2 4 
1 10 5 3 8 6 7 9 11 2 4 
1 10 5 3 8 6 7 11 9 2 4 
1 10 5 3 8 6 9 7 11 2 4 
1 10 5 3 8 6 9 11 7 2 4 
1 10 5 3 9 2 7 11 8 6 4 
1 10 5 3 9 2 11 7 8 6 4 
1 10 5 3 9 6 8 7 11 2 4 
1 10 5 3 9 6 8 11 7 2 4 
1 10 5 3 9 7 2 11 8 6 4 
1 10 5 3 9 7 6 8 11 2 4 
1 10 5 3 9 7 11 2 8 6 4 
1 10 5 3 9 8 6 7 11 2 4 
1 10 5 3 9 11 2 7 8 6 4 
1 10 5 3 9 11 7 2 8 6 4 
1 10 5 3 9 11 7 6 8 2 4 
1 10 5 3 9 11 8 6 7 2 4 
1 10 5 3 11 2 7 9 8 6 4 
1 10 5 3 11 2 9 7 8 6 4 
1 10 5 3 11 7 2 9 8 6 4 
1 10 5 3 11 7 6 8 9 2 4 
1 10 5 3 11 7 8 6 9 2 4 
1 10 5 3 11 7 9 2 8 6 4 
1 10 5 3 11 7 9 6 8 2 4 
1 10 5 3 11 8 6 7 9 2 4 
1 10 5 3 11 8 6 9 7 2 4 
1 10 5 3 11 9 2 7 8 6 4 
1 10 5 3 11 9 6 8 7 2 4 
1 10 5 3 11 9 7 2 8 6 4 
1 10 5 3 11 9 7 6 8 2 4 
1 10 5 3 11 9 8 6 7 2 4 
1 10 5 6 8 3 7 9 11 2 4 
1 10 5 6 8 3 7 11 9 2 4 
1 10 5 6 8 3 9 7 11 2 4 
1 10 5 6 8 3 9 11 7 2 4 
1 10 5 6 8 3 11 7 9 2 4 
1 10 5 6 8 3 11 9 7 2 4 
1 10 5 6 8 7 3 9 11 2 4 
1 10 5 6 8 7 3 11 9 2 4 
1 10 5 6 8 7 9 3 11 2 4 
1 10 5 6 8 7 9 11 3 2 4 
1 10 5 6 8 7 11 3 9 2 4 
1 10 5 6 8 7 11 9 3 2 4 
1 10 5 6 8 9 3 7 11 2 4 
1 10 5 6 8 9 3 11 7 2 4 
1 10 5 6 8 9 7 3 11 2 4 
1 10 5 6 8 9 7 11 3 2 4 
1 10 5 6 8 9 11 3 7 2 4 
1 10 5 6 8 9 11 7 3 2 4 
1 10 5 6 8 11 3 7 9 2 4 
1 10 5 6 8 11 3 9 7 2 4 
1 10 5 6 8 11 7 3 9 2 4 
1 10 5 6 8 11 7 9 3 2 4 
1 10 5 6 8 11 9 3 7 2 4 
1 10 5 6 8 11 9 7 3 2 4 
1 10 5 7 2 3 9 11 8 6 4 
1 10 5 7 2 3 11 9 8 6 4 
1 10 5 7 2 9 3 11 8 6 4 
1 10 5 7 2 9 11 3 8 6 4 
1 10 5 7 2 11 3 9 8 6 4 
1 10 5 7 2 11 9 3 8 6 4 
1 10 5 7 3 2 9 11 8 6 4 
1 10 5 7 3 2 11 9 8 6 4 
1 10 5 7 3 6 8 9 11 2 4 
1 10 5 7 3 6 8 11 9 2 4 
1 10 5 7 3 8 6 9 11 2 4 
1 10 5 7 3 9 2 11 8 6 4 
1 10 5 7 3 9 6 8 11 2 4 
1 10 5 7 3 9 11 2 8 6 4 
1 10 5 7 3 11 2 9 8 6 4 
1 10 5 7 3 11 8 6 9 2 4 
1 10 5 7 3 11 9 2 8 6 4 
1 10 5 7 3 11 9 6 8 2 4 
1 10 5 7 6 8 3 9 11 2 4 
1 10 5 7 6 8 3 11 9 2 4 
1 10 5 7 6 8 9 3 11 2 4 
1 10 5 7 6 8 9 11 3 2 4 
1 10 5 7 6 8 11 3 9 2 4 
1 10 5 7 6 8 11 9 3 2 4 
1 10 5 7 8 6 3 9 11 2 4 
1 10 5 7 8 6 3 11 9 2 4 
1 10 5 7 8 6 9 3 11 2 4 
1 10 5 7 8 6 9 11 3 2 4 
1 10 5 7 9 2 3 11 8 6 4 
1 10 5 7 9 2 11 3 8 6 4 
1 10 5 7 9 3 2 11 8 6 4 
1 10 5 7 9 3 6 8 11 2 4 
1 10 5 7 9 3 11 2 8 6 4 
1 10 5 7 9 6 8 3 11 2 4 
1 10 5 7 9 6 8 11 3 2 4 
1 10 5 7 9 8 6 3 11 2 4 
1 10 5 7 9 11 2 3 8 6 4 
1 10 5 7 9 11 3 2 8 6 4 
1 10 5 7 9 11 3 6 8 2 4 
1 10 5 7 9 11 8 6 3 2 4 
1 10 5 7 11 2 3 9 8 6 4 
1 10 5 7 11 2 9 3 8 6 4 
1 10 5 7 11 3 2 9 8 6 4 
1 10 5 7 11 3 6 8 9 2 4 
1 10 5 7 11 3 8 6 9 2 4 
1 10 5 7 11 3 9 2 8 6 4 
1 10 5 7 11 3 9 6 8 2 4 
1 10 5 7 11 8 6 3 9 2 4 
1 10 5 7 11 8 6 9 3 2 4 
1 10 5 7 11 9 2 3 8 6 4 
1 10 5 7 11 9 3 2 8 6 4 
1 10 5 7 11 9 3 6 8 2 4 
1 10 5 7 11 9 6 8 3 2 4 
1 10 5 7 11 9 8 6 3 2 4 
1 10 5 8 6 3 7 9 11 2 4 
1 10 5 8 6 3 7 11 9 2 4 
1 10 5 8 6 3 9 7 11 2 4 
1 10 5 8 6 3 9 11 7 2 4 
1 10 5 8 6 3 11 7 9 2 4 
1 10 5 8 6 3 11 9 7 2 4 
1 10 5 8 6 7 3 9 11 2 4 
1 10 5 8 6 7 3 11 9 2 4 
1 10 5 8 6 7 9 3 11 2 4 
1 10 5 8 6 7 9 11 3 2 4 
1 10 5 8 6 7 11 3 9 2 4 
1 10 5 8 6 7 11 9 3 2 4 
1 10 5 8 6 9 3 7 11 2 4 
1 10 5 8 6 9 3 11 7 2 4 
1 10 5 8 6 9 7 3 11 2 4 
1 10 5 8 6 9 7 11 3 2 4 
1 10 5 8 6 9 11 3 7 2 4 
1 10 5 8 6 9 11 7 3 2 4 
1 10 5 9 2 3 7 11 8 6 4 
1 10 5 9 2 3 11 7 8 6 4 
1 10 5 9 2 7 3 11 8 6 4 
1 10 5 9 2 7 11 3 8 6 4 
1 10 5 9 2 11 3 7 8 6 4 
1 10 5 9 2 11 7 3 8 6 4 
1 10 5 9 3 2 7 11 8 6 4 
1 10 5 9 3 2 11 7 8 6 4 
1 10 5 9 3 6 8 7 11 2 4 
1 10 5 9 3 6 8 11 7 2 4 
1 10 5 9 3 7 2 11 8 6 4 
1 10 5 9 3 7 6 8 11 2 4 
1 10 5 9 3 7 11 2 8 6 4 
1 10 5 9 3 8 6 7 11 2 4 
1 10 5 9 3 11 2 7 8 6 4 
1 10 5 9 3 11 7 2 8 6 4 
1 10 5 9 3 11 7 6 8 2 4 
1 10 5 9 3 11 8 6 7 2 4 
1 10 5 9 6 8 3 7 11 2 4 
1 10 5 9 6 8 3 11 7 2 4 
1 10 5 9 6 8 7 3 11 2 4 
1 10 5 9 6 8 7 11 3 2 4 
1 10 5 9 6 8 11 3 7 2 4 
1 10 5 9 6 8 11 7 3 2 4 
1 10 5 9 7 2 3 11 8 6 4 
1 10 5 9 7 2 11 3 8 6 4 
1 10 5 9 7 3 2 11 8 6 4 
1 10 5 9 7 3 6 8 11 2 4 
1 10 5 9 7 3 11 2 8 6 4 
1 10 5 9 7 6 8 3 11 2 4 
1 10 5 9 7 6 8 11 3 2 4 
1 10 5 9 7 8 6 3 11 2 4 
1 10 5 9 7 11 2 3 8 6 4 
1 10 5 9 7 11 3 2 8 6 4 
1 10 5 9 7 11 3 6 8 2 4 
1 10 5 9 7 11 8 6 3 2 4 
1 10 5 9 8 6 3 7 11 2 4 
1 10 5 9 8 6 3 11 7 2 4 
1 10 5 9 8 6 7 3 11 2 4 
1 10 5 9 8 6 7 11 3 2 4 
1 10 5 9 11 2 3 7 8 6 4 
1 10 5 9 11 2 7 3 8 6 4 
1 10 5 9 11 3 2 7 8 6 4 
1 10 5 9 11 3 6 8 7 2 4 
1 10 5 9 11 3 7 2 8 6 4 
1 10 5 9 11 3 7 6 8 2 4 
1 10 5 9 11 3 8 6 7 2 4 
1 10 5 9 11 7 2 3 8 6 4 
1 10 5 9 11 7 3 2 8 6 4 
1 10 5 9 11 7 3 6 8 2 4 
1 10 5 9 11 7 6 8 3 2 4 
1 10 5 9 11 7 8 6 3 2 4 
1 10 5 9 11 8 6 3 7 2 4 
1 10 5 9 11 8 6 7 3 2 4 
1 10 5 11 2 3 7 9 8 6 4 
1 10 5 11 2 3 9 7 8 6 4 
1 10 5 11 2 7 3 9 8 6 4 
1 10 5 11 2 7 9 3 8 6 4 
1 10 5 11 2 9 3 7 8 6 4 
1 10 5 11 2 9 7 3 8 6 4 
1 10 5 11 3 2 7 9 8 6 4 
1 10 5 11 3 2 9 7 8 6 4 
1 10 5 11 3 6 8 7 9 2 4 
1 10 5 11 3 6 8 9 7 2 4 
1 10 5 11 3 7 2 9 8 6 4 
1 10 5 11 3 7 6 8 9 2 4 
1 10 5 11 3 7 8 6 9 2 4 
1 10 5 11 3 7 9 2 8 6 4 
1 10 5 11 3 7 9 6 8 2 4 
1 10 5 11 3 8 6 7 9 2 4 
1 10 5 11 3 8 6 9 7 2 4 
1 10 5 11 3 9 2 7 8 6 4 
1 10 5 11 3 9 6 8 7 2 4 
1 10 5 11 3 9 7 2 8 6 4 
1 10 5 11 3 9 7 6 8 2 4 
1 10 5 11 3 9 8 6 7 2 4 
1 10 5 11 7 2 3 9 8 6 4 
1 10 5 11 7 2 9 3 8 6 4 
1 10 5 11 7 3 2 9 8 6 4 
1 10 5 11 7 3 6 8 9 2 4 
1 10 5 11 7 3 8 6 9 2 4 
1 10 5 11 7 3 9 2 8 6 4 
1 10 5 11 7 3 9 6 8 2 4 
1 10 5 11 7 6 8 3 9 2 4 
1 10 5 11 7 6 8 9 3 2 4 
1 10 5 11 7 8 6 3 9 2 4 
1 10 5 11 7 8 6 9 3 2 4 
1 10 5 11 7 9 2 3 8 6 4 
1 10 5 11 7 9 3 2 8 6 4 
1 10 5 11 7 9 3 6 8 2 4 
1 10 5 11 7 9 6 8 3 2 4 
1 10 5 11 7 9 8 6 3 2 4 
1 10 5 11 8 6 3 7 9 2 4 
1 10 5 11 8 6 3 9 7 2 4 
1 10 5 11 8 6 7 3 9 2 4 
1 10 5 11 8 6 7 9 3 2 4 
1 10 5 11 8 6 9 3 7 2 4 
1 10 5 11 8 6 9 7 3 2 4 
1 10 5 11 9 2 3 7 8 6 4 
1 10 5 11 9 2 7 3 8 6 4 
1 10 5 11 9 3 2 7 8 6 4 
1 10 5 11 9 3 6 8 7 2 4 
1 10 5 11 9 3 7 2 8 6 4 
1 10 5 11 9 3 7 6 8 2 4 
1 10 5 11 9 3 8 6 7 2 4 
1 10 5 11 9 6 8 3 7 2 4 
1 10 5 11 9 6 8 7 3 2 4 
1 10 5 11 9 7 2 3 8 6 4 
1 10 5 11 9 7 3 2 8 6 4 
1 10 5 11 9 7 3 6 8 2 4 
1 10 5 11 9 7 6 8 3 2 4 
1 10 5 11 9 7 8 6 3 2 4 
1 10 5 11 9 8 6 3 7 2 4 
1 10 5 11 9 8 6 7 3 2 4 
1 10 7 2 3 5 9 11 8 6 4 
1 10 7 2 3 5 11 9 8 6 4 
1 10 7 2 3 9 5 11 8 6 4 
1 10 7 2 3 9 11 5 8 6 4 
1 10 7 2 3 11 5 9 8 6 4 
1 10 7 2 3 11 9 5 8 6 4 
1 10 7 2 5 3 9 11 8 6 4 
1 10 7 2 5 3 11 9 8 6 4 
1 10 7 2 5 9 3 11 8 6 4 
1 10 7 2 5 9 11 3 8 6 4 
1 10 7 2 5 11 3 9 8 6 4 
1 10 7 2 5 11 9 3 8 6 4 
1 10 7 2 9 3 5 11 8 6 4 
1 10 7 2 9 3 11 5 8 6 4 
1 10 7 2 9 5 3 11 8 6 4 
1 10 7 2 9 5 11 3 8 6 4 
1 10 7 2 9 11 3 5 8 6 4 
1 10 7 2 9 11 5 3 8 6 4 
1 10 7 2 11 3 5 9 8 6 4 
1 10 7 2 11 3 9 5 8 6 4 
1 10 7 2 11 5 3 9 8 6 4 
1 10 7 2 11 5 9 3 8 6 4 
1 10 7 2 11 9 3 5 8 6 4 
1 10 7 2 11 9 5 3 8 6 4 
1 10 7 3 2 5 9 11 8 6 4 
1 10 7 3 2 5 11 9 8 6 4 
1 10 7 3 2 9 5 11 8 6 4 
1 10 7 3 2 9 11 5 8 6 4 
1 10 7 3 2 11 5 9 8 6 4 
1 10 7 3 2 11 9 5 8 6 4 
1 10 7 3 5 2 9 11 8 6 4 
1 10 7 3 5 2 11 9 8 6 4 
1 10 7 3 5 6 8 9 11 2 4 
1 10 7 3 5 6 8 11 9 2 4 
1 10 7 3 5 8 6 9 11 2 4 
1 10 7 3 5 9 2 11 8 6 4 
1 10 7 3 5 9 6 8 11 2 4 
1 10 7 3 5 9 11 2 8 6 4 
1 10 7 3 5 11 2 9 8 6 4 
1 10 7 3 5 11 8 6 9 2 4 
1 10 7 3 5 11 9 2 8 6 4 
1 10 7 3 5 11 9 6 8 2 4 
1 10 7 3 6 8 5 9 11 2 4 
1 10 7 3 6 8 5 11 9 2 4 
1 10 7 3 6 8 9 5 11 2 4 
1 10 7 3 6 8 9 11 5 2 4 
1 10 7 3 6 8 11 5 9 2 4 
1 10 7 3 6 8 11 9 5 2 4 
1 10 7 3 8 6 5 9 11 2 4 
1 10 7 3 8 6 5 11 9 2 4 
1 10 7 3 8 6 9 5 11 2 4 
1 10 7 3 8 6 9 11 5 2 4 
1 10 7 3 9 2 5 11 8 6 4 
1 10 7 3 9 2 11 5 8 6 4 
1 10 7 3 9 5 2 11 8 6 4 
1 10 7 3 9 5 6 8 11 2 4 
1 10 7 3 9 5 11 2 8 6 4 
1 10 7 3 9 6 8 5 11 2 4 
1 10 7 3 9 6 8 11 5 2 4 
1 10 7 3 9 8 6 5 11 2 4 
1 10 7 3 9 11 2 5 8 6 4 
1 10 7 3 9 11 5 2 8 6 4 
1 10 7 3 9 11 5 6 8 2 4 
1 10 7 3 9 11 8 6 5 2 4 
1 10 7 3 11 2 5 9 8 6 4 
1 10 7 3 11 2 9 5 8 6 4 
1 10 7 3 11 5 2 9 8 6 4 
1 10 7 3 11 5 6 8 9 2 4 
1 10 7 3 11 5 8 6 9 2 4 
1 10 7 3 11 5 9 2 8 6 4 
1 10 7 3 11 5 9 6 8 2 4 
1 10 7 3 11 8 6 5 9 2 4 
1 10 7 3 11 8 6 9 5 2 4 
1 10 7 3 11 9 2 5 8 6 4 
1 10 7 3 11 9 5 2 8 6 4 
1 10 7 3 11 9 5 6 8 2 4 
1 10 7 3 11 9 6 8 5 2 4 
1 10 7 3 11 9 8 6 5 2 4 
1 10 7 5 2 3 9 11 8 6 4 
1 10 7 5 2 3 11 9 8 6 4 
1 10 7 5 2 9 3 11 8 6 4 
1 10 7 5 2 9 11 3 8 6 4 
1 10 7 5 2 11 3 9 8 6 4 
1 10 7 5 2 11 9 3 8 6 4 
1 10 7 5 3 2 9 11 8 6 4 
1 10 7 5 3 2 11 9 8 6 4 
1 10 7 5 3 6 8 9 11 2 4 
1 10 7 5 3 6 8 11 9 2 4 
1 10 7 5 3 8 6 9 11 2 4 
1 10 7 5 3 9 2 11 8 6 4 
1 10 7 5 3 9 6 8 11 2 4 
1 10 7 5 3 9 11 2 8 6 4 
1 10 7 5 3 11 2 9 8 6 4 
1 10 7 5 3 11 8 6 9 2 4 
1 10 7 5 3 11 9 2 8 6 4 
1 10 7 5 3 11 9 6 8 2 4 
1 10 7 5 6 8 3 9 11 2 4 
1 10 7 5 6 8 3 11 9 2 4 
1 10 7 5 6 8 9 3 11 2 4 
1 10 7 5 6 8 9 11 3 2 4 
1 10 7 5 6 8 11 3 9 2 4 
1 10 7 5 6 8 11 9 3 2 4 
1 10 7 5 8 6 3 9 11 2 4 
1 10 7 5 8 6 3 11 9 2 4 
1 10 7 5 8 6 9 3 11 2 4 
1 10 7 5 8 6 9 11 3 2 4 
1 10 7 5 9 2 3 11 8 6 4 
1 10 7 5 9 2 11 3 8 6 4 
1 10 7 5 9 3 2 11 8 6 4 
1 10 7 5 9 3 6 8 11 2 4 
1 10 7 5 9 3 11 2 8 6 4 
1 10 7 5 9 6 8 3 11 2 4 
1 10 7 5 9 6 8 11 3 2 4 
1 10 7 5 9 8 6 3 11 2 4 
1 10 7 5 9 11 2 3 8 6 4 
1 10 7 5 9 11 3 2 8 6 4 
1 10 7 5 9 11 3 6 8 2 4 
1 10 7 5 9 11 8 6 3 2 4 
1 10 7 5 11 2 3 9 8 6 4 
1 10 7 5 11 2 9 3 8 6 4 
1 10 7 5 11 3 2 9 8 6 4 
1 10 7 5 11 3 6 8 9 2 4 
1 10 7 5 11 3 8 6 9 2 4 
1 10 7 5 11 3 9 2 8 6 4 
1 10 7 5 11 3 9 6 8 2 4 
1 10 7 5 11 8 6 3 9 2 4 
1 10 7 5 11 8 6 9 3 2 4 
1 10 7 5 11 9 2 3 8 6 4 
1 10 7 5 11 9 3 2 8 6 4 
1 10 7 5 11 9 3 6 8 2 4 
1 10 7 5 11 9 6 8 3 2 4 
1 10 7 5 11 9 8 6 3 2 4 
1 10 7 6 8 3 5 9 11 2 4 
1 10 7 6 8 3 5 11 9 2 4 
1 10 7 6 8 3 9 5 11 2 4 
1 10 7 6 8 3 9 11 5 2 4 
1 10 7 6 8 3 11 5 9 2 4 
1 10 7 6 8 3 11 9 5 2 4 
1 10 7 6 8 5 3 9 11 2 4 
1 10 7 6 8 5 3 11 9 2 4 
1 10 7 6 8 5 9 3 11 2 4 
1 10 7 6 8 5 9 11 3 2 4 
1 10 7 6 8 5 11 3 9 2 4 
1 10 7 6 8 5 11 9 3 2 4 
1 10 7 6 8 9 3 5 11 2 4 
1 10 7 6 8 9 3 11 5 2 4 
1 10 7 6 8 9 5 3 11 2 4 
1 10 7 6 8 9 5 11 3 2 4 
1 10 7 6 8 9 11 3 5 2 4 
1 10 7 6 8 9 11 5 3 2 4 
1 10 7 6 8 11 3 5 9 2 4 
1 10 7 6 8 11 3 9 5 2 4 
1 10 7 6 8 11 5 3 9 2 4 
1 10 7 6 8 11 5 9 3 2 4 
1 10 7 6 8 11 9 3 5 2 4 
1 10 7 6 8 11 9 5 3 2 4 
1 10 7 8 6 3 5 9 11 2 4 
1 10 7 8 6 3 5 11 9 2 4 
1 10 7 8 6 3 9 5 11 2 4 
1 10 7 8 6 3 9 11 5 2 4 
1 10 7 8 6 3 11 5 9 2 4 
1 10 7 8 6 3 11 9 5 2 4 
1 10 7 8 6 5 3 9 11 2 4 
1 10 7 8 6 5 3 11 9 2 4 
1 10 7 8 6 5 9 3 11 2 4 
1 10 7 8 6 5 9 11 3 2 4 
1 10 7 8 6 5 11 3 9 2 4 
1 10 7 8 6 5 11 9 3 2 4 
1 10 7 8 6 9 3 5 11 2 4 
1 10 7 8 6 9 3 11 5 2 4 
1 10 7 8 6 9 5 3 11 2 4 
1 10 7 8 6 9 5 11 3 2 4 
1 10 7 8 6 9 11 3 5 2 4 
1 10 7 8 6 9 11 5 3 2 4 
1 10 7 9 2 3 5 11 8 6 4 
1 10 7 9 2 3 11 5 8 6 4 
1 10 7 9 2 5 3 11 8 6 4 
1 10 7 9 2 5 11 3 8 6 4 
1 10 7 9 2 11 3 5 8 6 4 
1 10 7 9 2 11 5 3 8 6 4 
1 10 7 9 3 2 5 11 8 6 4 
1 10 7 9 3 2 11 5 8 6 4 
1 10 7 9 3 5 2 11 8 6 4 
1 10 7 9 3 5 6 8 11 2 4 
1 10 7 9 3 5 11 2 8 6 4 
1 10 7 9 3 6 8 5 11 2 4 
1 10 7 9 3 6 8 11 5 2 4 
1 10 7 9 3 8 6 5 11 2 4 
1 10 7 9 3 11 2 5 8 6 4 
1 10 7 9 3 11 5 2 8 6 4 
1 10 7 9 3 11 5 6 8 2 4 
1 10 7 9 3 11 8 6 5 2 4 
1 10 7 9 5 2 3 11 8 6 4 
1 10 7 9 5 2 11 3 8 6 4 
1 10 7 9 5 3 2 11 8 6 4 
1 10 7 9 5 3 6 8 11 2 4 
1 10 7 9 5 3 11 2 8 6 4 
1 10 7 9 5 6 8 3 11 2 4 
1 10 7 9 5 6 8 11 3 2 4 
1 10 7 9 5 8 6 3 11 2 4 
1 10 7 9 5 11 2 3 8 6 4 
1 10 7 9 5 11 3 2 8 6 4 
1 10 7 9 5 11 3 6 8 2 4 
1 10 7 9 5 11 8 6 3 2 4 
1 10 7 9 6 8 3 5 11 2 4 
1 10 7 9 6 8 3 11 5 2 4 
1 10 7 9 6 8 5 3 11 2 4 
1 10 7 9 6 8 5 11 3 2 4 
1 10 7 9 6 8 11 3 5 2 4 
1 10 7 9 6 8 11 5 3 2 4 
1 10 7 9 8 6 3 5 11 2 4 
1 10 7 9 8 6 3 11 5 2 4 
1 10 7 9 8 6 5 3 11 2 4 
1 10 7 9 8 6 5 11 3 2 4 
1 10 7 9 11 2 3 5 8 6 4 
1 10 7 9 11 2 5 3 8 6 4 
1 10 7 9 11 3 2 5 8 6 4 
1 10 7 9 11 3 5 2 8 6 4 
1 10 7 9 11 3 5 6 8 2 4 
1 10 7 9 11 3 6 8 5 2 4 
1 10 7 9 11 3 8 6 5 2 4 
1 10 7 9 11 5 2 3 8 6 4 
1 10 7 9 11 5 3 2 8 6 4 
1 10 7 9 11 5 3 6 8 2 4 
1 10 7 9 11 5 6 8 3 2 4 
1 10 7 9 11 5 8 6 3 2 4 
1 10 7 9 11 8 6 3 5 2 4 
1 10 7 9 11 8 6 5 3 2 4 
1 10 7 11 2 3 5 9 8 6 4 
1 10 7 11 2 3 9 5 8 6 4 
1 10 7 11 2 5 3 9 8 6 4 
1 10 7 11 2 5 9 3 8 6 4 
1 10 7 11 2 9 3 5 8 6 4 
1 10 7 11 2 9 5 3 8 6 4 
1 10 7 11 3 2 5 9 8 6 4 
1 10 7 11 3 2 9 5 8 6 4 
1 10 7 11 3 5 2 9 8 6 4 
1 10 7 11 3 5 6 8 9 2 4 
1 10 7 11 3 5 8 6 9 2 4 
1 10 7 11 3 5 9 2 8 6 4 
1 10 7 11 3 5 9 6 8 2 4 
1 10 7 11 3 6 8 5 9 2 4 
1 10 7 11 3 6 8 9 5 2 4 
1 10 7 11 3 8 6 5 9 2 4 
1 10 7 11 3 8 6 9 5 2 4 
1 10 7 11 3 9 2 5 8 6 4 
1 10 7 11 3 9 5 2 8 6 4 
1 10 7 11 3 9 5 6 8 2 4 
1 10 7 11 3 9 6 8 5 2 4 
1 10 7 11 3 9 8 6 5 2 4 
1 10 7 11 5 2 3 9 8 6 4 
1 10 7 11 5 2 9 3 8 6 4 
1 10 7 11 5 3 2 9 8 6 4 
1 10 7 11 5 3 6 8 9 2 4 
1 10 7 11 5 3 8 6 9 2 4 
1 10 7 11 5 3 9 2 8 6 4 
1 10 7 11 5 3 9 6 8 2 4 
1 10 7 11 5 6 8 3 9 2 4 
1 10 7 11 5 6 8 9 3 2 4 
1 10 7 11 5 8 6 3 9 2 4 
1 10 7 11 5 8 6 9 3 2 4 
1 10 7 11 5 9 2 3 8 6 4 
1 10 7 11 5 9 3 2 8 6 4 
1 10 7 11 5 9 3 6 8 2 4 
1 10 7 11 5 9 6 8 3 2 4 
1 10 7 11 5 9 8 6 3 2 4 
1 10 7 11 8 6 3 5 9 2 4 
1 10 7 11 8 6 3 9 5 2 4 
1 10 7 11 8 6 5 3 9 2 4 
1 10 7 11 8 6 5 9 3 2 4 
1 10 7 11 8 6 9 3 5 2 4 
1 10 7 11 8 6 9 5 3 2 4 
1 10 7 11 9 2 3 5 8 6 4 
1 10 7 11 9 2 5 3 8 6 4 
1 10 7 11 9 3 2 5 8 6 4 
1 10 7 11 9 3 5 2 8 6 4 
1 10 7 11 9 3 5 6 8 2 4 
1 10 7 11 9 3 6 8 5 2 4 
1 10 7 11 9 3 8 6 5 2 4 
1 10 7 11 9 5 2 3 8 6 4 
1 10 7 11 9 5 3 2 8 6 4 
1 10 7 11 9 5 3 6 8 2 4 
1 10 7 11 9 5 6 8 3 2 4 
1 10 7 11 9 5 8 6 3 2 4 
1 10 7 11 9 6 8 3 5 2 4 
1 10 7 11 9 6 8 5 3 2 4 
1 10 7 11 9 8 6 3 5 2 4 
1 10 7 11 9 8 6 5 3 2 4 
1 10 8 2 11 3 7 5 9 6 4 
1 10 8 2 11 3 7 9 5 6 4 
1 10 8 6 3 5 7 9 11 2 4 
1 10 8 6 3 5 7 11 9 2 4 
1 10 8 6 3 5 9 7 11 2 4 
1 10 8 6 3 5 9 11 7 2 4 
1 10 8 6 3 5 11 7 9 2 4 
1 10 8 6 3 5 11 9 7 2 4 
1 10 8 6 3 7 5 9 11 2 4 
1 10 8 6 3 7 5 11 9 2 4 
1 10 8 6 3 7 9 5 11 2 4 
1 10 8 6 3 7 9 11 5 2 4 
1 10 8 6 3 7 11 5 9 2 4 
1 10 8 6 3 7 11 9 5 2 4 
1 10 8 6 3 9 5 7 11 2 4 
1 10 8 6 3 9 5 11 7 2 4 
1 10 8 6 3 9 7 5 11 2 4 
1 10 8 6 3 9 7 11 5 2 4 
1 10 8 6 3 9 11 5 7 2 4 
1 10 8 6 3 9 11 7 5 2 4 
1 10 8 6 3 11 5 7 9 2 4 
1 10 8 6 3 11 5 9 7 2 4 
1 10 8 6 3 11 7 5 9 2 4 
1 10 8 6 3 11 7 9 5 2 4 
1 10 8 6 3 11 9 5 7 2 4 
1 10 8 6 3 11 9 7 5 2 4 
1 10 8 6 5 3 7 9 11 2 4 
1 10 8 6 5 3 7 11 9 2 4 
1 10 8 6 5 3 9 7 11 2 4 
1 10 8 6 5 3 9 11 7 2 4 
1 10 8 6 5 3 11 7 9 2 4 
1 10 8 6 5 3 11 9 7 2 4 
1 10 8 6 5 7 3 9 11 2 4 
1 10 8 6 5 7 3 11 9 2 4 
1 10 8 6 5 7 9 3 11 2 4 
1 10 8 6 5 7 9 11 3 2 4 
1 10 8 6 5 7 11 3 9 2 4 
1 10 8 6 5 7 11 9 3 2 4 
1 10 8 6 5 9 3 7 11 2 4 
1 10 8 6 5 9 3 11 7 2 4 
1 10 8 6 5 9 7 3 11 2 4 
1 10 8 6 5 9 7 11 3 2 4 
1 10 8 6 5 9 11 3 7 2 4 
1 10 8 6 5 9 11 7 3 2 4 
1 10 8 6 5 11 3 7 9 2 4 
1 10 8 6 5 11 3 9 7 2 4 
1 10 8 6 5 11 7 3 9 2 4 
1 10 8 6 5 11 7 9 3 2 4 
1 10 8 6 5 11 9 3 7 2 4 
1 10 8 6 5 11 9 7 3 2 4 
1 10 8 6 7 3 5 9 11 2 4 
1 10 8 6 7 3 5 11 9 2 4 
1 10 8 6 7 3 9 5 11 2 4 
1 10 8 6 7 3 9 11 5 2 4 
1 10 8 6 7 3 11 5 9 2 4 
1 10 8 6 7 3 11 9 5 2 4 
1 10 8 6 7 5 3 9 11 2 4 
1 10 8 6 7 5 3 11 9 2 4 
1 10 8 6 7 5 9 3 11 2 4 
1 10 8 6 7 5 9 11 3 2 4 
1 10 8 6 7 5 11 3 9 2 4 
1 10 8 6 7 5 11 9 3 2 4 
1 10 8 6 7 9 3 5 11 2 4 
1 10 8 6 7 9 3 11 5 2 4 
1 10 8 6 7 9 5 3 11 2 4 
1 10 8 6 7 9 5 11 3 2 4 
1 10 8 6 7 9 11 3 5 2 4 
1 10 8 6 7 9 11 5 3 2 4 
1 10 8 6 7 11 3 5 9 2 4 
1 10 8 6 7 11 3 9 5 2 4 
1 10 8 6 7 11 5 3 9 2 4 
1 10 8 6 7 11 5 9 3 2 4 
1 10 8 6 7 11 9 3 5 2 4 
1 10 8 6 7 11 9 5 3 2 4 
1 10 8 6 9 3 5 7 11 2 4 
1 10 8 6 9 3 5 11 7 2 4 
1 10 8 6 9 3 7 5 11 2 4 
1 10 8 6 9 3 7 11 5 2 4 
1 10 8 6 9 3 11 5 7 2 4 
1 10 8 6 9 3 11 7 5 2 4 
1 10 8 6 9 5 3 7 11 2 4 
1 10 8 6 9 5 3 11 7 2 4 
1 10 8 6 9 5 7 3 11 2 4 
1 10 8 6 9 5 7 11 3 2 4 
1 10 8 6 9 5 11 3 7 2 4 
1 10 8 6 9 5 11 7 3 2 4 
1 10 8 6 9 7 3 5 11 2 4 
1 10 8 6 9 7 3 11 5 2 4 
1 10 8 6 9 7 5 3 11 2 4 
1 10 8 6 9 7 5 11 3 2 4 
1 10 8 6 9 7 11 3 5 2 4 
1 10 8 6 9 7 11 5 3 2 4 
1 10 8 6 9 11 3 5 7 2 4 
1 10 8 6 9 11 3 7 5 2 4 
1 10 8 6 9 11 5 3 7 2 4 
1 10 8 6 9 11 5 7 3 2 4 
1 10 8 6 9 11 7 3 5 2 4 
1 10 8 6 9 11 7 5 3 2 4 
1 10 9 2 3 5 7 11 8 6 4 
1 10 9 2 3 5 11 7 8 6 4 
1 10 9 2 3 7 5 11 8 6 4 
1 10 9 2 3 7 11 5 8 6 4 
1 10 9 2 3 11 5 7 8 6 4 
1 10 9 2 3 11 7 5 8 6 4 
1 10 9 2 5 3 7 11 8 6 4 
1 10 9 2 5 3 11 7 8 6 4 
1 10 9 2 5 7 3 11 8 6 4 
1 10 9 2 5 7 11 3 8 6 4 
1 10 9 2 5 11 3 7 8 6 4 
1 10 9 2 5 11 7 3 8 6 4 
1 10 9 2 7 3 5 11 8 6 4 
1 10 9 2 7 3 11 5 8 6 4 
1 10 9 2 7 5 3 11 8 6 4 
1 10 9 2 7 5 11 3 8 6 4 
1 10 9 2 7 11 3 5 8 6 4 
1 10 9 2 7 11 5 3 8 6 4 
1 10 9 2 11 3 5 7 8 6 4 
1 10 9 2 11 3 7 5 8 6 4 
1 10 9 2 11 5 3 7 8 6 4 
1 10 9 2 11 5 7 3 8 6 4 
1 10 9 2 11 7 3 5 8 6 4 
1 10 9 2 11 7 5 3 8 6 4 
1 10 9 3 2 5 7 11 8 6 4 
1 10 9 3 2 5 11 7 8 6 4 
1 10 9 3 2 7 5 11 8 6 4 
1 10 9 3 2 7 11 5 8 6 4 
1 10 9 3 2 11 5 7 8 6 4 
1 10 9 3 2 11 7 5 8 6 4 
1 10 9 3 5 2 7 11 8 6 4 
1 10 9 3 5 2 11 7 8 6 4 
1 10 9 3 5 6 8 7 11 2 4 
1 10 9 3 5 6 8 11 7 2 4 
1 10 9 3 5 7 2 11 8 6 4 
1 10 9 3 5 7 6 8 11 2 4 
1 10 9 3 5 7 11 2 8 6 4 
1 10 9 3 5 8 6 7 11 2 4 
1 10 9 3 5 11 2 7 8 6 4 
1 10 9 3 5 11 7 2 8 6 4 
1 10 9 3 5 11 7 6 8 2 4 
1 10 9 3 5 11 8 6 7 2 4 
1 10 9 3 6 8 5 7 11 2 4 
1 10 9 3 6 8 5 11 7 2 4 
1 10 9 3 6 8 7 5 11 2 4 
1 10 9 3 6 8 7 11 5 2 4 
1 10 9 3 6 8 11 5 7 2 4 
1 10 9 3 6 8 11 7 5 2 4 
1 10 9 3 7 2 5 11 8 6 4 
1 10 9 3 7 2 11 5 8 6 4 
1 10 9 3 7 5 2 11 8 6 4 
1 10 9 3 7 5 6 8 11 2 4 
1 10 9 3 7 5 11 2 8 6 4 
1 10 9 3 7 6 8 5 11 2 4 
1 10 9 3 7 6 8 11 5 2 4 
1 10 9 3 7 8 6 5 11 2 4 
1 10 9 3 7 11 2 5 8 6 4 
1 10 9 3 7 11 5 2 8 6 4 
1 10 9 3 7 11 5 6 8 2 4 
1 10 9 3 7 11 8 6 5 2 4 
1 10 9 3 8 6 5 7 11 2 4 
1 10 9 3 8 6 5 11 7 2 4 
1 10 9 3 8 6 7 5 11 2 4 
1 10 9 3 8 6 7 11 5 2 4 
1 10 9 3 11 2 5 7 8 6 4 
1 10 9 3 11 2 7 5 8 6 4 
1 10 9 3 11 5 2 7 8 6 4 
1 10 9 3 11 5 6 8 7 2 4 
1 10 9 3 11 5 7 2 8 6 4 
1 10 9 3 11 5 7 6 8 2 4 
1 10 9 3 11 5 8 6 7 2 4 
1 10 9 3 11 7 2 5 8 6 4 
1 10 9 3 11 7 5 2 8 6 4 
1 10 9 3 11 7 5 6 8 2 4 
1 10 9 3 11 7 6 8 5 2 4 
1 10 9 3 11 7 8 6 5 2 4 
1 10 9 3 11 8 6 5 7 2 4 
1 10 9 3 11 8 6 7 5 2 4 
1 10 9 5 2 3 7 11 8 6 4 
1 10 9 5 2 3 11 7 8 6 4 
1 10 9 5 2 7 3 11 8 6 4 
1 10 9 5 2 7 11 3 8 6 4 
1 10 9 5 2 11 3 7 8 6 4 
1 10 9 5 2 11 7 3 8 6 4 
1 10 9 5 3 2 7 11 8 6 4 
1 10 9 5 3 2 11 7 8 6 4 
1 10 9 5 3 6 8 7 11 2 4 
1 10 9 5 3 6 8 11 7 2 4 
1 10 9 5 3 7 2 11 8 6 4 
1 10 9 5 3 7 6 8 11 2 4 
1 10 9 5 3 7 11 2 8 6 4 
1 10 9 5 3 8 6 7 11 2 4 
1 10 9 5 3 11 2 7 8 6 4 
1 10 9 5 3 11 7 2 8 6 4 
1 10 9 5 3 11 7 6 8 2 4 
1 10 9 5 3 11 8 6 7 2 4 
1 10 9 5 6 8 3 7 11 2 4 
1 10 9 5 6 8 3 11 7 2 4 
1 10 9 5 6 8 7 3 11 2 4 
1 10 9 5 6 8 7 11 3 2 4 
1 10 9 5 6 8 11 3 7 2 4 
1 10 9 5 6 8 11 7 3 2 4 
1 10 9 5 7 2 3 11 8 6 4 
1 10 9 5 7 2 11 3 8 6 4 
1 10 9 5 7 3 2 11 8 6 4 
1 10 9 5 7 3 6 8 11 2 4 
1 10 9 5 7 3 11 2 8 6 4 
1 10 9 5 7 6 8 3 11 2 4 
1 10 9 5 7 6 8 11 3 2 4 
1 10 9 5 7 8 6 3 11 2 4 
1 10 9 5 7 11 2 3 8 6 4 
1 10 9 5 7 11 3 2 8 6 4 
1 10 9 5 7 11 3 6 8 2 4 
1 10 9 5 7 11 8 6 3 2 4 
1 10 9 5 8 6 3 7 11 2 4 
1 10 9 5 8 6 3 11 7 2 4 
1 10 9 5 8 6 7 3 11 2 4 
1 10 9 5 8 6 7 11 3 2 4 
1 10 9 5 11 2 3 7 8 6 4 
1 10 9 5 11 2 7 3 8 6 4 
1 10 9 5 11 3 2 7 8 6 4 
1 10 9 5 11 3 6 8 7 2 4 
1 10 9 5 11 3 7 2 8 6 4 
1 10 9 5 11 3 7 6 8 2 4 
1 10 9 5 11 3 8 6 7 2 4 
1 10 9 5 11 7 2 3 8 6 4 
1 10 9 5 11 7 3 2 8 6 4 
1 10 9 5 11 7 3 6 8 2 4 
1 10 9 5 11 7 6 8 3 2 4 
1 10 9 5 11 7 8 6 3 2 4 
1 10 9 5 11 8 6 3 7 2 4 
1 10 9 5 11 8 6 7 3 2 4 
1 10 9 6 8 3 5 7 11 2 4 
1 10 9 6 8 3 5 11 7 2 4 
1 10 9 6 8 3 7 5 11 2 4 
1 10 9 6 8 3 7 11 5 2 4 
1 10 9 6 8 3 11 5 7 2 4 
1 10 9 6 8 3 11 7 5 2 4 
1 10 9 6 8 5 3 7 11 2 4 
1 10 9 6 8 5 3 11 7 2 4 
1 10 9 6 8 5 7 3 11 2 4 
1 10 9 6 8 5 7 11 3 2 4 
1 10 9 6 8 5 11 3 7 2 4 
1 10 9 6 8 5 11 7 3 2 4 
1 10 9 6 8 7 3 5 11 2 4 
1 10 9 6 8 7 3 11 5 2 4 
1 10 9 6 8 7 5 3 11 2 4 
1 10 9 6 8 7 5 11 3 2 4 
1 10 9 6 8 7 11 3 5 2 4 
1 10 9 6 8 7 11 5 3 2 4 
1 10 9 6 8 11 3 5 7 2 4 
1 10 9 6 8 11 3 7 5 2 4 
1 10 9 6 8 11 5 3 7 2 4 
1 10 9 6 8 11 5 7 3 2 4 
1 10 9 6 8 11 7 3 5 2 4 
1 10 9 6 8 11 7 5 3 2 4 
1 10 9 7 2 3 5 11 8 6 4 
1 10 9 7 2 3 11 5 8 6 4 
1 10 9 7 2 5 3 11 8 6 4 
1 10 9 7 2 5 11 3 8 6 4 
1 10 9 7 2 11 3 5 8 6 4 
1 10 9 7 2 11 5 3 8 6 4 
1 10 9 7 3 2 5 11 8 6 4 
1 10 9 7 3 2 11 5 8 6 4 
1 10 9 7 3 5 2 11 8 6 4 
1 10 9 7 3 5 6 8 11 2 4 
1 10 9 7 3 5 11 2 8 6 4 
1 10 9 7 3 6 8 5 11 2 4 
1 10 9 7 3 6 8 11 5 2 4 
1 10 9 7 3 8 6 5 11 2 4 
1 10 9 7 3 11 2 5 8 6 4 
1 10 9 7 3 11 5 2 8 6 4 
1 10 9 7 3 11 5 6 8 2 4 
1 10 9 7 3 11 8 6 5 2 4 
1 10 9 7 5 2 3 11 8 6 4 
1 10 9 7 5 2 11 3 8 6 4 
1 10 9 7 5 3 2 11 8 6 4 
1 10 9 7 5 3 6 8 11 2 4 
1 10 9 7 5 3 11 2 8 6 4 
1 10 9 7 5 6 8 3 11 2 4 
1 10 9 7 5 6 8 11 3 2 4 
1 10 9 7 5 8 6 3 11 2 4 
1 10 9 7 5 11 2 3 8 6 4 
1 10 9 7 5 11 3 2 8 6 4 
1 10 9 7 5 11 3 6 8 2 4 
1 10 9 7 5 11 8 6 3 2 4 
1 10 9 7 6 8 3 5 11 2 4 
1 10 9 7 6 8 3 11 5 2 4 
1 10 9 7 6 8 5 3 11 2 4 
1 10 9 7 6 8 5 11 3 2 4 
1 10 9 7 6 8 11 3 5 2 4 
1 10 9 7 6 8 11 5 3 2 4 
1 10 9 7 8 6 3 5 11 2 4 
1 10 9 7 8 6 3 11 5 2 4 
1 10 9 7 8 6 5 3 11 2 4 
1 10 9 7 8 6 5 11 3 2 4 
1 10 9 7 11 2 3 5 8 6 4 
1 10 9 7 11 2 5 3 8 6 4 
1 10 9 7 11 3 2 5 8 6 4 
1 10 9 7 11 3 5 2 8 6 4 
1 10 9 7 11 3 5 6 8 2 4 
1 10 9 7 11 3 6 8 5 2 4 
1 10 9 7 11 3 8 6 5 2 4 
1 10 9 7 11 5 2 3 8 6 4 
1 10 9 7 11 5 3 2 8 6 4 
1 10 9 7 11 5 3 6 8 2 4 
1 10 9 7 11 5 6 8 3 2 4 
1 10 9 7 11 5 8 6 3 2 4 
1 10 9 7 11 8 6 3 5 2 4 
1 10 9 7 11 8 6 5 3 2 4 
1 10 9 8 6 3 5 7 11 2 4 
1 10 9 8 6 3 5 11 7 2 4 
1 10 9 8 6 3 7 5 11 2 4 
1 10 9 8 6 3 7 11 5 2 4 
1 10 9 8 6 3 11 5 7 2 4 
1 10 9 8 6 3 11 7 5 2 4 
1 10 9 8 6 5 3 7 11 2 4 
1 10 9 8 6 5 3 11 7 2 4 
1 10 9 8 6 5 7 3 11 2 4 
1 10 9 8 6 5 7 11 3 2 4 
1 10 9 8 6 5 11 3 7 2 4 
1 10 9 8 6 5 11 7 3 2 4 
1 10 9 8 6 7 3 5 11 2 4 
1 10 9 8 6 7 3 11 5 2 4 
1 10 9 8 6 7 5 3 11 2 4 
1 10 9 8 6 7 5 11 3 2 4 
1 10 9 8 6 7 11 3 5 2 4 
1 10 9 8 6 7 11 5 3 2 4 
1 10 9 11 2 3 5 7 8 6 4 
1 10 9 11 2 3 7 5 8 6 4 
1 10 9 11 2 5 3 7 8 6 4 
1 10 9 11 2 5 7 3 8 6 4 
1 10 9 11 2 7 3 5 8 6 4 
1 10 9 11 2 7 5 3 8 6 4 
1 10 9 11 3 2 5 7 8 6 4 
1 10 9 11 3 2 7 5 8 6 4 
1 10 9 11 3 5 2 7 8 6 4 
1 10 9 11 3 5 6 8 7 2 4 
1 10 9 11 3 5 7 2 8 6 4 
1 10 9 11 3 5 7 6 8 2 4 
1 10 9 11 3 5 8 6 7 2 4 
1 10 9 11 3 6 8 5 7 2 4 
1 10 9 11 3 6 8 7 5 2 4 
1 10 9 11 3 7 2 5 8 6 4 
1 10 9 11 3 7 5 2 8 6 4 
1 10 9 11 3 7 5 6 8 2 4 
1 10 9 11 3 7 6 8 5 2 4 
1 10 9 11 3 7 8 6 5 2 4 
1 10 9 11 3 8 6 5 7 2 4 
1 10 9 11 3 8 6 7 5 2 4 
1 10 9 11 5 2 3 7 8 6 4 
1 10 9 11 5 2 7 3 8 6 4 
1 10 9 11 5 3 2 7 8 6 4 
1 10 9 11 5 3 6 8 7 2 4 
1 10 9 11 5 3 7 2 8 6 4 
1 10 9 11 5 3 7 6 8 2 4 
1 10 9 11 5 3 8 6 7 2 4 
1 10 9 11 5 6 8 3 7 2 4 
1 10 9 11 5 6 8 7 3 2 4 
1 10 9 11 5 7 2 3 8 6 4 
1 10 9 11 5 7 3 2 8 6 4 
1 10 9 11 5 7 3 6 8 2 4 
1 10 9 11 5 7 6 8 3 2 4 
1 10 9 11 5 7 8 6 3 2 4 
1 10 9 11 5 8 6 3 7 2 4 
1 10 9 11 5 8 6 7 3 2 4 
1 10 9 11 7 2 3 5 8 6 4 
1 10 9 11 7 2 5 3 8 6 4 
1 10 9 11 7 3 2 5 8 6 4 
1 10 9 11 7 3 5 2 8 6 4 
1 10 9 11 7 3 5 6 8 2 4 
1 10 9 11 7 3 6 8 5 2 4 
1 10 9 11 7 3 8 6 5 2 4 
1 10 9 11 7 5 2 3 8 6 4 
1 10 9 11 7 5 3 2 8 6 4 
1 10 9 11 7 5 3 6 8 2 4 
1 10 9 11 7 5 6 8 3 2 4 
1 10 9 11 7 5 8 6 3 2 4 
1 10 9 11 7 6 8 3 5 2 4 
1 10 9 11 7 6 8 5 3 2 4 
1 10 9 11 7 8 6 3 5 2 4 
1 10 9 11 7 8 6 5 3 2 4 
1 10 9 11 8 6 3 5 7 2 4 
1 10 9 11 8 6 3 7 5 2 4 
1 10 9 11 8 6 5 3 7 2 4 
1 10 9 11 8 6 5 7 3 2 4 
1 10 9 11 8 6 7 3 5 2 4 
1 10 9 11 8 6 7 5 3 2 4 
1 10 11 2 3 5 7 9 8 6 4 
1 10 11 2 3 5 9 7 8 6 4 
1 10 11 2 3 7 5 9 8 6 4 
1 10 11 2 3 7 9 5 8 6 4 
1 10 11 2 3 9 5 7 8 6 4 
1 10 11 2 3 9 7 5 8 6 4 
1 10 11 2 5 3 7 9 8 6 4 
1 10 11 2 5 3 9 7 8 6 4 
1 10 11 2 5 7 3 9 8 6 4 
1 10 11 2 5 7 9 3 8 6 4 
1 10 11 2 5 9 3 7 8 6 4 
1 10 11 2 5 9 7 3 8 6 4 
1 10 11 2 7 3 5 9 8 6 4 
1 10 11 2 7 3 9 5 8 6 4 
1 10 11 2 7 5 3 9 8 6 4 
1 10 11 2 7 5 9 3 8 6 4 
1 10 11 2 7 9 3 5 8 6 4 
1 10 11 2 7 9 5 3 8 6 4 
1 10 11 2 9 3 5 7 8 6 4 
1 10 11 2 9 3 7 5 8 6 4 
1 10 11 2 9 5 3 7 8 6 4 
1 10 11 2 9 5 7 3 8 6 4 
1 10 11 2 9 7 3 5 8 6 4 
1 10 11 2 9 7 5 3 8 6 4 
1 10 11 3 2 5 7 9 8 6 4 
1 10 11 3 2 5 9 7 8 6 4 
1 10 11 3 2 7 5 9 8 6 4 
1 10 11 3 2 7 9 5 8 6 4 
1 10 11 3 2 9 5 7 8 6 4 
1 10 11 3 2 9 7 5 8 6 4 
1 10 11 3 5 2 7 9 8 6 4 
1 10 11 3 5 2 9 7 8 6 4 
1 10 11 3 5 6 8 7 9 2 4 
1 10 11 3 5 6 8 9 7 2 4 
1 10 11 3 5 7 2 9 8 6 4 
1 10 11 3 5 7 6 8 9 2 4 
1 10 11 3 5 7 8 6 9 2 4 
1 10 11 3 5 7 9 2 8 6 4 
1 10 11 3 5 7 9 6 8 2 4 
1 10 11 3 5 8 6 7 9 2 4 
1 10 11 3 5 8 6 9 7 2 4 
1 10 11 3 5 9 2 7 8 6 4 
1 10 11 3 5 9 6 8 7 2 4 
1 10 11 3 5 9 7 2 8 6 4 
1 10 11 3 5 9 7 6 8 2 4 
1 10 11 3 5 9 8 6 7 2 4 
1 10 11 3 6 8 5 7 9 2 4 
1 10 11 3 6 8 5 9 7 2 4 
1 10 11 3 6 8 7 5 9 2 4 
1 10 11 3 6 8 7 9 5 2 4 
1 10 11 3 6 8 9 5 7 2 4 
1 10 11 3 6 8 9 7 5 2 4 
1 10 11 3 7 2 5 9 8 6 4 
1 10 11 3 7 2 9 5 8 6 4 
1 10 11 3 7 5 2 9 8 6 4 
1 10 11 3 7 5 6 8 9 2 4 
1 10 11 3 7 5 8 6 9 2 4 
1 10 11 3 7 5 9 2 8 6 4 
1 10 11 3 7 5 9 6 8 2 4 
1 10 11 3 7 6 8 5 9 2 4 
1 10 11 3 7 6 8 9 5 2 4 
1 10 11 3 7 8 6 5 9 2 4 
1 10 11 3 7 8 6 9 5 2 4 
1 10 11 3 7 9 2 5 8 6 4 
1 10 11 3 7 9 5 2 8 6 4 
1 10 11 3 7 9 5 6 8 2 4 
1 10 11 3 7 9 6 8 5 2 4 
1 10 11 3 7 9 8 6 5 2 4 
1 10 11 3 8 6 5 7 9 2 4 
1 10 11 3 8 6 5 9 7 2 4 
1 10 11 3 8 6 7 5 9 2 4 
1 10 11 3 8 6 7 9 5 2 4 
1 10 11 3 8 6 9 5 7 2 4 
1 10 11 3 8 6 9 7 5 2 4 
1 10 11 3 9 2 5 7 8 6 4 
1 10 11 3 9 2 7 5 8 6 4 
1 10 11 3 9 5 2 7 8 6 4 
1 10 11 3 9 5 6 8 7 2 4 
1 10 11 3 9 5 7 2 8 6 4 
1 10 11 3 9 5 7 6 8 2 4 
1 10 11 3 9 5 8 6 7 2 4 
1 10 11 3 9 6 8 5 7 2 4 
1 10 11 3 9 6 8 7 5 2 4 
1 10 11 3 9 7 2 5 8 6 4 
1 10 11 3 9 7 5 2 8 6 4 
1 10 11 3 9 7 5 6 8 2 4 
1 10 11 3 9 7 6 8 5 2 4 
1 10 11 3 9 7 8 6 5 2 4 
1 10 11 3 9 8 6 5 7 2 4 
1 10 11 3 9 8 6 7 5 2 4 
1 10 11 5 2 3 7 9 8 6 4 
1 10 11 5 2 3 9 7 8 6 4 
1 10 11 5 2 7 3 9 8 6 4 
1 10 11 5 2 7 9 3 8 6 4 
1 10 11 5 2 9 3 7 8 6 4 
1 10 11 5 2 9 7 3 8 6 4 
1 10 11 5 3 2 7 9 8 6 4 
1 10 11 5 3 2 9 7 8 6 4 
1 10 11 5 3 6 8 7 9 2 4 
1 10 11 5 3 6 8 9 7 2 4 
1 10 11 5 3 7 2 9 8 6 4 
1 10 11 5 3 7 6 8 9 2 4 
1 10 11 5 3 7 8 6 9 2 4 
1 10 11 5 3 7 9 2 8 6 4 
1 10 11 5 3 7 9 6 8 2 4 
1 10 11 5 3 8 6 7 9 2 4 
1 10 11 5 3 8 6 9 7 2 4 
1 10 11 5 3 9 2 7 8 6 4 
1 10 11 5 3 9 6 8 7 2 4 
1 10 11 5 3 9 7 2 8 6 4 
1 10 11 5 3 9 7 6 8 2 4 
1 10 11 5 3 9 8 6 7 2 4 
1 10 11 5 6 8 3 7 9 2 4 
1 10 11 5 6 8 3 9 7 2 4 
1 10 11 5 6 8 7 3 9 2 4 
1 10 11 5 6 8 7 9 3 2 4 
1 10 11 5 6 8 9 3 7 2 4 
1 10 11 5 6 8 9 7 3 2 4 
1 10 11 5 7 2 3 9 8 6 4 
1 10 11 5 7 2 9 3 8 6 4 
1 10 11 5 7 3 2 9 8 6 4 
1 10 11 5 7 3 6 8 9 2 4 
1 10 11 5 7 3 8 6 9 2 4 
1 10 11 5 7 3 9 2 8 6 4 
1 10 11 5 7 3 9 6 8 2 4 
1 10 11 5 7 6 8 3 9 2 4 
1 10 11 5 7 6 8 9 3 2 4 
1 10 11 5 7 8 6 3 9 2 4 
1 10 11 5 7 8 6 9 3 2 4 
1 10 11 5 7 9 2 3 8 6 4 
1 10 11 5 7 9 3 2 8 6 4 
1 10 11 5 7 9 3 6 8 2 4 
1 10 11 5 7 9 6 8 3 2 4 
1 10 11 5 7 9 8 6 3 2 4 
1 10 11 5 8 6 3 7 9 2 4 
1 10 11 5 8 6 3 9 7 2 4 
1 10 11 5 8 6 7 3 9 2 4 
1 10 11 5 8 6 7 9 3 2 4 
1 10 11 5 8 6 9 3 7 2 4 
1 10 11 5 8 6 9 7 3 2 4 
1 10 11 5 8 9 3 6 7 2 4 
1 10 11 5 9 2 3 7 8 6 4 
1 10 11 5 9 2 7 3 8 6 4 
1 10 11 5 9 3 2 7 8 6 4 
1 10 11 5 9 3 6 8 7 2 4 
1 10 11 5 9 3 7 2 8 6 4 
1 10 11 5 9 3 7 6 8 2 4 
1 10 11 5 9 3 8 6 7 2 4 
1 10 11 5 9 6 8 3 7 2 4 
1 10 11 5 9 6 8 7 3 2 4 
1 10 11 5 9 7 2 3 8 6 4 
1 10 11 5 9 7 3 2 8 6 4 
1 10 11 5 9 7 3 6 8 2 4 
1 10 11 5 9 7 6 8 3 2 4 
1 10 11 5 9 7 8 6 3 2 4 
1 10 11 5 9 8 6 3 7 2 4 
1 10 11 5 9 8 6 7 3 2 4 
1 10 11 7 2 3 5 9 8 6 4 
1 10 11 7 2 3 9 5 8 6 4 
1 10 11 7 2 5 3 9 8 6 4 
1 10 11 7 2 5 8 9 3 6 4 
1 10 11 7 2 5 9 3 8 6 4 
1 10 11 7 2 9 3 5 8 6 4 
1 10 11 7 2 9 5 3 8 6 4 
1 10 11 7 3 2 5 9 8 6 4 
1 10 11 7 3 2 9 5 8 6 4 
1 10 11 7 3 5 2 9 8 6 4 
1 10 11 7 3 5 6 8 9 2 4 
1 10 11 7 3 5 8 6 9 2 4 
1 10 11 7 3 5 9 2 8 6 4 
1 10 11 7 3 5 9 6 8 2 4 
1 10 11 7 3 6 8 5 9 2 4 
1 10 11 7 3 6 8 9 5 2 4 
1 10 11 7 3 8 6 5 9 2 4 
1 10 11 7 3 8 6 9 5 2 4 
1 10 11 7 3 9 2 5 8 6 4 
1 10 11 7 3 9 5 2 8 6 4 
1 10 11 7 3 9 5 6 8 2 4 
1 10 11 7 3 9 6 8 5 2 4 
1 10 11 7 3 9 8 6 5 2 4 
1 10 11 7 5 2 3 9 8 6 4 
1 10 11 7 5 2 9 3 8 6 4 
1 10 11 7 5 3 2 9 8 6 4 
1 10 11 7 5 3 6 8 9 2 4 
1 10 11 7 5 3 8 6 9 2 4 
1 10 11 7 5 3 9 2 8 6 4 
1 10 11 7 5 3 9 6 8 2 4 
1 10 11 7 5 6 8 3 9 2 4 
1 10 11 7 5 6 8 9 3 2 4 
1 10 11 7 5 8 6 3 9 2 4 
1 10 11 7 5 8 6 9 3 2 4 
1 10 11 7 5 9 2 3 8 6 4 
1 10 11 7 5 9 3 2 8 6 4 
1 10 11 7 5 9 3 6 8 2 4 
1 10 11 7 5 9 6 8 3 2 4 
1 10 11 7 5 9 8 6 3 2 4 
1 10 11 7 6 8 3 5 9 2 4 
1 10 11 7 6 8 3 9 5 2 4 
1 10 11 7 6 8 5 3 9 2 4 
1 10 11 7 6 8 5 9 3 2 4 
1 10 11 7 6 8 9 3 5 2 4 
1 10 11 7 6 8 9 5 3 2 4 
1 10 11 7 8 6 3 5 9 2 4 
1 10 11 7 8 6 3 9 5 2 4 
1 10 11 7 8 6 5 3 9 2 4 
1 10 11 7 8 6 5 9 3 2 4 
1 10 11 7 8 6 9 3 5 2 4 
1 10 11 7 8 6 9 5 3 2 4 
1 10 11 7 9 2 3 5 8 6 4 
1 10 11 7 9 2 5 3 8 6 4 
1 10 11 7 9 3 2 5 8 6 4 
1 10 11 7 9 3 5 2 8 6 4 
1 10 11 7 9 3 5 6 8 2 4 
1 10 11 7 9 3 6 8 5 2 4 
1 10 11 7 9 3 8 6 5 2 4 
1 10 11 7 9 5 2 3 8 6 4 
1 10 11 7 9 5 3 2 8 6 4 
1 10 11 7 9 5 3 6 8 2 4 
1 10 11 7 9 5 6 8 3 2 4 
1 10 11 7 9 5 8 6 3 2 4 
1 10 11 7 9 6 8 3 5 2 4 
1 10 11 7 9 6 8 5 3 2 4 
1 10 11 7 9 8 6 3 5 2 4 
1 10 11 7 9 8 6 5 3 2 4 
1 10 11 8 6 3 5 7 9 2 4 
1 10 11 8 6 3 5 9 7 2 4 
1 10 11 8 6 3 7 5 9 2 4 
1 10 11 8 6 3 7 9 5 2 4 
1 10 11 8 6 3 9 5 7 2 4 
1 10 11 8 6 3 9 7 5 2 4 
1 10 11 8 6 5 3 7 9 2 4 
1 10 11 8 6 5 3 9 7 2 4 
1 10 11 8 6 5 7 3 9 2 4 
1 10 11 8 6 5 7 9 3 2 4 
1 10 11 8 6 5 9 3 7 2 4 
1 10 11 8 6 5 9 7 3 2 4 
1 10 11 8 6 7 3 5 9 2 4 
1 10 11 8 6 7 3 9 5 2 4 
1 10 11 8 6 7 5 3 9 2 4 
1 10 11 8 6 7 5 9 3 2 4 
1 10 11 8 6 7 9 3 5 2 4 
1 10 11 8 6 7 9 5 3 2 4 
1 10 11 8 6 9 3 5 7 2 4 
1 10 11 8 6 9 3 7 5 2 4 
1 10 11 8 6 9 5 3 7 2 4 
1 10 11 8 6 9 5 7 3 2 4 
1 10 11 8 6 9 7 3 5 2 4 
1 10 11 8 6 9 7 5 3 2 4 
1 10 11 9 2 3 5 7 8 6 4 
1 10 11 9 2 3 7 5 8 6 4 
1 10 11 9 2 5 3 7 8 6 4 
1 10 11 9 2 5 7 3 8 6 4 
1 10 11 9 2 7 3 5 8 6 4 
1 10 11 9 2 7 5 3 8 6 4 
1 10 11 9 3 2 5 7 8 6 4 
1 10 11 9 3 2 7 5 8 6 4 
1 10 11 9 3 5 2 7 8 6 4 
1 10 11 9 3 5 6 8 7 2 4 
1 10 11 9 3 5 7 2 8 6 4 
1 10 11 9 3 5 7 6 8 2 4 
1 10 11 9 3 5 8 6 7 2 4 
1 10 11 9 3 6 8 5 7 2 4 
1 10 11 9 3 6 8 7 5 2 4 
1 10 11 9 3 7 2 5 8 6 4 
1 10 11 9 3 7 5 2 8 6 4 
1 10 11 9 3 7 5 6 8 2 4 
1 10 11 9 3 7 6 8 5 2 4 
1 10 11 9 3 7 8 6 5 2 4 
1 10 11 9 3 8 6 5 7 2 4 
1 10 11 9 3 8 6 7 5 2 4 
1 10 11 9 5 2 3 7 8 6 4 
1 10 11 9 5 2 7 3 8 6 4 
1 10 11 9 5 3 2 7 8 6 4 
1 10 11 9 5 3 6 8 7 2 4 
1 10 11 9 5 3 7 2 8 6 4 
1 10 11 9 5 3 7 6 8 2 4 
1 10 11 9 5 3 8 6 7 2 4 
1 10 11 9 5 6 8 3 7 2 4 
1 10 11 9 5 6 8 7 3 2 4 
1 10 11 9 5 7 2 3 8 6 4 
1 10 11 9 5 7 3 2 8 6 4 
1 10 11 9 5 7 3 6 8 2 4 
1 10 11 9 5 7 6 8 3 2 4 
1 10 11 9 5 7 8 6 3 2 4 
1 10 11 9 5 8 6 3 7 2 4 
1 10 11 9 5 8 6 7 3 2 4 
1 10 11 9 6 8 3 5 7 2 4 
1 10 11 9 6 8 3 7 5 2 4 
1 10 11 9 6 8 5 3 7 2 4 
1 10 11 9 6 8 5 7 3 2 4 
1 10 11 9 6 8 7 3 5 2 4 
1 10 11 9 6 8 7 5 3 2 4 
1 10 11 9 7 2 3 5 8 6 4 
1 10 11 9 7 2 5 3 8 6 4 
1 10 11 9 7 3 2 5 8 6 4 
1 10 11 9 7 3 5 2 8 6 4 
1 10 11 9 7 3 5 6 8 2 4 
1 10 11 9 7 3 6 8 5 2 4 
1 10 11 9 7 3 8 6 5 2 4 
1 10 11 9 7 5 2 3 8 6 4 
1 10 11 9 7 5 3 2 8 6 4 
1 10 11 9 7 5 3 6 8 2 4 
1 10 11 9 7 5 6 8 3 2 4 
1 10 11 9 7 5 8 6 3 2 4 
1 10 11 9 7 6 8 3 5 2 4 
1 10 11 9 7 6 8 5 3 2 4 
1 10 11 9 7 8 6 3 5 2 4 
1 10 11 9 7 8 6 5 3 2 4 
1 10 11 9 8 6 3 5 7 2 4 
1 10 11 9 8 6 3 7 5 2 4 
1 10 11 9 8 6 5 3 7 2 4 
1 10 11 9 8 6 5 7 3 2 4 
1 10 11 9 8 6 7 3 5 2 4 
1 10 11 9 8 6 7 5 3 2 4 
0
2387 1379 
2105 1661 
2303 1463 
2261 1505 
2111 1655 
2351 1415 
2261 1505 
2069 1697 
2267 1499 
1941 1825 
1985 1781 
1851 1915 
2277 1489 
2241 1525 
2367 1399 
1957 1809 
2325 1441 
1951 1815 
2385 1381 
2541 1225 
2295 1471 
2167 1599 
2535 1231 
2251 1515 
2119 1647 
1837 1929 
2135 1631 
2093 1673 
2153 1613 
2393 1373 
2393 1373 
2093 1673 
2153 1613 
1837 1929 
2135 1631 
2119 1647 
2093 1673 
2111 1655 
2153 1613 
2135 1631 
2367 1399 
2409 1357 
2409 1357 
2485 1281 
2127 1639 
2109 1657 
2185 1581 
2185 1581 
2025 1741 
1725 2041 
1999 1767 
1683 2083 
2009 1757 
2283 1483 
2283 1483 
2009 1757 
2309 1457 
2351 1415 
2401 1365 
2069 1697 
2267 1499 
2085 1681 
2127 1639 
2035 1731 
2117 1649 
2373 1393 
1817 1949 
1859 1907 
2073 1693 
2191 1575 
2191 1575 
2141 1625 
2099 1667 
2057 1709 
2057 1709 
2175 1591 
2217 1549 
1843 1923 
2093 1673 
1793 1973 
2009 1757 
1693 2073 
1799 1967 
1783 1983 
2377 1389 
2167 1599 
2383 1383 
2193 1573 
2083 1683 
2103 1663 
2137 1629 
1827 1939 
2227 1539 
1953 1813 
1911 1855 
1947 1819 
2209 1557 
2109 1657 
2119 1647 
2145 1621 
2103 1663 
2229 1537 
2247 1519 
2055 1711 
2227 1539 
1901 1865 
2245 1521 
2111 1655 
2347 1419 
2365 1401 
2365 1401 
2347 1419 
2211 1555 
2537 1229 
2537 1229 
2613 1153 
2345 1421 
2327 1439 
2403 1363 
2403 1363 
2153 1613 
1943 1823 
2287 1479 
2097 1669 
2269 1497 
2289 1477 
2521 1245 
2311 1455 
2501 1265 
2311 1455 
2353 1413 
2217 1549 
2563 1203 
2563 1203 
2619 1147 
2217 1549 
2353 1413 
2371 1395 
2237 1529 
2429 1337 
2429 1337 
2373 1393 
2281 1485 
2127 1639 
2071 1695 
2071 1695 
1917 1849 
2319 1447 
2319 1447 
2263 1503 
2263 1503 
1937 1829 
2339 1427 
2339 1427 
1937 1829 
2091 1675 
2417 1349 
2117 1649 
2333 1433 
2017 1749 
2123 1643 
2107 1659 
2333 1433 
2123 1643 
2339 1427 
2149 1617 
2039 1727 
2059 1707 
2307 1459 
1997 1769 
2397 1369 
2123 1643 
2081 1685 
2117 1649 
1917 1849 
1881 1885 
1881 1885 
1471 2295 
2155 1611 
1781 1985 
1817 1949 
2091 1675 
2091 1675 
1817 1949 
2091 1675 
2133 1633 
2183 1583 
1723 2043 
2055 1711 
1873 1893 
1915 1851 
1823 1943 
1781 1985 
1471 2295 
2155 1611 
1881 1885 
1881 1885 
1917 1849 
1907 1859 
1771 1995 
2217 1549 
2217 1549 
2273 1493 
1813 1953 
1949 1817 
2181 1585 
1807 1959 
1999 1767 
1999 1767 
1943 1823 
1935 1831 
1625 2141 
1941 1825 
1667 2099 
2175 1591 
1765 2001 
1865 1901 
1865 1901 
1957 1809 
1999 1767 
1497 2269 
1491 2275 
1993 1773 
1993 1773 
1533 2233 
1901 1865 
1901 1865 
1943 1823 
2423 1343 
2579 1187 
2297 1469 
2169 1597 
2553 1213 
2269 1497 
2113 1653 
2369 1397 
2369 1397 
2113 1653 
2087 1679 
2129 1637 
2343 1423 
2461 1305 
2461 1305 
2001 1765 
1959 1807 
2243 1523 
2243 1523 
2361 1405 
2403 1363 
2029 1737 
2023 1743 
1869 1897 
2123 1643 
2123 1643 
1969 1797 
2371 1395 
2371 1395 
1911 1855 
2065 1701 
2279 1487 
2279 1487 
1995 1771 
2397 1369 
2397 1369 
1995 1771 
2149 1617 
2405 1361 
2305 1461 
2321 1445 
2347 1419 
2279 1487 
2405 1361 
2363 1403 
1953 1813 
2263 1503 
2263 1503 
2355 1411 
2397 1369 
1895 1871 
1953 1813 
2363 1403 
1979 1787 
2481 1285 
2481 1285 
2021 1745 
2389 1377 
2107 1659 
2149 1617 
2707 1059 
2425 1341 
2277 1489 
2235 1531 
2483 1283 
2723 1043 
2221 1545 
2427 1339 
2279 1487 
2479 1287 
1997 1769 
1991 1775 
2237 1529 
2253 1513 
2725 1041 
2495 1271 
2683 1083 
2437 1329 
2743 1023 
2553 1213 
2255 1511 
2307 1459 
2495 1271 
2737 1029 
2453 1313 
2171 1595 
2469 1297 
2427 1339 
2487 1279 
2727 1039 
2569 1197 
2269 1497 
2329 1437 
2013 1753 
2311 1455 
2295 1471 
2413 1353 
2431 1335 
2473 1293 
2455 1311 
2687 1079 
2729 1037 
2729 1037 
2805 961 
2447 1319 
2429 1337 
2505 1261 
2505 1261 
2525 1241 
2225 1541 
2499 1267 
2183 1583 
1983 1783 
2257 1509 
2257 1509 
1983 1783 
2283 1483 
2325 1441 
2375 1391 
2043 1723 
2241 1525 
2059 1707 
2101 1665 
2009 1757 
2489 1277 
2745 1021 
2189 1577 
2231 1535 
2445 1321 
2563 1203 
2563 1203 
2513 1253 
2471 1295 
2429 1337 
2429 1337 
2547 1219 
2589 1177 
2215 1551 
2737 1029 
2437 1329 
2307 1459 
1991 1775 
2495 1271 
2479 1287 
2495 1271 
2683 1083 
2553 1213 
2723 1043 
2253 1513 
2235 1531 
2255 1511 
1997 1769 
2743 1023 
2483 1283 
2427 1339 
2425 1341 
2725 1041 
2279 1487 
2237 1529 
2277 1489 
2221 1545 
2707 1059 
2235 1531 
2441 1325 
2253 1513 
2453 1313 
2271 1495 
2265 1501 
2681 1085 
2699 1067 
2541 1225 
2523 1243 
2711 1055 
2511 1255 
2511 1255 
2587 1179 
2717 1049 
2699 1067 
2775 991 
2775 991 
2307 1459 
2495 1271 
2313 1453 
2483 1283 
2295 1471 
2277 1489 
2351 1415 
2539 1227 
2527 1239 
2697 1069 
2739 1027 
2769 997 
2551 1215 
2393 1373 
2645 1121 
2769 997 
2739 1027 
2599 1167 
2751 1015 
2815 951 
2657 1109 
2563 1203 
2269 1497 
2281 1485 
2457 1309 
2299 1467 
2469 1297 
2345 1421 
2345 1421 
2093 1673 
2251 1515 
2451 1315 
2327 1439 
2169 1597 
2451 1315 
2281 1485 
2413 1353 
2113 1653 
1983 1783 
1667 2099 
2171 1595 
2155 1611 
2127 1639 
2315 1451 
2185 1581 
2355 1411 
1885 1881 
1867 1899 
2101 1665 
1843 1923 
2589 1177 
2329 1437 
2273 1493 
2271 1495 
2597 1169 
2613 1153 
2599 1167 
2369 1397 
2873 893 
2627 1139 
2151 1615 
2425 1341 
2267 1499 
1993 1773 
2411 1355 
2453 1313 
2503 1263 
2223 1543 
2427 1339 
2245 1521 
2287 1479 
2195 1571 
2627 1139 
2369 1397 
2873 893 
2613 1153 
2599 1167 
2597 1169 
2639 1127 
2669 1097 
2897 869 
2739 1027 
2991 775 
2711 1055 
2681 1085 
2755 1011 
2667 1099 
2731 1035 
2573 1193 
2479 1287 
2457 1309 
2199 1567 
2659 1107 
2399 1367 
2855 911 
2611 1155 
2597 1169 
2439 1327 
2675 1091 
2717 1049 
2395 1371 
2351 1415 
2673 1093 
2515 1251 
2393 1373 
2437 1329 
2423 1343 
2623 1143 
2705 1061 
2515 1251 
2219 1547 
2271 1495 
2475 1291 
2717 1049 
2447 1319 
2703 1063 
2545 1221 
2289 1477 
2407 1359 
2449 1317 
2663 1103 
2781 985 
2781 985 
2501 1265 
2459 1307 
2217 1549 
2217 1549 
2335 1431 
2377 1389 
2003 1763 
1959 1807 
1971 1795 
2405 1361 
2247 1519 
2417 1349 
2293 1473 
2293 1473 
2013 1753 
2001 1765 
2057 1709 
2215 1551 
2457 1309 
2333 1433 
2175 1591 
2457 1309 
2287 1479 
2529 1237 
2083 1683 
2243 1523 
2283 1483 
2201 1565 
2687 1079 
2645 1121 
2401 1365 
2199 1567 
2041 1725 
2277 1489 
2319 1447 
1997 1769 
2401 1365 
2645 1121 
2441 1325 
2763 1003 
2605 1161 
2483 1283 
2527 1239 
2231 1535 
2431 1335 
2535 1231 
2343 1423 
2323 1443 
1997 1769 
2529 1237 
2395 1371 
2175 1591 
2381 1385 
2361 1405 
2561 1205 
2169 1597 
2163 1603 
2155 1611 
2015 1751 
2553 1213 
2541 1225 
2227 1539 
2355 1411 
2571 1195 
2225 1541 
2173 1593 
2353 1413 
2039 1727 
2565 1201 
2789 977 
2597 1169 
2769 997 
2443 1323 
2787 979 
2653 1113 
2621 1145 
2639 1127 
2639 1127 
2621 1145 
2485 1281 
2811 955 
2811 955 
2887 879 
2619 1147 
2601 1165 
2677 1089 
2677 1089 
2495 1271 
2285 1481 
2629 1137 
2439 1327 
2611 1155 
2631 1135 
2819 947 
2609 1157 
2799 967 
2609 1157 
2409 1357 
2273 1493 
2619 1147 
2619 1147 
2675 1091 
2273 1493 
2409 1357 
2427 1339 
2293 1473 
2485 1281 
2485 1281 
2429 1337 
2825 941 
2671 1095 
2615 1151 
2615 1151 
2461 1305 
2863 903 
2863 903 
2807 959 
2807 959 
2481 1285 
2883 883 
2883 883 
2481 1285 
2635 1131 
2443 1323 
2649 1117 
2461 1305 
2661 1105 
2479 1287 
2473 1293 
2635 1131 
2653 1113 
2495 1271 
2477 1289 
2665 1101 
2465 1301 
2465 1301 
2541 1225 
2671 1095 
2653 1113 
2729 1037 
2729 1037 
2473 1293 
2661 1105 
2479 1287 
2649 1117 
2461 1305 
2443 1323 
2149 1617 
2337 1429 
2325 1441 
2495 1271 
2821 945 
2851 915 
2633 1133 
2475 1291 
2727 1039 
2851 915 
2821 945 
2681 1085 
2833 933 
2897 869 
2739 1027 
2645 1121 
2441 1325 
2453 1313 
2629 1137 
2471 1295 
2641 1125 
2517 1249 
2517 1249 
2265 1501 
2423 1343 
2623 1143 
2499 1267 
2341 1425 
2623 1143 
2453 1313 
2607 1159 
2397 1369 
2395 1371 
2205 1561 
2583 1183 
2603 1163 
2081 1685 
2269 1497 
2267 1499 
2437 1329 
2057 1709 
2039 1727 
2215 1551 
2211 1555 
2613 1153 
2571 1195 
2423 1343 
2385 1381 
2595 1171 
2403 1363 
2197 1569 
2365 1401 
2217 1549 
2577 1189 
2651 1115 
2441 1325 
2439 1327 
2249 1517 
2627 1139 
2647 1119 
2449 1317 
2637 1129 
2635 1131 
2805 961 
2425 1341 
2407 1359 
2429 1337 
2425 1341 
2827 939 
2785 981 
2637 1129 
2599 1167 
2641 1125 
2501 1265 
2679 1087 
2667 1099 
2543 1223 
2671 1095 
2449 1317 
2313 1453 
2491 1275 
2491 1275 
2547 1219 
2155 1611 
2291 1475 
2479 1287 
2351 1415 
2543 1223 
2543 1223 
2487 1279 
2847 919 
2877 889 
2851 915 
2693 1073 
2945 821 
2877 889 
2847 919 
2553 1213 
2839 927 
2903 863 
2745 1021 
2651 1115 
2671 1095 
2667 1099 
2543 1223 
2501 1265 
2679 1087 
2641 1125 
2501 1265 
2497 1269 
2697 1069 
2655 1111 
2525 1241 
2691 1075 
2521 1245 
2755 1011 
2755 1011 
2363 1403 
2687 1079 
2649 1117 
2717 1049 
2559 1207 
2649 1117 
2325 1441 
2503 1263 
2661 1105 
2569 1197 
2223 1543 
2209 1557 
2389 1377 
2055 1711 
2581 1185 
2565 1201 
2411 1355 
2397 1369 
2397 1369 
2243 1523 
2645 1121 
2645 1121 
2253 1513 
2407 1359 
2577 1189 
2577 1189 
2051 1715 
2453 1313 
2453 1313 
2051 1715 
2205 1561 
2167 1599 
2179 1587 
2359 1407 
2201 1565 
2371 1395 
2247 1519 
2247 1519 
2179 1587 
2167 1599 
1855 1911 
2013 1753 
2539 1227 
2415 1351 
2257 1509 
2539 1227 
2369 1397 
2393 1373 
2201 1565 
2191 1575 
2359 1407 
2191 1575 
2551 1215 
2225 1541 
2391 1375 
2033 1733 
2267 1499 
2267 1499 
1875 1891 
2199 1567 
2559 1207 
2627 1139 
2469 1297 
2559 1207 
2235 1531 
2391 1375 
2225 1541 
2221 1545 
2379 1387 
3073 759 
3099 733 
2603 1163 
2303 1463 
2519 1247 
2203 1563 
2309 1457 
2293 1473 
2731 1035 
2521 1245 
2737 1029 
2547 1219 
2437 1329 
2457 1309 
2301 1465 
1991 1775 
2391 1375 
2117 1649 
2075 1691 
2111 1655 
2579 1187 
2479 1287 
2489 1277 
2515 1251 
2473 1293 
2599 1167 
2747 1019 
2447 1319 
2317 1449 
2001 1765 
2505 1261 
2489 1277 
2529 1237 
2717 1049 
2587 1179 
2757 1009 
2287 1479 
2269 1497 
2445 1321 
2187 1579 
2933 833 
2673 1093 
2617 1149 
2615 1151 
2723 1043 
2277 1489 
2235 1531 
2275 1491 
2219 1547 
2705 1061 
2663 1103 
2453 1313 
2451 1315 
2261 1505 
2639 1127 
2659 1107 
2317 1449 
2505 1261 
2503 1263 
2673 1093 
2293 1473 
2275 1491 
2323 1443 
2319 1447 
2721 1045 
2679 1087 
2531 1235 
2493 1273 
2421 1345 
2229 1537 
2023 1743 
2191 1575 
2043 1723 
2403 1363 
2291 1475 
1981 1785 
2509 1257 
2235 1531 
2251 1515 
2287 1479 
2637 1129 
2379 1387 
2907 859 
2647 1119 
2597 1169 
2595 1171 
2727 1039 
2723 1043 
2779 987 
2737 1029 
2505 1261 
2467 1299 
2463 1303 
2717 1049 
2411 1355 
2679 1087 
2447 1319 
2461 1305 
2161 1605 
2125 1641 
2379 1387 
1969 1797 
2395 1371 
2021 1745 
2147 1619 
2163 1603 
2417 1349 
2187 1579 
2381 1385 
2135 1631 
2111 1655 
1971 1795 
2163 1603 
2151 1615 
1753 2013 
1881 1885 
2437 1329 
2281 1485 
2385 1381 
2409 1357 
2011 1755 
2191 1575 
1969 1797 
1933 1833 
1933 1833 
1523 2243 
2207 1559 
1833 1933 
1701 2065 
1975 1791 
1975 1791 
1701 2065 
1975 1791 
2017 1749 
2067 1699 
1607 2159 
1939 1827 
1757 2009 
1799 1967 
1707 2059 
1675 2091 
1365 2401 
2049 1717 
1775 1991 
1775 1991 
1811 1955 
1919 1847 
1783 1983 
2229 1537 
2229 1537 
2285 1481 
1825 1941 
1961 1805 
2193 1573 
1819 1947 
2011 1755 
2011 1755 
1955 1811 
1999 1767 
1689 2077 
2005 1761 
1731 2035 
2245 1521 
1835 1931 
1935 1831 
1935 1831 
2027 1739 
2069 1697 
1567 2199 
1561 2205 
2063 1703 
2063 1703 
1603 2163 
1971 1795 
1971 1795 
2013 1753 
2315 1451 
2331 1435 
2317 1449 
2087 1679 
2591 1175 
2345 1421 
2061 1705 
2335 1431 
2177 1589 
1903 1863 
2321 1445 
2363 1403 
2413 1353 
2133 1633 
2337 1429 
2155 1611 
2197 1569 
2105 1661 
2345 1421 
2087 1679 
2591 1175 
2331 1435 
2317 1449 
2315 1451 
2331 1435 
2361 1405 
2589 1177 
2431 1335 
2683 1083 
2403 1363 
2373 1393 
2447 1319 
2359 1407 
2423 1343 
2265 1501 
2171 1595 
2021 1745 
1763 2003 
2223 1543 
1963 1803 
2553 1213 
2309 1457 
2295 1471 
2137 1629 
2373 1393 
2415 1351 
2093 1673 
2049 1717 
2371 1395 
2213 1553 
2091 1675 
2135 1631 
2121 1645 
2321 1445 
2191 1575 
1881 1885 
2409 1357 
2135 1631 
2151 1615 
2187 1579 
2011 1755 
1753 2013 
2281 1485 
2021 1745 
1971 1795 
1969 1797 
2385 1381 
2381 1385 
2437 1329 
2395 1371 
2163 1603 
2125 1641 
2163 1603 
2417 1349 
2111 1655 
2379 1387 
2147 1619 
2161 1605 
2151 1615 
2011 1755 
2189 1577 
2177 1589 
2053 1713 
2181 1585 
2405 1361 
2269 1497 
2447 1319 
2447 1319 
2503 1263 
2111 1655 
2247 1519 
2435 1331 
2307 1459 
2499 1267 
2499 1267 
2443 1323 
2457 1309 
2487 1279 
2461 1305 
2303 1463 
2555 1211 
2487 1279 
2457 1309 
2163 1603 
2449 1317 
2513 1253 
2355 1411 
2261 1505 
2223 1543 
2219 1547 
2095 1671 
2053 1713 
2231 1535 
2193 1573 
2267 1499 
2263 1503 
2463 1303 
2421 1345 
2051 1715 
2217 1549 
2047 1719 
2281 1485 
2281 1485 
1889 1877 
2213 1553 
2175 1591 
2243 1523 
2085 1681 
2175 1591 
1851 1915 
2029 1737 
2187 1579 
2021 1745 
1711 2055 
2239 1527 
1965 1801 
1981 1785 
2017 1749 
2165 1601 
1907 1859 
2435 1331 
2175 1591 
2125 1641 
2123 1643 
2171 1595 
2167 1599 
2223 1543 
2181 1585 
1949 1817 
1911 1855 
2419 1347 
2263 1503 
2405 1361 
2429 1337 
1995 1771 
2175 1591 
2415 1351 
2005 1761 
2147 1619 
2147 1619 
2239 1527 
2281 1485 
1779 1987 
1847 1919 
2257 1509 
1991 1775 
2493 1273 
2493 1273 
2033 1733 
2401 1365 
2171 1595 
2213 1553 
2363 1403 
2119 1647 
2109 1657 
1951 1815 
2187 1579 
2229 1537 
1907 1859 
2119 1647 
2363 1403 
2133 1633 
2455 1311 
2297 1469 
2175 1591 
2219 1547 
1795 1971 
1995 1771 
1735 2031 
1901 1865 
1989 1777 
2223 1543 
2223 1543 
1831 1935 
2155 1611 
2169 1597 
2237 1529 
2079 1687 
2169 1597 
1845 1921 
1943 1823 
1777 1989 
1987 1779 
2145 1621 
1987 1779 
2241 1525 
2131 1635 
2399 1367 
2173 1593 
2187 1579 
2423 1343 
2579 1187 
2551 1215 
2423 1343 
2361 1405 
2077 1689 
2409 1357 
2219 1547 
2191 1575 
2243 1523 
2347 1419 
2589 1177 
2283 1483 
1937 1829 
1937 1829 
2117 1649 
1809 1957 
2335 1431 
2193 1573 
2037 1729 
2539 1227 
2563 1203 
2255 1511 
2435 1331 
2419 1347 
2575 1191 
2293 1473 
2165 1601 
2549 1217 
2265 1501 
2151 1615 
2407 1359 
2407 1359 
2151 1615 
2125 1641 
2167 1599 
2381 1385 
2499 1267 
2499 1267 
2039 1727 
1997 1769 
2281 1485 
2281 1485 
2399 1367 
2441 1325 
2067 1699 
2107 1659 
2007 1759 
2391 1375 
2417 1349 
2135 1631 
2261 1505 
2279 1487 
2125 1641 
2379 1387 
2379 1387 
2225 1541 
2627 1139 
2627 1139 
2167 1599 
2321 1445 
2535 1231 
2535 1231 
2251 1515 
2653 1113 
2653 1113 
2251 1515 
2405 1361 
2431 1335 
2331 1435 
2347 1419 
2373 1393 
2305 1461 
2431 1335 
2189 1577 
1779 1987 
2089 1677 
2089 1677 
2181 1585 
2223 1543 
1721 2045 
1779 1987 
2189 1577 
1805 1961 
2307 1459 
2307 1459 
1847 1919 
2215 1551 
1933 1833 
1975 1791 
2367 1399 
2177 1589 
1881 1885 
1933 1833 
2137 1629 
2379 1387 
2113 1653 
2369 1397 
2211 1555 
1955 1811 
2073 1693 
2115 1651 
2329 1437 
2447 1319 
2447 1319 
2167 1599 
2125 1641 
1883 1883 
1883 1883 
2001 1765 
2043 1723 
1669 2097 
2379 1387 
1933 1833 
2137 1629 
2177 1589 
1881 1885 
2367 1399 
1895 1871 
1907 1859 
2341 1425 
2183 1583 
2353 1413 
2229 1537 
2229 1537 
1949 1817 
1937 1829 
1993 1773 
2151 1615 
2393 1373 
2269 1497 
2111 1655 
2393 1373 
2223 1543 
2055 1711 
1609 2157 
1769 1997 
1809 1957 
1727 2039 
2213 1553 
1443 2389 
2497 1269 
2253 1513 
2051 1715 
1893 1873 
2129 1637 
2171 1595 
1849 1917 
2253 1513 
2497 1269 
2293 1473 
2615 1151 
2457 1309 
2335 1431 
2379 1387 
2083 1683 
2283 1483 
2023 1743 
1677 2089 
1663 2103 
1437 2395 
1843 1923 
1509 2257 
2035 1731 
2277 1489 
2123 1643 
2109 1657 
2109 1657 
1955 1811 
2357 1409 
2357 1409 
1965 1801 
2119 1647 
2289 1477 
2289 1477 
1763 2003 
2165 1601 
2165 1601 
1763 2003 
1917 1849 
1931 1835 
1943 1823 
2123 1643 
1965 1801 
2135 1631 
2011 1755 
2011 1755 
1943 1823 
1931 1835 
1619 2147 
1777 1989 
2303 1463 
2179 1587 
2021 1745 
2303 1463 
2133 1633 
2077 1689 
1885 1881 
1551 2215 
1719 2047 
1705 2061 
2065 1701 
2121 1645 
1929 1837 
1919 1847 
2087 1679 
1919 1847 
2279 1487 
1995 1771 
2161 1605 
1803 1963 
2037 1729 
2037 1729 
1645 2121 
1969 1797 
2329 1437 
2397 1369 
2239 1527 
2329 1437 
2005 1761 
2161 1605 
1995 1771 
1991 1775 
2149 1617 
2247 1519 
2147 1619 
2375 1391 
2401 1365 
1929 1837 
2055 1711 
2391 1375 
1945 1821 
2173 1593 
2213 1553 
2073 1693 
2559 1207 
2307 1459 
2115 1651 
1961 1805 
2129 1637 
1987 1779 
2347 1419 
1919 1847 
2173 1593 
2265 1501 
2533 1233 
2391 1375 
2405 1361 
2363 1403 
2207 1559 
2349 1417 
2373 1393 
1939 1827 
2119 1647 
2171 1595 
1761 2005 
1903 1863 
1903 1863 
1995 1771 
2037 1729 
1535 2231 
1603 2163 
2013 1753 
1747 2019 
2249 1517 
2249 1517 
1789 1977 
2157 1609 
1927 1839 
1969 1797 
2517 1249 
2273 1493 
2263 1503 
2105 1661 
2341 1425 
2383 1383 
2061 1705 
2273 1493 
2517 1249 
2287 1479 
2609 1157 
2451 1315 
2329 1437 
2373 1393 
1949 1817 
2149 1617 
2119 1647 
2373 1393 
1939 1827 
2207 1559 
2349 1417 
2363 1403 
1979 1787 
2145 1621 
2233 1533 
2467 1299 
2467 1299 
2075 1691 
2399 1367 
2413 1353 
2481 1285 
2323 1443 
2413 1353 
2089 1677 
2187 1579 
2021 1745 
2231 1535 
2389 1377 
1949 1817 
2203 1563 
2093 1673 
2361 1405 
2135 1631 
2149 1617 
