1 2 4 3 10 8 5 11 6 7 9 
1 2 4 3 10 8 6 7 5 11 9 
1 2 4 3 10 8 6 11 5 7 9 
1 2 4 5 3 10 8 6 11 7 9 
1 2 4 5 7 11 6 8 10 3 9 
1 2 4 5 11 6 7 8 10 3 9 
1 2 4 5 11 7 6 8 10 3 9 
1 2 4 6 7 11 5 3 10 8 9 
1 2 4 6 7 11 5 8 10 3 9 
1 2 4 6 8 10 3 5 11 7 9 
1 2 4 6 11 5 3 10 8 7 9 
1 2 4 6 11 5 7 8 10 3 9 
1 2 4 6 11 7 5 3 10 8 9 
1 2 4 6 11 7 5 8 10 3 9 
1 2 4 7 5 11 6 8 10 3 9 
1 2 4 7 6 11 5 3 10 8 9 
1 2 4 7 6 11 5 8 10 3 9 
1 2 4 8 10 3 5 11 6 7 9 
1 2 4 11 5 3 10 8 6 7 9 
1 2 4 11 5 7 6 8 10 3 9 
1 2 4 11 6 7 5 3 10 8 9 
1 2 4 11 6 7 5 8 10 3 9 
1 2 4 11 6 8 10 3 5 7 9 
1 2 5 3 10 8 4 6 11 7 9 
1 2 5 3 10 8 4 11 6 7 9 
1 2 5 3 10 8 6 4 11 7 9 
1 2 5 3 10 8 6 7 11 4 9 
1 2 5 3 10 8 6 11 4 7 9 
1 2 5 3 10 8 6 11 7 4 9 
1 2 5 3 10 8 7 6 11 4 9 
1 2 5 3 10 8 7 11 6 4 9 
1 2 5 4 3 10 8 6 11 7 9 
1 2 5 4 6 11 7 8 10 3 9 
1 2 5 4 7 11 6 8 10 3 9 
1 2 5 4 11 6 7 8 10 3 9 
1 2 5 4 11 7 6 8 10 3 9 
1 2 5 7 4 11 6 8 10 3 9 
1 2 5 7 6 11 4 3 10 8 9 
1 2 5 7 6 11 4 8 10 3 9 
1 2 5 7 11 4 6 8 10 3 9 
1 2 5 7 11 6 4 3 10 8 9 
1 2 5 7 11 6 4 8 10 3 9 
1 2 5 7 11 6 8 10 3 4 9 
1 2 5 8 6 7 11 10 3 4 9 
1 2 5 8 10 3 4 6 11 7 9 
1 2 5 8 10 3 4 11 6 7 9 
1 2 5 11 3 10 8 6 7 4 9 
1 2 5 11 4 3 10 8 6 7 9 
1 2 5 11 4 6 7 8 10 3 9 
1 2 5 11 4 7 6 8 10 3 9 
1 2 5 11 6 4 3 10 8 7 9 
1 2 5 11 6 4 7 8 10 3 9 
1 2 5 11 6 7 4 3 10 8 9 
1 2 5 11 6 7 4 8 10 3 9 
1 2 5 11 6 7 8 10 3 4 9 
1 2 5 11 6 8 10 3 4 7 9 
1 2 5 11 7 4 6 8 10 3 9 
1 2 5 11 7 6 4 3 10 8 9 
1 2 5 11 7 6 4 8 10 3 9 
1 2 5 11 7 6 8 10 3 4 9 
1 2 6 4 3 10 8 5 11 7 9 
1 2 6 4 5 11 7 8 10 3 9 
1 2 6 4 7 11 5 3 10 8 9 
1 2 6 4 7 11 5 8 10 3 9 
1 2 6 4 8 10 3 5 11 7 9 
1 2 6 4 11 5 3 10 8 7 9 
1 2 6 4 11 5 7 8 10 3 9 
1 2 6 4 11 7 5 3 10 8 9 
1 2 6 4 11 7 5 8 10 3 9 
1 2 6 7 4 11 5 3 10 8 9 
1 2 6 7 4 11 5 8 10 3 9 
1 2 6 7 5 11 4 3 10 8 9 
1 2 6 7 5 11 4 8 10 3 9 
1 2 6 7 8 10 3 5 11 4 9 
1 2 6 7 11 4 5 3 10 8 9 
1 2 6 7 11 4 5 8 10 3 9 
1 2 6 7 11 5 3 10 8 4 9 
1 2 6 7 11 5 4 3 10 8 9 
1 2 6 7 11 5 4 8 10 3 9 
1 2 6 7 11 5 8 10 3 4 9 
1 2 6 8 10 3 4 5 11 7 9 
1 2 6 8 10 3 4 11 5 7 9 
1 2 6 8 10 3 5 4 11 7 9 
1 2 6 8 10 3 5 7 11 4 9 
1 2 6 8 10 3 5 11 4 7 9 
1 2 6 8 10 3 5 11 7 4 9 
1 2 6 11 4 3 10 8 5 7 9 
1 2 6 11 4 5 3 8 10 7 9 
1 2 6 11 4 5 3 10 8 7 9 
1 2 6 11 4 5 7 8 10 3 9 
1 2 6 11 4 7 5 3 10 8 9 
1 2 6 11 4 7 5 8 10 3 9 
1 2 6 11 4 8 10 3 5 7 9 
1 2 6 11 5 3 10 8 4 7 9 
1 2 6 11 5 3 10 8 7 4 9 
1 2 6 11 5 4 3 10 8 7 9 
1 2 6 11 5 4 7 8 10 3 9 
1 2 6 11 5 7 4 3 10 8 9 
1 2 6 11 5 7 4 8 10 3 9 
1 2 6 11 5 7 8 10 3 4 9 
1 2 6 11 5 8 10 3 4 7 9 
1 2 6 11 7 4 5 3 10 8 9 
1 2 6 11 7 4 5 8 10 3 9 
1 2 6 11 7 5 3 10 8 4 9 
1 2 6 11 7 5 4 3 10 8 9 
1 2 6 11 7 5 4 8 10 3 9 
1 2 6 11 7 5 8 10 3 4 9 
1 2 6 11 7 8 10 3 5 4 9 
1 2 10 3 4 5 7 11 6 8 9 
1 2 10 3 4 5 8 6 11 7 9 
1 2 10 3 4 5 11 6 7 8 9 
1 2 10 3 4 5 11 6 8 7 9 
1 2 10 3 4 5 11 7 6 8 9 
1 2 10 3 4 6 7 11 5 8 9 
1 2 10 3 4 6 8 5 11 7 9 
1 2 10 3 4 6 11 5 7 8 9 
1 2 10 3 4 6 11 5 8 7 9 
1 2 10 3 4 6 11 7 5 8 9 
1 2 10 3 4 7 5 11 6 8 9 
1 2 10 3 4 7 6 11 5 8 9 
1 2 10 3 4 8 5 11 6 7 9 
1 2 10 3 4 8 6 11 5 7 9 
1 2 10 3 4 11 5 7 6 8 9 
1 2 10 3 4 11 5 8 6 7 9 
1 2 10 3 4 11 6 7 5 8 9 
1 2 10 3 4 11 6 8 5 7 9 
1 2 10 3 5 4 6 11 7 8 9 
1 2 10 3 5 4 7 11 6 8 9 
1 2 10 3 5 4 8 6 11 7 9 
1 2 10 3 5 4 11 6 7 8 9 
1 2 10 3 5 4 11 6 8 7 9 
1 2 10 3 5 4 11 7 6 8 9 
1 2 10 3 5 7 4 11 6 8 9 
1 2 10 3 5 7 6 11 4 8 9 
1 2 10 3 5 7 8 6 11 4 9 
1 2 10 3 5 7 11 4 6 8 9 
1 2 10 3 5 7 11 6 4 8 9 
1 2 10 3 5 7 11 6 8 4 9 
1 2 10 3 5 8 4 6 11 7 9 
1 2 10 3 5 8 4 11 6 7 9 
1 2 10 3 5 8 6 4 11 7 9 
1 2 10 3 5 8 6 7 11 4 9 
1 2 10 3 5 8 6 11 4 7 9 
1 2 10 3 5 8 6 11 7 4 9 
1 2 10 3 5 8 7 6 11 4 9 
1 2 10 3 5 8 7 11 6 4 9 
1 2 10 3 5 11 4 6 7 8 9 
1 2 10 3 5 11 4 6 8 7 9 
1 2 10 3 5 11 4 7 6 8 9 
1 2 10 3 5 11 4 8 6 7 9 
1 2 10 3 5 11 6 4 7 8 9 
1 2 10 3 5 11 6 4 8 7 9 
1 2 10 3 5 11 6 7 4 8 9 
1 2 10 3 5 11 6 7 8 4 9 
1 2 10 3 5 11 6 8 4 7 9 
1 2 10 3 5 11 6 8 7 4 9 
1 2 10 3 5 11 7 4 6 8 9 
1 2 10 3 5 11 7 6 4 8 9 
1 2 10 3 5 11 7 6 8 4 9 
1 2 10 3 5 11 7 8 6 4 9 
1 2 10 3 8 4 5 11 6 7 9 
1 2 10 3 8 4 6 11 5 7 9 
1 2 10 3 8 5 4 6 11 7 9 
1 2 10 3 8 5 4 11 6 7 9 
1 2 10 3 8 5 7 6 11 4 9 
1 2 10 3 8 5 7 11 6 4 9 
1 2 10 3 8 5 11 4 6 7 9 
1 2 10 3 8 5 11 6 4 7 9 
1 2 10 3 8 5 11 6 7 4 9 
1 2 10 3 8 5 11 7 6 4 9 
1 2 10 3 8 6 4 5 11 7 9 
1 2 10 3 8 6 4 11 5 7 9 
1 2 10 3 8 6 7 5 11 4 9 
1 2 10 3 8 6 7 11 5 4 9 
1 2 10 3 8 6 11 4 5 7 9 
1 2 10 3 8 6 11 5 4 7 9 
1 2 10 3 8 6 11 5 7 4 9 
1 2 10 3 8 6 11 7 5 4 9 
1 2 10 3 8 7 5 11 6 4 9 
1 2 10 3 8 7 6 11 5 4 9 
1 2 10 8 3 4 5 11 6 7 9 
1 2 10 8 3 4 6 11 5 7 9 
1 2 10 8 3 5 4 6 11 7 9 
1 2 10 8 3 5 4 11 6 7 9 
1 2 10 8 3 5 7 6 11 4 9 
1 2 10 8 3 5 7 11 6 4 9 
1 2 10 8 3 5 11 4 6 7 9 
1 2 10 8 3 5 11 6 4 7 9 
1 2 10 8 3 5 11 6 7 4 9 
1 2 10 8 3 5 11 7 6 4 9 
1 2 10 8 4 3 5 11 6 7 9 
1 2 10 8 4 6 7 11 5 3 9 
1 2 10 8 4 6 11 7 5 3 9 
1 2 10 8 4 7 6 11 5 3 9 
1 2 10 8 4 11 6 7 5 3 9 
1 2 10 8 5 3 4 6 11 7 9 
1 2 10 8 5 3 4 11 6 7 9 
1 2 10 8 5 7 6 11 4 3 9 
1 2 10 8 5 7 11 6 4 3 9 
1 2 10 8 5 11 6 7 4 3 9 
1 2 10 8 5 11 7 6 4 3 9 
1 2 10 8 6 4 3 5 11 7 9 
1 2 10 8 6 4 7 11 5 3 9 
1 2 10 8 6 4 11 7 5 3 9 
1 2 10 8 6 7 4 11 5 3 9 
1 2 10 8 6 7 5 11 4 3 9 
1 2 10 8 6 7 11 4 5 3 9 
1 2 10 8 6 7 11 5 3 4 9 
1 2 10 8 6 7 11 5 4 3 9 
1 2 10 8 6 11 4 3 5 7 9 
1 2 10 8 6 11 4 7 5 3 9 
1 2 10 8 6 11 5 3 4 7 9 
1 2 10 8 6 11 5 7 4 3 9 
1 2 10 8 6 11 7 4 5 3 9 
1 2 10 8 6 11 7 5 3 4 9 
1 2 10 8 6 11 7 5 4 3 9 
1 2 10 8 7 4 6 11 5 3 9 
1 2 10 8 7 5 11 6 4 3 9 
1 2 10 8 7 6 4 11 5 3 9 
1 2 10 8 7 6 11 4 5 3 9 
1 2 10 8 7 6 11 5 3 4 9 
1 2 10 8 7 6 11 5 4 3 9 
1 2 10 8 7 11 6 4 5 3 9 
1 2 11 4 5 3 10 8 6 7 9 
1 2 11 4 5 7 6 8 10 3 9 
1 2 11 4 6 7 5 3 10 8 9 
1 2 11 4 6 7 5 8 10 3 9 
1 2 11 4 6 8 10 3 5 7 9 
1 2 11 5 3 10 8 4 6 7 9 
1 2 11 5 3 10 8 6 4 7 9 
1 2 11 5 3 10 8 6 7 4 9 
1 2 11 5 3 10 8 7 6 4 9 
1 2 11 5 4 3 10 8 6 7 9 
1 2 11 5 4 6 7 8 10 3 9 
1 2 11 5 4 7 6 8 10 3 9 
1 2 11 5 7 4 6 8 10 3 9 
1 2 11 5 7 6 4 3 10 8 9 
1 2 11 5 7 6 4 8 10 3 9 
1 2 11 5 7 6 8 10 3 4 9 
1 2 11 5 8 10 3 4 6 7 9 
1 2 11 6 4 3 10 8 5 7 9 
1 2 11 6 4 5 3 10 8 7 9 
1 2 11 6 4 5 7 8 10 3 9 
1 2 11 6 4 7 5 3 10 8 9 
1 2 11 6 4 7 5 8 10 3 9 
1 2 11 6 4 8 10 3 5 7 9 
1 2 11 6 5 4 7 8 10 3 9 
1 2 11 6 7 4 5 3 10 8 9 
1 2 11 6 7 4 5 8 10 3 9 
1 2 11 6 7 5 3 10 8 4 9 
1 2 11 6 7 5 4 3 10 8 9 
1 2 11 6 7 5 4 8 10 3 9 
1 2 11 6 7 5 8 10 3 4 9 
1 2 11 6 7 8 10 3 5 4 9 
1 2 11 6 8 10 3 4 5 7 9 
1 2 11 6 8 10 3 5 4 7 9 
1 2 11 6 8 10 3 5 7 4 9 
1 2 11 7 5 3 10 8 6 4 9 
1 2 11 7 5 4 6 8 10 3 9 
1 2 11 7 6 4 5 3 10 8 9 
1 2 11 7 6 4 5 8 10 3 9 
1 2 11 7 6 8 10 3 5 4 9 
0
999 1710 
885 1980 
999 1710 
1191 1326 
1134 1440 
1151 1406 
1002 1704 
959 1790 
891 1926 
948 1812 
1097 1514 
1040 1628 
1091 1526 
1023 1662 
1013 1682 
1081 1546 
1013 1682 
1067 1574 
1011 1686 
954 1800 
1154 1400 
1086 1536 
1143 1422 
1031 1646 
1094 1520 
975 1758 
925 1858 
1097 1514 
984 1740 
1074 1560 
1011 1686 
1074 1560 
1115 1478 
1088 1532 
1178 1352 
1029 1650 
1040 1628 
1037 1634 
1037 1634 
918 1872 
974 1760 
974 1760 
913 1882 
772 2360 
963 1782 
1026 1656 
839 2072 
894 1920 
935 1838 
908 1892 
980 1748 
994 1720 
964 1780 
964 1780 
930 1848 
953 1802 
845 2018 
842 2024 
842 2024 
781 2146 
974 1760 
1126 1456 
1056 1596 
988 1732 
1042 1624 
1135 1438 
1078 1552 
1129 1450 
1061 1586 
1119 1470 
1051 1606 
1048 1612 
1048 1612 
1085 1538 
1240 1228 
1172 1364 
992 1724 
1096 1516 
1096 1516 
924 1860 
1085 1538 
1037 1634 
1229 1250 
1068 1572 
1108 1492 
995 1718 
1169 1370 
1490 924 
1378 952 
1321 1066 
1251 1206 
1183 1342 
1237 1234 
1164 1380 
1144 1420 
1234 1240 
1248 1212 
1107 1494 
1107 1494 
1073 1562 
1096 1516 
1299 1110 
1231 1246 
1124 1460 
1228 1252 
1228 1252 
1056 1596 
1265 1178 
1094 1520 
1083 1542 
1111 1486 
1100 1508 
962 1784 
851 2006 
840 2028 
1000 1708 
989 1730 
983 1742 
973 1762 
973 1762 
959 1790 
959 1790 
914 1880 
903 1902 
1046 1616 
1035 1638 
1192 1324 
1165 1378 
1151 1406 
1255 1198 
1244 1220 
1106 1496 
1117 1474 
1114 1480 
1083 1542 
995 1718 
1051 1606 
990 1728 
1040 1628 
1103 1502 
984 1740 
934 1840 
1106 1496 
993 1722 
1083 1542 
1020 1668 
1012 1684 
1001 1706 
985 1738 
971 1766 
1071 1566 
1057 1594 
1041 1626 
1007 1694 
1030 1648 
1010 1688 
922 1864 
919 1870 
858 1992 
888 1932 
1131 1446 
1020 1668 
1144 1420 
1207 1294 
1046 1616 
983 1742 
964 1780 
1023 1662 
973 1762 
851 2006 
1012 1684 
964 1780 
914 1880 
962 1784 
1207 1294 
1134 1440 
973 1762 
1094 1520 
1000 1708 
1111 1486 
1131 1446 
1020 1668 
1212 1284 
1275 1158 
1114 1480 
1051 1606 
1032 1644 
1091 1526 
1041 1626 
919 1870 
1027 1654 
919 1870 
1051 1606 
1041 1626 
1114 1480 
1040 1628 
1103 1502 
1046 1616 
983 1742 
973 1762 
851 2006 
908 1892 
922 1864 
995 1718 
985 1738 
914 1880 
1106 1496 
858 1992 
962 1784 
1103 1502 
1117 1474 
1030 1648 
973 1762 
1165 1378 
990 1728 
1094 1520 
1071 1566 
1000 1708 
1012 1684 
1255 1198 
1007 1694 
1111 1486 
1192 1324 
1191 1326 
1134 1440 
1091 1526 
1023 1662 
1080 1548 
1004 1700 
1007 1694 
957 1794 
984 1740 
1047 1614 
1088 1532 
1061 1586 
950 1808 
947 1814 
947 1814 
886 1936 
936 1836 
1068 1572 
1277 1154 
1220 1268 
1150 1408 
1082 1544 
1136 1436 
1358 1064 
1261 1186 
1193 1322 
1086 1536 
1190 1328 
1190 1328 
1018 1672 
1227 1254 
1179 1350 
1250 1208 
1089 1530 
967 1774 
1071 1566 
1139 1430 
1071 1566 
1078 1552 
