0 1286 69 1414 1368 1241 1220 1461 1190 82 1413 
1286 0 322 64 320 80 294 298 320 4 298 
69 322 0 64 80 104 92 342 314 302 322 
1414 64 64 0 190 242 130 190 190 132 64 
1368 320 80 190 0 252 384 342 320 190 342 
1241 80 104 242 252 0 384 80 236 198 80 
1220 294 92 130 384 384 0 260 298 82 322 
1461 298 342 190 342 80 260 0 322 42 298 
1190 320 314 190 320 236 298 322 0 16 194 
82 4 302 132 190 198 82 42 16 0 262 
1413 298 322 64 342 80 322 298 194 262 0 

0 1539 152 1461 1359 1509 1261 1410 1259 43 1541 
1539 0 140 58 80 276 106 102 80 396 102 
152 140 0 58 320 296 308 78 86 98 140 
1461 58 58 0 210 158 270 210 210 268 58 
1359 80 320 210 0 148 16 58 80 210 58 
1509 276 296 158 148 0 16 276 86 202 276 
1261 106 308 270 16 16 0 140 102 318 78 
1410 102 78 210 58 276 140 0 78 358 102 
1259 80 86 210 80 86 102 78 0 384 206 
43 396 98 268 210 202 318 358 384 0 138 
1541 102 140 58 58 276 78 102 206 138 0 
