1 2 3 5 4 6 11 10 7 9 8 
1 2 3 5 4 9 7 6 11 10 8 
1 2 3 5 4 10 11 6 7 9 8 
1 2 3 5 4 11 6 7 9 10 8 
1 2 3 5 4 11 6 7 10 9 8 
1 2 3 5 4 11 6 9 7 10 8 
1 2 3 5 4 11 6 10 7 9 8 
1 2 3 5 4 11 10 6 7 9 8 
1 2 3 5 4 11 10 7 6 9 8 
1 2 3 5 6 4 11 10 7 9 8 
1 2 3 5 6 7 9 4 11 10 8 
1 2 3 5 6 7 10 11 4 9 8 
1 2 3 5 6 11 4 9 7 10 8 
1 2 3 5 6 11 4 10 7 9 8 
1 2 3 5 7 6 4 11 10 9 8 
1 2 3 5 7 6 9 4 11 10 8 
1 2 3 5 7 6 10 11 4 9 8 
1 2 3 5 7 6 11 4 9 10 8 
1 2 3 5 7 6 11 4 10 9 8 
1 2 3 5 7 6 11 10 4 9 8 
1 2 3 5 7 9 4 6 11 10 8 
1 2 3 5 7 9 4 11 6 10 8 
1 2 3 5 7 9 6 4 11 10 8 
1 2 3 5 7 9 6 11 4 10 8 
1 2 3 5 7 10 4 11 6 9 8 
1 2 3 5 7 10 6 11 4 9 8 
1 2 3 5 7 10 11 4 6 9 8 
1 2 3 5 7 10 11 6 4 9 8 
1 2 3 5 10 4 11 6 7 9 8 
1 2 3 5 10 7 6 11 4 9 8 
1 2 3 5 10 11 4 6 7 9 8 
1 2 3 5 11 4 6 7 9 10 8 
1 2 3 5 11 4 6 7 10 9 8 
1 2 3 5 11 4 6 9 7 10 8 
1 2 3 5 11 4 6 10 7 9 8 
1 2 3 5 11 4 9 6 7 10 8 
1 2 3 5 11 4 9 7 6 10 8 
1 2 3 5 11 4 10 6 7 9 8 
1 2 3 5 11 4 10 7 6 9 8 
1 2 3 5 11 6 4 9 7 10 8 
1 2 3 5 11 6 4 10 7 9 8 
1 2 3 5 11 6 7 9 4 10 8 
1 2 3 5 11 6 7 10 4 9 8 
1 2 3 5 11 10 4 6 7 9 8 
1 2 3 5 11 10 7 6 4 9 8 
1 2 3 6 4 5 11 10 7 9 8 
1 2 3 6 4 9 7 5 11 10 8 
1 2 3 6 4 10 11 5 7 9 8 
1 2 3 6 4 11 5 7 9 10 8 
1 2 3 6 4 11 5 7 10 9 8 
1 2 3 6 4 11 5 10 7 9 8 
1 2 3 6 4 11 10 5 7 9 8 
1 2 3 6 5 4 11 10 7 9 8 
1 2 3 6 5 7 9 4 11 10 8 
1 2 3 6 5 7 10 11 4 9 8 
1 2 3 6 5 11 4 9 7 10 8 
1 2 3 6 5 11 4 10 7 9 8 
1 2 3 6 7 5 4 11 10 9 8 
1 2 3 6 7 5 10 11 4 9 8 
1 2 3 6 7 5 11 4 9 10 8 
1 2 3 6 7 5 11 4 10 9 8 
1 2 3 6 7 5 11 10 4 9 8 
1 2 3 6 7 9 4 5 11 10 8 
1 2 3 6 7 9 4 11 5 10 8 
1 2 3 6 7 10 5 11 4 9 8 
1 2 3 6 7 10 11 5 4 9 8 
1 2 3 6 9 4 11 5 7 10 8 
1 2 3 6 9 7 5 4 11 10 8 
1 2 3 6 9 7 5 11 4 10 8 
1 2 3 6 10 4 11 5 7 9 8 
1 2 3 6 10 7 5 11 4 9 8 
1 2 3 6 10 11 4 5 7 9 8 
1 2 3 6 11 4 5 7 9 10 8 
1 2 3 6 11 4 5 7 10 9 8 
1 2 3 6 11 4 5 10 7 9 8 
1 2 3 6 11 4 9 7 5 10 8 
1 2 3 6 11 4 10 5 7 9 8 
1 2 3 6 11 5 4 9 7 10 8 
1 2 3 6 11 5 4 10 7 9 8 
1 2 3 6 11 5 7 9 4 10 8 
1 2 3 6 11 5 7 10 4 9 8 
1 2 3 6 11 10 4 5 7 9 8 
1 2 3 6 11 10 7 5 4 9 8 
1 2 3 9 4 5 7 6 11 10 8 
1 2 3 9 4 5 11 6 7 10 8 
1 2 3 9 4 6 7 5 11 10 8 
1 2 3 9 4 6 11 5 7 10 8 
1 2 3 9 4 11 5 6 7 10 8 
1 2 3 9 4 11 5 7 6 10 8 
1 2 3 9 4 11 6 5 7 10 8 
1 2 3 9 4 11 6 7 5 10 8 
1 2 3 9 6 4 11 5 7 10 8 
1 2 3 9 6 7 5 4 11 10 8 
1 2 3 9 6 7 5 11 4 10 8 
1 2 3 9 6 11 4 5 7 10 8 
1 2 3 9 7 5 4 6 11 10 8 
1 2 3 9 7 5 4 11 6 10 8 
1 2 3 9 7 5 6 4 11 10 8 
1 2 3 9 7 5 6 11 4 10 8 
1 2 3 9 7 5 11 4 6 10 8 
1 2 3 9 7 5 11 6 4 10 8 
1 2 3 9 7 6 4 5 11 10 8 
1 2 3 9 7 6 4 11 5 10 8 
1 2 3 9 7 6 5 4 11 10 8 
1 2 3 9 7 6 5 11 4 10 8 
1 2 3 9 7 6 11 4 5 10 8 
1 2 3 9 7 6 11 5 4 10 8 
1 2 3 10 4 5 11 6 7 9 8 
1 2 3 10 4 6 11 5 7 9 8 
1 2 3 10 4 11 5 6 7 9 8 
1 2 3 10 4 11 5 7 6 9 8 
1 2 3 10 4 11 6 5 7 9 8 
1 2 3 10 5 4 11 6 7 9 8 
1 2 3 10 5 7 6 11 4 9 8 
1 2 3 10 5 11 4 6 7 9 8 
1 2 3 10 6 4 11 5 7 9 8 
1 2 3 10 6 7 5 11 4 9 8 
1 2 3 10 6 11 4 5 7 9 8 
1 2 3 10 7 5 4 11 6 9 8 
1 2 3 10 7 5 6 11 4 9 8 
1 2 3 10 7 5 11 4 6 9 8 
1 2 3 10 7 5 11 6 4 9 8 
1 2 3 10 7 6 5 11 4 9 8 
1 2 3 10 7 6 11 5 4 9 8 
1 2 3 10 11 4 5 6 7 9 8 
1 2 3 10 11 4 5 7 6 9 8 
1 2 3 10 11 4 6 5 7 9 8 
1 2 3 10 11 5 4 6 7 9 8 
1 2 3 10 11 5 7 6 4 9 8 
1 2 3 10 11 6 4 5 7 9 8 
1 2 3 10 11 6 7 5 4 9 8 
1 2 3 11 4 5 6 7 9 10 8 
1 2 3 11 4 5 6 7 10 9 8 
1 2 3 11 4 5 6 9 7 10 8 
1 2 3 11 4 5 6 10 7 9 8 
1 2 3 11 4 5 7 6 9 10 8 
1 2 3 11 4 5 7 6 10 9 8 
1 2 3 11 4 5 7 9 6 10 8 
1 2 3 11 4 5 7 10 6 9 8 
1 2 3 11 4 5 10 6 7 9 8 
1 2 3 11 4 5 10 7 6 9 8 
1 2 3 11 4 6 5 7 9 10 8 
1 2 3 11 4 6 5 7 10 9 8 
1 2 3 11 4 6 5 10 7 9 8 
1 2 3 11 4 6 7 5 10 9 8 
1 2 3 11 4 6 9 7 5 10 8 
1 2 3 11 4 6 10 5 7 9 8 
1 2 3 11 4 9 6 5 7 10 8 
1 2 3 11 4 9 6 7 5 10 8 
1 2 3 11 4 9 7 5 6 10 8 
1 2 3 11 4 9 7 6 5 10 8 
1 2 3 11 4 10 5 6 7 9 8 
1 2 3 11 4 10 5 7 6 9 8 
1 2 3 11 4 10 6 5 7 9 8 
1 2 3 11 4 10 7 5 6 9 8 
1 2 3 11 5 4 6 7 9 10 8 
1 2 3 11 5 4 6 7 10 9 8 
1 2 3 11 5 4 6 9 7 10 8 
1 2 3 11 5 4 6 10 7 9 8 
1 2 3 11 5 4 9 6 7 10 8 
1 2 3 11 5 4 9 7 6 10 8 
1 2 3 11 5 4 10 6 7 9 8 
1 2 3 11 5 4 10 7 6 9 8 
1 2 3 11 5 6 4 9 7 10 8 
1 2 3 11 5 6 4 10 7 9 8 
1 2 3 11 5 6 7 9 4 10 8 
1 2 3 11 5 6 7 10 4 9 8 
1 2 3 11 5 7 6 4 9 10 8 
1 2 3 11 5 7 6 4 10 9 8 
1 2 3 11 5 7 6 9 4 10 8 
1 2 3 11 5 7 6 10 4 9 8 
1 2 3 11 5 7 9 4 6 10 8 
1 2 3 11 5 7 9 6 4 10 8 
1 2 3 11 5 7 10 4 6 9 8 
1 2 3 11 5 7 10 6 4 9 8 
1 2 3 11 5 10 4 6 7 9 8 
1 2 3 11 5 10 7 6 4 9 8 
1 2 3 11 6 4 5 7 9 10 8 
1 2 3 11 6 4 5 7 10 9 8 
1 2 3 11 6 4 5 10 7 9 8 
1 2 3 11 6 4 9 7 5 10 8 
1 2 3 11 6 4 10 5 7 9 8 
1 2 3 11 6 4 10 7 5 9 8 
1 2 3 11 6 5 4 9 7 10 8 
1 2 3 11 6 5 4 10 7 9 8 
1 2 3 11 6 5 7 9 4 10 8 
1 2 3 11 6 5 7 10 4 9 8 
1 2 3 11 6 7 5 4 9 10 8 
1 2 3 11 6 7 5 4 10 9 8 
1 2 3 11 6 7 5 10 4 9 8 
1 2 3 11 6 7 9 4 5 10 8 
1 2 3 11 6 7 10 5 4 9 8 
1 2 3 11 6 9 4 5 7 10 8 
1 2 3 11 6 9 7 5 4 10 8 
1 2 3 11 6 10 4 5 7 9 8 
1 2 3 11 6 10 7 5 4 9 8 
1 2 3 11 9 5 6 4 7 10 8 
1 2 3 11 10 4 5 6 7 9 8 
1 2 3 11 10 4 5 7 6 9 8 
1 2 3 11 10 4 6 5 7 9 8 
1 2 3 11 10 5 4 6 7 9 8 
1 2 3 11 10 5 7 6 4 9 8 
1 2 3 11 10 6 4 5 7 9 8 
1 2 3 11 10 6 7 5 4 9 8 
1 2 3 11 10 7 4 6 5 9 8 
1 2 3 11 10 7 5 4 6 9 8 
1 2 3 11 10 7 5 6 4 9 8 
1 2 3 11 10 7 6 5 4 9 8 
1 2 4 3 6 9 7 5 11 10 8 
1 2 4 5 3 6 7 9 10 11 8 
1 2 4 5 3 6 9 7 10 11 8 
1 2 4 5 3 6 9 7 11 10 8 
1 2 4 5 3 6 11 10 7 9 8 
1 2 4 5 3 9 7 6 11 10 8 
1 2 4 5 3 10 11 6 7 9 8 
1 2 4 5 3 11 6 7 9 10 8 
1 2 4 5 3 11 6 7 10 9 8 
1 2 4 5 3 11 6 9 7 10 8 
1 2 4 5 3 11 6 10 7 9 8 
1 2 4 5 3 11 10 6 7 9 8 
1 2 4 5 3 11 10 7 6 9 8 
1 2 4 5 6 3 11 10 7 9 8 
1 2 4 5 6 7 9 3 11 10 8 
1 2 4 5 6 7 9 10 11 3 8 
1 2 4 5 6 7 10 11 3 9 8 
1 2 4 5 6 9 7 10 11 3 8 
1 2 4 5 6 11 3 9 7 10 8 
1 2 4 5 6 11 3 10 7 9 8 
1 2 4 5 6 11 10 7 9 3 8 
1 2 4 5 7 6 3 11 10 9 8 
1 2 4 5 7 6 9 3 11 10 8 
1 2 4 5 7 6 9 10 11 3 8 
1 2 4 5 7 6 10 11 3 9 8 
1 2 4 5 7 6 11 3 9 10 8 
1 2 4 5 7 6 11 3 10 9 8 
1 2 4 5 7 6 11 10 3 9 8 
1 2 4 5 7 6 11 10 9 3 8 
1 2 4 5 7 9 3 6 11 10 8 
1 2 4 5 7 9 3 11 6 10 8 
1 2 4 5 7 9 6 3 11 10 8 
1 2 4 5 7 9 6 10 11 3 8 
1 2 4 5 7 9 6 11 3 10 8 
1 2 4 5 7 9 6 11 10 3 8 
1 2 4 5 7 9 10 6 11 3 8 
1 2 4 5 7 9 10 11 6 3 8 
1 2 4 5 7 10 3 11 6 9 8 
1 2 4 5 7 10 6 11 3 9 8 
1 2 4 5 7 10 9 6 11 3 8 
1 2 4 5 7 10 11 3 6 9 8 
1 2 4 5 7 10 11 6 3 9 8 
1 2 4 5 7 10 11 6 9 3 8 
1 2 4 5 10 3 11 6 7 9 8 
1 2 4 5 10 7 6 11 3 9 8 
1 2 4 5 10 7 9 6 11 3 8 
1 2 4 5 10 9 7 6 11 3 8 
1 2 4 5 10 11 3 6 7 9 8 
1 2 4 5 10 11 6 7 9 3 8 
1 2 4 5 11 3 6 7 9 10 8 
1 2 4 5 11 3 6 7 10 9 8 
1 2 4 5 11 3 6 9 7 10 8 
1 2 4 5 11 3 6 10 7 9 8 
1 2 4 5 11 3 9 6 7 10 8 
1 2 4 5 11 3 9 7 6 10 8 
1 2 4 5 11 3 10 6 7 9 8 
1 2 4 5 11 3 10 7 6 9 8 
1 2 4 5 11 6 3 9 7 10 8 
1 2 4 5 11 6 3 10 7 9 8 
1 2 4 5 11 6 7 9 3 10 8 
1 2 4 5 11 6 7 9 10 3 8 
1 2 4 5 11 6 7 10 3 9 8 
1 2 4 5 11 6 7 10 9 3 8 
1 2 4 5 11 6 9 7 10 3 8 
1 2 4 5 11 6 10 7 9 3 8 
1 2 4 5 11 10 3 6 7 9 8 
1 2 4 5 11 10 3 6 9 7 8 
1 2 4 5 11 10 6 7 9 3 8 
1 2 4 5 11 10 7 6 3 9 8 
1 2 4 5 11 10 7 6 9 3 8 
1 2 4 5 11 10 7 9 6 3 8 
1 2 4 5 11 10 9 7 6 3 8 
1 2 4 6 3 5 11 10 7 9 8 
1 2 4 6 3 9 7 5 11 10 8 
1 2 4 6 3 10 11 5 7 9 8 
1 2 4 6 3 11 5 7 9 10 8 
1 2 4 6 3 11 5 7 10 9 8 
1 2 4 6 3 11 5 10 7 9 8 
1 2 4 6 3 11 10 5 7 9 8 
1 2 4 6 5 3 11 10 7 9 8 
1 2 4 6 5 7 9 3 11 10 8 
1 2 4 6 5 7 9 10 11 3 8 
1 2 4 6 5 7 10 11 3 9 8 
1 2 4 6 5 9 11 3 7 10 8 
1 2 4 6 5 11 3 9 7 10 8 
1 2 4 6 5 11 3 10 7 9 8 
1 2 4 6 5 11 10 7 9 3 8 
1 2 4 6 7 5 3 11 10 9 8 
1 2 4 6 7 5 10 11 3 9 8 
1 2 4 6 7 5 11 3 9 10 8 
1 2 4 6 7 5 11 3 10 9 8 
1 2 4 6 7 5 11 10 3 9 8 
1 2 4 6 7 5 11 10 9 3 8 
1 2 4 6 7 9 3 5 11 10 8 
1 2 4 6 7 9 3 11 5 10 8 
1 2 4 6 7 9 10 5 11 3 8 
1 2 4 6 7 9 10 11 5 3 8 
1 2 4 6 7 10 5 11 3 9 8 
1 2 4 6 7 10 11 5 3 9 8 
1 2 4 6 9 3 11 5 7 10 8 
1 2 4 6 9 7 5 3 11 10 8 
1 2 4 6 9 7 5 10 11 3 8 
1 2 4 6 9 7 5 11 3 10 8 
1 2 4 6 9 7 5 11 10 3 8 
1 2 4 6 9 7 10 5 11 3 8 
1 2 4 6 9 7 10 11 5 3 8 
1 2 4 6 9 10 7 5 11 3 8 
1 2 4 6 10 3 11 5 7 9 8 
1 2 4 6 10 7 5 11 3 9 8 
1 2 4 6 10 9 7 5 11 3 8 
1 2 4 6 10 11 3 5 7 9 8 
1 2 4 6 10 11 5 7 9 3 8 
1 2 4 6 11 3 5 7 9 10 8 
1 2 4 6 11 3 5 7 10 9 8 
1 2 4 6 11 3 5 10 7 9 8 
1 2 4 6 11 3 9 5 7 10 8 
1 2 4 6 11 3 9 7 5 10 8 
1 2 4 6 11 3 10 5 7 9 8 
1 2 4 6 11 5 3 9 7 10 8 
1 2 4 6 11 5 3 10 7 9 8 
1 2 4 6 11 5 7 9 3 10 8 
1 2 4 6 11 5 7 9 10 3 8 
1 2 4 6 11 5 7 10 3 9 8 
1 2 4 6 11 5 7 10 9 3 8 
1 2 4 6 11 5 10 7 9 3 8 
1 2 4 6 11 10 3 5 7 9 8 
1 2 4 6 11 10 5 7 3 9 8 
1 2 4 6 11 10 5 7 9 3 8 
1 2 4 6 11 10 7 5 3 9 8 
1 2 4 6 11 10 9 7 5 3 8 
1 2 4 9 3 5 7 6 11 10 8 
1 2 4 9 3 5 11 6 7 10 8 
1 2 4 9 3 6 7 5 11 10 8 
1 2 4 9 3 6 11 5 7 10 8 
1 2 4 9 3 11 5 6 7 10 8 
1 2 4 9 3 11 5 7 6 10 8 
1 2 4 9 3 11 6 5 7 10 8 
1 2 4 9 3 11 6 7 5 10 8 
1 2 4 9 6 3 11 5 7 10 8 
1 2 4 9 6 5 7 10 11 3 8 
1 2 4 9 6 7 5 3 11 10 8 
1 2 4 9 6 7 5 10 11 3 8 
1 2 4 9 6 7 5 11 3 10 8 
1 2 4 9 6 7 5 11 10 3 8 
1 2 4 9 6 7 10 5 11 3 8 
1 2 4 9 6 7 10 11 5 3 8 
1 2 4 9 6 10 7 5 11 3 8 
1 2 4 9 6 11 3 5 7 10 8 
1 2 4 9 6 11 5 7 10 3 8 
1 2 4 9 6 11 10 7 5 3 8 
1 2 4 9 7 5 3 6 11 10 8 
1 2 4 9 7 5 3 11 6 10 8 
1 2 4 9 7 5 6 3 11 10 8 
1 2 4 9 7 5 6 10 11 3 8 
1 2 4 9 7 5 6 11 3 10 8 
1 2 4 9 7 5 6 11 10 3 8 
1 2 4 9 7 5 10 6 11 3 8 
1 2 4 9 7 5 10 11 6 3 8 
1 2 4 9 7 5 11 3 6 10 8 
1 2 4 9 7 5 11 6 3 10 8 
1 2 4 9 7 5 11 6 10 3 8 
1 2 4 9 7 5 11 10 6 3 8 
1 2 4 9 7 6 3 5 11 10 8 
1 2 4 9 7 6 3 11 5 10 8 
1 2 4 9 7 6 5 3 11 10 8 
1 2 4 9 7 6 5 10 11 3 8 
1 2 4 9 7 6 5 11 3 10 8 
1 2 4 9 7 6 5 11 10 3 8 
1 2 4 9 7 6 10 5 11 3 8 
1 2 4 9 7 6 10 11 5 3 8 
1 2 4 9 7 6 11 3 5 10 8 
1 2 4 9 7 6 11 5 3 10 8 
1 2 4 9 7 6 11 5 10 3 8 
1 2 4 9 7 6 11 10 5 3 8 
1 2 4 9 7 10 5 6 11 3 8 
1 2 4 9 7 10 5 11 6 3 8 
1 2 4 9 7 10 6 5 11 3 8 
1 2 4 9 7 10 6 11 5 3 8 
1 2 4 9 7 10 11 5 6 3 8 
1 2 4 9 7 10 11 6 5 3 8 
1 2 4 9 10 5 7 6 11 3 8 
1 2 4 9 10 6 7 5 11 3 8 
1 2 4 9 10 7 5 6 11 3 8 
1 2 4 9 10 7 5 11 6 3 8 
1 2 4 9 10 7 6 5 11 3 8 
1 2 4 9 10 7 6 11 5 3 8 
1 2 4 9 10 11 5 7 6 3 8 
1 2 4 9 10 11 6 7 5 3 8 
1 2 4 10 3 5 11 6 7 9 8 
1 2 4 10 3 6 11 5 7 9 8 
1 2 4 10 3 11 5 6 7 9 8 
1 2 4 10 3 11 5 7 6 9 8 
1 2 4 10 3 11 6 5 7 9 8 
1 2 4 10 5 3 11 6 7 9 8 
1 2 4 10 5 7 6 11 3 9 8 
1 2 4 10 5 7 9 6 11 3 8 
1 2 4 10 5 11 3 6 7 9 8 
1 2 4 10 5 11 6 7 9 3 8 
1 2 4 10 6 3 11 5 7 9 8 
1 2 4 10 6 7 5 11 3 9 8 
1 2 4 10 6 9 7 5 11 3 8 
1 2 4 10 6 11 3 5 7 9 8 
1 2 4 10 6 11 5 7 9 3 8 
1 2 4 10 7 5 3 11 6 9 8 
1 2 4 10 7 5 6 11 3 9 8 
1 2 4 10 7 5 11 3 6 9 8 
1 2 4 10 7 5 11 6 3 9 8 
1 2 4 10 7 5 11 6 9 3 8 
1 2 4 10 7 6 5 11 3 9 8 
1 2 4 10 7 6 11 5 3 9 8 
1 2 4 10 7 9 6 5 11 3 8 
1 2 4 10 7 9 6 11 5 3 8 
1 2 4 10 9 6 7 5 11 3 8 
1 2 4 10 9 7 5 6 11 3 8 
1 2 4 10 9 7 5 11 6 3 8 
1 2 4 10 9 7 6 5 11 3 8 
1 2 4 10 9 7 6 11 5 3 8 
1 2 4 10 11 3 5 6 7 9 8 
1 2 4 10 11 3 5 7 6 9 8 
1 2 4 10 11 3 6 5 7 9 8 
1 2 4 10 11 5 3 6 7 9 8 
1 2 4 10 11 5 6 7 9 3 8 
1 2 4 10 11 5 7 6 3 9 8 
1 2 4 10 11 5 7 6 9 3 8 
1 2 4 10 11 5 7 9 6 3 8 
1 2 4 10 11 6 3 5 7 9 8 
1 2 4 10 11 6 5 7 9 3 8 
1 2 4 10 11 6 7 5 3 9 8 
1 2 4 10 11 6 9 7 5 3 8 
1 2 4 11 3 5 6 7 9 10 8 
1 2 4 11 3 5 6 7 10 9 8 
1 2 4 11 3 5 6 9 7 10 8 
1 2 4 11 3 5 6 10 7 9 8 
1 2 4 11 3 5 7 6 9 10 8 
1 2 4 11 3 5 7 6 10 9 8 
1 2 4 11 3 5 7 9 6 10 8 
1 2 4 11 3 5 7 10 6 9 8 
1 2 4 11 3 5 10 6 7 9 8 
1 2 4 11 3 5 10 7 6 9 8 
1 2 4 11 3 6 5 7 9 10 8 
1 2 4 11 3 6 5 7 10 9 8 
1 2 4 11 3 6 5 10 7 9 8 
1 2 4 11 3 6 7 5 10 9 8 
1 2 4 11 3 6 9 7 5 10 8 
1 2 4 11 3 6 10 5 7 9 8 
1 2 4 11 3 9 6 5 7 10 8 
1 2 4 11 3 9 6 7 5 10 8 
1 2 4 11 3 9 7 5 6 10 8 
1 2 4 11 3 9 7 6 5 10 8 
1 2 4 11 3 10 5 6 7 9 8 
1 2 4 11 3 10 5 7 6 9 8 
1 2 4 11 3 10 6 5 7 9 8 
1 2 4 11 3 10 7 5 6 9 8 
1 2 4 11 5 3 6 7 9 10 8 
1 2 4 11 5 3 6 7 10 9 8 
1 2 4 11 5 3 6 9 7 10 8 
1 2 4 11 5 3 6 10 7 9 8 
1 2 4 11 5 3 6 10 9 7 8 
1 2 4 11 5 3 9 6 7 10 8 
1 2 4 11 5 3 9 7 6 10 8 
1 2 4 11 5 3 10 6 7 9 8 
1 2 4 11 5 3 10 7 6 9 8 
1 2 4 11 5 6 3 9 7 10 8 
1 2 4 11 5 6 3 10 7 9 8 
1 2 4 11 5 6 7 9 3 10 8 
1 2 4 11 5 6 7 9 10 3 8 
1 2 4 11 5 6 7 10 3 9 8 
1 2 4 11 5 6 7 10 9 3 8 
1 2 4 11 5 6 9 7 10 3 8 
1 2 4 11 5 6 10 7 9 3 8 
1 2 4 11 5 7 6 3 9 10 8 
1 2 4 11 5 7 6 3 10 9 8 
1 2 4 11 5 7 6 9 3 10 8 
1 2 4 11 5 7 6 9 10 3 8 
1 2 4 11 5 7 6 10 3 9 8 
1 2 4 11 5 7 6 10 9 3 8 
1 2 4 11 5 7 9 3 6 10 8 
1 2 4 11 5 7 9 6 3 10 8 
1 2 4 11 5 7 9 6 10 3 8 
1 2 4 11 5 7 9 10 6 3 8 
1 2 4 11 5 7 10 3 6 9 8 
1 2 4 11 5 7 10 6 3 9 8 
1 2 4 11 5 7 10 6 9 3 8 
1 2 4 11 5 7 10 9 6 3 8 
1 2 4 11 5 10 3 6 7 9 8 
1 2 4 11 5 10 6 7 9 3 8 
1 2 4 11 5 10 7 6 3 9 8 
1 2 4 11 5 10 7 6 9 3 8 
1 2 4 11 5 10 7 9 6 3 8 
1 2 4 11 5 10 9 7 6 3 8 
1 2 4 11 6 3 5 7 9 10 8 
1 2 4 11 6 3 5 7 10 9 8 
1 2 4 11 6 3 5 10 7 9 8 
1 2 4 11 6 3 9 7 5 10 8 
1 2 4 11 6 3 10 5 7 9 8 
1 2 4 11 6 5 3 9 7 10 8 
1 2 4 11 6 5 3 10 7 9 8 
1 2 4 11 6 5 7 9 3 10 8 
1 2 4 11 6 5 7 9 10 3 8 
1 2 4 11 6 5 7 10 3 9 8 
1 2 4 11 6 5 7 10 9 3 8 
1 2 4 11 6 5 10 7 9 3 8 
1 2 4 11 6 7 5 3 9 10 8 
1 2 4 11 6 7 5 3 10 9 8 
1 2 4 11 6 7 5 10 3 9 8 
1 2 4 11 6 7 5 10 9 3 8 
1 2 4 11 6 7 9 3 5 10 8 
1 2 4 11 6 7 9 10 5 3 8 
1 2 4 11 6 7 10 5 3 9 8 
1 2 4 11 6 9 3 5 7 10 8 
1 2 4 11 6 9 7 5 3 10 8 
1 2 4 11 6 9 7 5 10 3 8 
1 2 4 11 6 9 7 10 5 3 8 
1 2 4 11 6 9 10 7 5 3 8 
1 2 4 11 6 10 3 5 7 9 8 
1 2 4 11 6 10 5 7 9 3 8 
1 2 4 11 6 10 7 5 3 9 8 
1 2 4 11 6 10 9 7 5 3 8 
1 2 4 11 10 3 5 6 7 9 8 
1 2 4 11 10 3 5 7 6 9 8 
1 2 4 11 10 3 6 5 7 9 8 
1 2 4 11 10 5 3 6 7 9 8 
1 2 4 11 10 5 6 7 9 3 8 
1 2 4 11 10 5 7 6 3 9 8 
1 2 4 11 10 5 7 6 9 3 8 
1 2 4 11 10 5 7 9 6 3 8 
1 2 4 11 10 6 3 5 7 9 8 
1 2 4 11 10 6 5 7 9 3 8 
1 2 4 11 10 6 7 5 3 9 8 
1 2 4 11 10 6 9 7 5 3 8 
1 2 4 11 10 7 5 3 6 9 8 
1 2 4 11 10 7 5 6 3 9 8 
1 2 4 11 10 7 5 6 9 3 8 
1 2 4 11 10 7 6 5 3 9 8 
1 2 4 11 10 7 9 6 5 3 8 
1 2 4 11 10 9 6 7 5 3 8 
1 2 4 11 10 9 7 5 6 3 8 
1 2 4 11 10 9 7 6 5 3 8 
1 2 7 3 10 5 6 11 4 9 8 
1 2 7 3 10 5 11 6 4 9 8 
1 2 7 3 11 5 6 10 4 9 8 
1 2 7 3 11 6 5 10 4 9 8 
1 2 7 3 11 9 5 6 4 10 8 
1 2 7 3 11 10 4 6 5 9 8 
1 2 7 3 11 10 5 6 4 9 8 
1 2 7 4 6 5 9 11 3 10 8 
1 2 7 5 3 6 4 11 10 9 8 
1 2 7 5 3 6 9 4 11 10 8 
1 2 7 5 3 6 10 11 4 9 8 
1 2 7 5 3 6 11 4 9 10 8 
1 2 7 5 3 6 11 4 10 9 8 
1 2 7 5 3 6 11 10 4 9 8 
1 2 7 5 3 9 4 6 11 10 8 
1 2 7 5 3 9 4 11 6 10 8 
1 2 7 5 3 9 6 4 11 10 8 
1 2 7 5 3 9 6 11 4 10 8 
1 2 7 5 3 10 4 11 6 9 8 
1 2 7 5 3 10 6 11 4 9 8 
1 2 7 5 3 10 11 4 6 9 8 
1 2 7 5 3 10 11 6 4 9 8 
1 2 7 5 3 11 4 6 9 10 8 
1 2 7 5 3 11 4 6 10 9 8 
1 2 7 5 3 11 4 9 6 10 8 
1 2 7 5 3 11 4 10 6 9 8 
1 2 7 5 3 11 6 4 9 10 8 
1 2 7 5 3 11 6 4 10 9 8 
1 2 7 5 3 11 6 9 4 10 8 
1 2 7 5 3 11 6 10 4 9 8 
1 2 7 5 3 11 10 4 6 9 8 
1 2 7 5 3 11 10 6 4 9 8 
1 2 7 5 4 6 3 11 10 9 8 
1 2 7 5 4 6 9 3 11 10 8 
1 2 7 5 4 6 9 10 11 3 8 
1 2 7 5 4 6 10 11 3 9 8 
1 2 7 5 4 6 11 3 9 10 8 
1 2 7 5 4 6 11 3 10 9 8 
1 2 7 5 4 6 11 10 3 9 8 
1 2 7 5 4 6 11 10 9 3 8 
1 2 7 5 4 9 3 6 11 10 8 
1 2 7 5 4 9 3 11 6 10 8 
1 2 7 5 4 9 6 3 11 10 8 
1 2 7 5 4 9 6 10 11 3 8 
1 2 7 5 4 9 6 11 3 10 8 
1 2 7 5 4 9 6 11 10 3 8 
1 2 7 5 4 9 10 6 11 3 8 
1 2 7 5 4 9 10 11 6 3 8 
1 2 7 5 4 10 3 11 6 9 8 
1 2 7 5 4 10 6 11 3 9 8 
1 2 7 5 4 10 9 6 11 3 8 
1 2 7 5 4 10 11 3 6 9 8 
1 2 7 5 4 10 11 6 3 9 8 
1 2 7 5 4 10 11 6 9 3 8 
1 2 7 5 4 11 3 6 9 10 8 
1 2 7 5 4 11 3 6 10 9 8 
1 2 7 5 4 11 3 9 6 10 8 
1 2 7 5 4 11 3 10 6 9 8 
1 2 7 5 4 11 6 3 9 10 8 
1 2 7 5 4 11 6 3 10 9 8 
1 2 7 5 4 11 6 9 3 10 8 
1 2 7 5 4 11 6 9 10 3 8 
1 2 7 5 4 11 6 10 3 9 8 
1 2 7 5 4 11 6 10 9 3 8 
1 2 7 5 4 11 10 3 6 9 8 
1 2 7 5 4 11 10 6 3 9 8 
1 2 7 5 4 11 10 6 9 3 8 
1 2 7 5 4 11 10 9 6 3 8 
1 2 7 5 6 3 9 4 11 10 8 
1 2 7 5 6 3 10 11 4 9 8 
1 2 7 5 6 3 11 4 9 10 8 
1 2 7 5 6 3 11 4 10 9 8 
1 2 7 5 6 3 11 10 4 9 8 
1 2 7 5 6 4 9 3 11 10 8 
1 2 7 5 6 4 9 10 11 3 8 
1 2 7 5 6 4 9 11 3 10 8 
1 2 7 5 6 4 10 3 11 9 8 
1 2 7 5 6 4 10 9 11 3 8 
1 2 7 5 6 4 10 11 3 9 8 
1 2 7 5 6 4 11 3 9 10 8 
1 2 7 5 6 4 11 3 10 9 8 
1 2 7 5 6 4 11 10 3 9 8 
1 2 7 5 6 4 11 10 9 3 8 
1 2 7 5 6 9 3 11 4 10 8 
1 2 7 5 6 9 4 10 11 3 8 
1 2 7 5 6 9 4 11 3 10 8 
1 2 7 5 6 9 4 11 10 3 8 
1 2 7 5 6 9 10 4 11 3 8 
1 2 7 5 6 10 3 11 4 9 8 
1 2 7 5 6 10 4 11 3 9 8 
1 2 7 5 6 10 9 4 11 3 8 
1 2 7 5 6 10 11 4 9 3 8 
1 2 7 5 6 11 3 9 4 10 8 
1 2 7 5 6 11 3 10 4 9 8 
1 2 7 5 6 11 4 9 3 10 8 
1 2 7 5 6 11 4 9 10 3 8 
1 2 7 5 6 11 4 10 3 9 8 
1 2 7 5 6 11 4 10 9 3 8 
1 2 7 5 6 11 10 4 9 3 8 
1 2 7 5 9 3 11 6 4 10 8 
1 2 7 5 9 4 6 11 3 10 8 
1 2 7 5 9 10 4 6 11 3 8 
1 2 7 5 10 3 6 11 4 9 8 
1 2 7 5 10 3 11 4 6 9 8 
1 2 7 5 10 3 11 6 4 9 8 
1 2 7 5 10 4 6 11 3 9 8 
1 2 7 5 10 4 9 6 11 3 8 
1 2 7 5 10 4 11 3 6 9 8 
1 2 7 5 10 4 11 6 3 9 8 
1 2 7 5 10 4 11 6 9 3 8 
1 2 7 5 10 6 3 11 4 9 8 
1 2 7 5 10 6 4 11 3 9 8 
1 2 7 5 10 6 9 4 11 3 8 
1 2 7 5 10 6 11 4 9 3 8 
1 2 7 5 10 9 4 6 11 3 8 
1 2 7 5 10 9 4 11 6 3 8 
1 2 7 5 10 9 6 4 11 3 8 
1 2 7 5 10 11 3 6 4 9 8 
1 2 7 5 10 11 4 6 3 9 8 
1 2 7 5 10 11 4 6 9 3 8 
1 2 7 5 10 11 4 9 6 3 8 
1 2 7 5 10 11 6 4 3 9 8 
1 2 7 5 10 11 6 4 9 3 8 
1 2 7 5 11 3 6 4 9 10 8 
1 2 7 5 11 3 6 4 10 9 8 
1 2 7 5 11 3 6 9 4 10 8 
1 2 7 5 11 3 6 10 4 9 8 
1 2 7 5 11 3 9 4 6 10 8 
1 2 7 5 11 3 9 6 4 10 8 
1 2 7 5 11 3 10 4 6 9 8 
1 2 7 5 11 3 10 6 4 9 8 
1 2 7 5 11 4 6 3 9 10 8 
1 2 7 5 11 4 6 3 10 9 8 
1 2 7 5 11 4 6 9 3 10 8 
1 2 7 5 11 4 6 9 10 3 8 
1 2 7 5 11 4 6 10 3 9 8 
1 2 7 5 11 4 6 10 9 3 8 
1 2 7 5 11 4 9 3 6 10 8 
1 2 7 5 11 4 9 6 3 10 8 
1 2 7 5 11 4 9 6 10 3 8 
1 2 7 5 11 4 9 10 6 3 8 
1 2 7 5 11 4 10 3 6 9 8 
1 2 7 5 11 4 10 6 3 9 8 
1 2 7 5 11 4 10 6 9 3 8 
1 2 7 5 11 4 10 9 6 3 8 
1 2 7 5 11 6 3 9 4 10 8 
1 2 7 5 11 6 3 10 4 9 8 
1 2 7 5 11 6 4 9 3 10 8 
1 2 7 5 11 6 4 9 10 3 8 
1 2 7 5 11 6 4 10 3 9 8 
1 2 7 5 11 6 4 10 9 3 8 
1 2 7 5 11 6 9 4 10 3 8 
1 2 7 5 11 6 10 4 9 3 8 
1 2 7 5 11 10 3 6 4 9 8 
1 2 7 5 11 10 4 6 3 9 8 
1 2 7 5 11 10 4 6 9 3 8 
1 2 7 5 11 10 4 9 6 3 8 
1 2 7 5 11 10 6 4 9 3 8 
1 2 7 5 11 10 9 4 6 3 8 
1 2 7 6 3 5 4 11 10 9 8 
1 2 7 6 3 5 10 11 4 9 8 
1 2 7 6 3 5 11 4 9 10 8 
1 2 7 6 3 5 11 4 10 9 8 
1 2 7 6 3 5 11 10 4 9 8 
1 2 7 6 3 9 4 5 11 10 8 
1 2 7 6 3 9 4 11 5 10 8 
1 2 7 6 3 10 5 11 4 9 8 
1 2 7 6 3 10 11 5 4 9 8 
1 2 7 6 3 11 4 5 10 9 8 
1 2 7 6 3 11 5 4 9 10 8 
1 2 7 6 3 11 5 4 10 9 8 
1 2 7 6 3 11 5 10 4 9 8 
1 2 7 6 3 11 10 5 4 9 8 
1 2 7 6 4 5 3 11 10 9 8 
1 2 7 6 4 5 10 11 3 9 8 
1 2 7 6 4 5 11 3 9 10 8 
1 2 7 6 4 5 11 3 10 9 8 
1 2 7 6 4 5 11 10 3 9 8 
1 2 7 6 4 5 11 10 9 3 8 
1 2 7 6 4 9 3 5 11 10 8 
1 2 7 6 4 9 3 11 5 10 8 
1 2 7 6 4 9 10 5 11 3 8 
1 2 7 6 4 9 10 11 5 3 8 
1 2 7 6 4 10 5 11 3 9 8 
1 2 7 6 4 10 11 5 3 9 8 
1 2 7 6 4 11 3 5 10 9 8 
1 2 7 6 4 11 5 3 9 10 8 
1 2 7 6 4 11 5 3 10 9 8 
1 2 7 6 4 11 5 10 3 9 8 
1 2 7 6 4 11 5 10 9 3 8 
1 2 7 6 4 11 10 5 3 9 8 
1 2 7 6 5 3 9 4 11 10 8 
1 2 7 6 5 3 10 11 4 9 8 
1 2 7 6 5 3 11 4 9 10 8 
1 2 7 6 5 3 11 4 10 9 8 
1 2 7 6 5 3 11 10 4 9 8 
1 2 7 6 5 4 9 3 11 10 8 
1 2 7 6 5 4 9 10 11 3 8 
1 2 7 6 5 4 10 11 3 9 8 
1 2 7 6 5 4 11 3 9 10 8 
1 2 7 6 5 4 11 3 10 9 8 
1 2 7 6 5 4 11 10 3 9 8 
1 2 7 6 5 4 11 10 9 3 8 
1 2 7 6 5 10 3 11 4 9 8 
1 2 7 6 5 10 4 11 3 9 8 
1 2 7 6 5 10 9 4 11 3 8 
1 2 7 6 5 10 11 4 9 3 8 
1 2 7 6 5 11 3 9 4 10 8 
1 2 7 6 5 11 3 10 4 9 8 
1 2 7 6 5 11 4 9 3 10 8 
1 2 7 6 5 11 4 9 10 3 8 
1 2 7 6 5 11 4 10 3 9 8 
1 2 7 6 5 11 4 10 9 3 8 
1 2 7 6 5 11 10 4 9 3 8 
1 2 7 6 9 3 5 4 11 10 8 
1 2 7 6 9 3 5 11 4 10 8 
1 2 7 6 9 3 11 4 5 10 8 
1 2 7 6 9 3 11 5 4 10 8 
1 2 7 6 9 4 5 3 11 10 8 
1 2 7 6 9 4 5 10 11 3 8 
1 2 7 6 9 4 5 11 3 10 8 
1 2 7 6 9 4 5 11 10 3 8 
1 2 7 6 9 4 10 5 11 3 8 
1 2 7 6 9 4 10 11 5 3 8 
1 2 7 6 9 4 11 3 5 10 8 
1 2 7 6 9 4 11 5 3 10 8 
1 2 7 6 9 4 11 5 10 3 8 
1 2 7 6 9 4 11 10 5 3 8 
1 2 7 6 9 10 4 5 11 3 8 
1 2 7 6 9 10 4 11 5 3 8 
1 2 7 6 9 10 5 4 11 3 8 
1 2 7 6 9 10 11 4 5 3 8 
1 2 7 6 10 3 5 11 4 9 8 
1 2 7 6 10 3 11 5 4 9 8 
1 2 7 6 10 4 5 11 3 9 8 
1 2 7 6 10 4 11 5 3 9 8 
1 2 7 6 10 5 3 11 4 9 8 
1 2 7 6 10 5 4 11 3 9 8 
1 2 7 6 10 5 11 4 9 3 8 
1 2 7 6 10 9 4 5 11 3 8 
1 2 7 6 10 9 4 11 5 3 8 
1 2 7 6 10 11 3 5 4 9 8 
1 2 7 6 10 11 4 5 3 9 8 
1 2 7 6 10 11 5 4 9 3 8 
1 2 7 6 11 3 5 4 9 10 8 
1 2 7 6 11 3 5 4 10 9 8 
1 2 7 6 11 3 5 10 4 9 8 
1 2 7 6 11 3 9 4 5 10 8 
1 2 7 6 11 3 10 5 4 9 8 
1 2 7 6 11 4 5 3 9 10 8 
1 2 7 6 11 4 5 3 10 9 8 
1 2 7 6 11 4 5 10 3 9 8 
1 2 7 6 11 4 5 10 9 3 8 
1 2 7 6 11 4 9 3 5 10 8 
1 2 7 6 11 4 9 10 5 3 8 
1 2 7 6 11 4 10 5 3 9 8 
1 2 7 6 11 5 3 9 4 10 8 
1 2 7 6 11 5 3 10 4 9 8 
1 2 7 6 11 5 4 9 3 10 8 
1 2 7 6 11 5 4 9 10 3 8 
1 2 7 6 11 5 4 10 3 9 8 
1 2 7 6 11 5 4 10 9 3 8 
1 2 7 6 11 5 10 4 9 3 8 
1 2 7 6 11 10 3 5 4 9 8 
1 2 7 6 11 10 4 5 3 9 8 
1 2 7 6 11 10 5 4 9 3 8 
1 2 7 6 11 10 9 4 5 3 8 
1 2 7 9 3 5 4 6 11 10 8 
1 2 7 9 3 5 4 11 6 10 8 
1 2 7 9 3 5 6 4 11 10 8 
1 2 7 9 3 5 6 11 4 10 8 
1 2 7 9 3 5 11 4 6 10 8 
1 2 7 9 3 5 11 6 4 10 8 
1 2 7 9 3 6 4 5 11 10 8 
1 2 7 9 3 6 4 11 5 10 8 
1 2 7 9 3 6 5 4 11 10 8 
1 2 7 9 3 6 5 11 4 10 8 
1 2 7 9 3 6 11 4 5 10 8 
1 2 7 9 3 6 11 5 4 10 8 
1 2 7 9 3 11 4 5 6 10 8 
1 2 7 9 3 11 4 6 5 10 8 
1 2 7 9 3 11 5 4 6 10 8 
1 2 7 9 3 11 5 6 4 10 8 
1 2 7 9 3 11 6 4 5 10 8 
1 2 7 9 3 11 6 5 4 10 8 
1 2 7 9 4 5 3 6 11 10 8 
1 2 7 9 4 5 3 11 6 10 8 
1 2 7 9 4 5 6 3 11 10 8 
1 2 7 9 4 5 6 10 11 3 8 
1 2 7 9 4 5 6 11 3 10 8 
1 2 7 9 4 5 6 11 10 3 8 
1 2 7 9 4 5 10 6 11 3 8 
1 2 7 9 4 5 10 11 6 3 8 
1 2 7 9 4 5 11 3 6 10 8 
1 2 7 9 4 5 11 6 3 10 8 
1 2 7 9 4 5 11 6 10 3 8 
1 2 7 9 4 5 11 10 6 3 8 
1 2 7 9 4 6 3 5 11 10 8 
1 2 7 9 4 6 3 11 5 10 8 
1 2 7 9 4 6 5 3 11 10 8 
1 2 7 9 4 6 5 10 11 3 8 
1 2 7 9 4 6 5 11 3 10 8 
1 2 7 9 4 6 5 11 10 3 8 
1 2 7 9 4 6 10 5 11 3 8 
1 2 7 9 4 6 10 11 5 3 8 
1 2 7 9 4 6 11 3 5 10 8 
1 2 7 9 4 6 11 5 3 10 8 
1 2 7 9 4 6 11 5 10 3 8 
1 2 7 9 4 6 11 10 5 3 8 
1 2 7 9 4 10 5 6 11 3 8 
1 2 7 9 4 10 5 11 6 3 8 
1 2 7 9 4 10 6 5 11 3 8 
1 2 7 9 4 10 6 11 5 3 8 
1 2 7 9 4 10 11 5 6 3 8 
1 2 7 9 4 10 11 6 5 3 8 
1 2 7 9 4 11 3 5 6 10 8 
1 2 7 9 4 11 3 6 5 10 8 
1 2 7 9 4 11 5 3 6 10 8 
1 2 7 9 4 11 5 6 3 10 8 
1 2 7 9 4 11 5 6 10 3 8 
1 2 7 9 4 11 5 10 6 3 8 
1 2 7 9 4 11 6 3 5 10 8 
1 2 7 9 4 11 6 5 3 10 8 
1 2 7 9 4 11 6 5 10 3 8 
1 2 7 9 4 11 6 10 5 3 8 
1 2 7 9 4 11 10 5 6 3 8 
1 2 7 9 4 11 10 6 5 3 8 
1 2 7 9 5 10 4 6 11 3 8 
1 2 7 9 6 3 5 4 11 10 8 
1 2 7 9 6 3 5 11 4 10 8 
1 2 7 9 6 3 11 4 5 10 8 
1 2 7 9 6 3 11 5 4 10 8 
1 2 7 9 6 4 5 3 11 10 8 
1 2 7 9 6 4 5 10 11 3 8 
1 2 7 9 6 4 5 11 3 10 8 
1 2 7 9 6 4 5 11 10 3 8 
1 2 7 9 6 4 10 5 11 3 8 
1 2 7 9 6 4 10 11 5 3 8 
1 2 7 9 6 4 11 3 5 10 8 
1 2 7 9 6 4 11 5 3 10 8 
1 2 7 9 6 4 11 5 10 3 8 
1 2 7 9 6 4 11 10 5 3 8 
1 2 7 9 6 5 3 11 4 10 8 
1 2 7 9 6 5 4 10 11 3 8 
1 2 7 9 6 5 4 11 3 10 8 
1 2 7 9 6 5 4 11 10 3 8 
1 2 7 9 6 5 10 4 11 3 8 
1 2 7 9 6 5 11 4 10 3 8 
1 2 7 9 6 10 4 5 11 3 8 
1 2 7 9 6 10 4 11 5 3 8 
1 2 7 9 6 10 5 4 11 3 8 
1 2 7 9 6 10 11 4 5 3 8 
1 2 7 9 6 11 3 5 4 10 8 
1 2 7 9 6 11 4 5 3 10 8 
1 2 7 9 6 11 4 5 10 3 8 
1 2 7 9 6 11 4 10 5 3 8 
1 2 7 9 6 11 5 4 10 3 8 
1 2 7 9 6 11 10 4 5 3 8 
1 2 7 9 10 4 5 6 11 3 8 
1 2 7 9 10 4 5 11 6 3 8 
1 2 7 9 10 4 6 5 11 3 8 
1 2 7 9 10 4 6 11 5 3 8 
1 2 7 9 10 4 11 5 6 3 8 
1 2 7 9 10 4 11 6 5 3 8 
1 2 7 9 10 5 4 6 11 3 8 
1 2 7 9 10 5 4 11 6 3 8 
1 2 7 9 10 5 6 4 11 3 8 
1 2 7 9 10 5 11 4 6 3 8 
1 2 7 9 10 6 3 5 4 11 8 
1 2 7 9 10 6 4 5 11 3 8 
1 2 7 9 10 6 4 11 5 3 8 
1 2 7 9 10 6 5 4 11 3 8 
1 2 7 9 10 6 11 4 5 3 8 
1 2 7 9 10 11 4 5 6 3 8 
1 2 7 9 10 11 4 6 5 3 8 
1 2 7 9 10 11 5 4 6 3 8 
1 2 7 9 10 11 6 4 5 3 8 
1 2 7 10 3 5 4 11 6 9 8 
1 2 7 10 3 5 6 11 4 9 8 
1 2 7 10 3 5 11 4 6 9 8 
1 2 7 10 3 5 11 6 4 9 8 
1 2 7 10 3 6 5 11 4 9 8 
1 2 7 10 3 6 11 5 4 9 8 
1 2 7 10 3 11 4 5 6 9 8 
1 2 7 10 3 11 4 6 5 9 8 
1 2 7 10 3 11 5 4 6 9 8 
1 2 7 10 3 11 5 6 4 9 8 
1 2 7 10 3 11 6 5 4 9 8 
1 2 7 10 4 5 3 11 6 9 8 
1 2 7 10 4 5 6 11 3 9 8 
1 2 7 10 4 5 11 3 6 9 8 
1 2 7 10 4 5 11 6 3 9 8 
1 2 7 10 4 5 11 6 9 3 8 
1 2 7 10 4 6 5 3 11 9 8 
1 2 7 10 4 6 5 9 11 3 8 
1 2 7 10 4 6 5 11 3 9 8 
1 2 7 10 4 6 11 3 5 9 8 
1 2 7 10 4 6 11 5 3 9 8 
1 2 7 10 4 9 5 6 11 3 8 
1 2 7 10 4 9 6 5 11 3 8 
1 2 7 10 4 9 6 11 5 3 8 
1 2 7 10 4 11 3 5 6 9 8 
1 2 7 10 4 11 5 3 6 9 8 
1 2 7 10 4 11 5 6 3 9 8 
1 2 7 10 4 11 5 6 9 3 8 
1 2 7 10 4 11 6 5 3 9 8 
1 2 7 10 5 3 6 11 4 9 8 
1 2 7 10 5 3 11 4 6 9 8 
1 2 7 10 5 3 11 6 4 9 8 
1 2 7 10 5 4 6 11 3 9 8 
1 2 7 10 5 4 9 6 11 3 8 
1 2 7 10 5 4 11 3 6 9 8 
1 2 7 10 5 4 11 6 3 9 8 
1 2 7 10 5 4 11 6 9 3 8 
1 2 7 10 5 6 3 11 4 9 8 
1 2 7 10 5 6 4 9 11 3 8 
1 2 7 10 5 6 4 11 3 9 8 
1 2 7 10 5 6 9 4 11 3 8 
1 2 7 10 5 6 11 4 9 3 8 
1 2 7 10 5 9 4 6 11 3 8 
1 2 7 10 5 11 3 6 4 9 8 
1 2 7 10 5 11 4 6 3 9 8 
1 2 7 10 5 11 4 6 9 3 8 
1 2 7 10 5 11 4 9 6 3 8 
1 2 7 10 5 11 6 4 9 3 8 
1 2 7 10 6 3 5 11 4 9 8 
1 2 7 10 6 3 11 5 4 9 8 
1 2 7 10 6 4 5 11 3 9 8 
1 2 7 10 6 4 11 5 3 9 8 
1 2 7 10 6 5 3 11 4 9 8 
1 2 7 10 6 5 4 11 3 9 8 
1 2 7 10 6 5 11 4 9 3 8 
1 2 7 10 6 9 4 5 11 3 8 
1 2 7 10 6 9 4 11 5 3 8 
1 2 7 10 6 11 3 5 4 9 8 
1 2 7 10 6 11 4 5 3 9 8 
1 2 7 10 6 11 5 4 9 3 8 
1 2 7 10 9 4 5 6 11 3 8 
1 2 7 10 9 4 5 11 6 3 8 
1 2 7 10 9 4 6 5 11 3 8 
1 2 7 10 9 4 6 11 5 3 8 
1 2 7 10 9 4 11 5 6 3 8 
1 2 7 10 9 4 11 6 5 3 8 
1 2 7 10 9 6 4 5 11 3 8 
1 2 7 10 9 6 4 11 5 3 8 
1 2 7 10 9 6 5 4 11 3 8 
1 2 7 10 9 6 11 4 5 3 8 
1 2 7 10 11 3 4 6 5 9 8 
1 2 7 10 11 3 5 4 6 9 8 
1 2 7 10 11 3 5 6 4 9 8 
1 2 7 10 11 3 6 5 4 9 8 
1 2 7 10 11 4 5 3 6 9 8 
1 2 7 10 11 4 5 6 3 9 8 
1 2 7 10 11 4 5 6 9 3 8 
1 2 7 10 11 4 6 5 3 9 8 
1 2 7 10 11 4 9 6 5 3 8 
1 2 7 10 11 5 3 6 4 9 8 
1 2 7 10 11 5 4 6 3 9 8 
1 2 7 10 11 5 4 6 9 3 8 
1 2 7 10 11 5 4 9 6 3 8 
1 2 7 10 11 5 6 4 9 3 8 
1 2 7 10 11 6 3 5 4 9 8 
1 2 7 10 11 6 4 5 3 9 8 
1 2 7 10 11 6 5 4 9 3 8 
1 2 7 10 11 6 9 4 5 3 8 
1 2 11 4 3 5 7 9 6 10 8 
1 2 11 4 5 3 6 7 9 10 8 
1 2 11 4 5 3 6 7 10 9 8 
1 2 11 4 5 3 6 9 7 10 8 
1 2 11 4 5 3 6 10 7 9 8 
1 2 11 4 5 3 6 10 9 7 8 
1 2 11 4 5 3 7 6 9 10 8 
1 2 11 4 5 7 9 6 3 10 8 
1 2 11 4 5 7 9 10 6 3 8 
1 2 11 4 5 10 9 7 6 3 8 
1 2 11 5 4 3 6 7 9 10 8 
1 2 11 5 4 3 6 9 7 10 8 
1 2 11 5 4 3 6 10 7 9 8 
1 2 11 5 4 3 6 10 9 7 8 
1 2 11 5 4 9 7 6 3 10 8 
1 2 11 5 4 10 9 7 6 3 8 
1 2 11 6 3 5 4 7 9 10 8 
1 2 11 10 4 5 3 6 7 9 8 
1 2 11 10 6 3 4 5 7 9 8 
0
3753 1256 
4253 1156 
4138 1179 
4493 1108 
4128 1181 
4388 1129 
4183 1170 
4598 1087 
4438 1119 
3533 1300 
4033 1200 
3668 1273 
3618 1283 
3503 1306 
3913 1224 
4308 1145 
4103 1186 
3998 1207 
3883 1230 
3643 1278 
3623 1282 
4053 1196 
4173 1172 
4143 1178 
3778 1251 
3688 1269 
3808 1245 
3258 1355 
3893 1228 
3643 1278 
3923 1222 
4273 1152 
3908 1225 
4168 1173 
3963 1214 
4303 1146 
4463 1114 
4348 1137 
4188 1169 
3618 1283 
3503 1306 
4003 1206 
3638 1279 
3918 1223 
3668 1273 
4203 1166 
4073 1192 
3958 1215 
4313 1144 
3948 1217 
3958 1215 
3963 1214 
4203 1166 
4073 1192 
3708 1265 
4068 1193 
3953 1216 
4583 1090 
4098 1187 
4448 1117 
4333 1140 
4093 1188 
4703 1066 
4458 1115 
4093 1188 
4338 1139 
4343 1138 
4843 1038 
4593 1088 
4388 1129 
4138 1179 
4638 1079 
4533 1100 
4168 1173 
4178 1171 
4048 1197 
3933 1220 
4288 1149 
4173 1172 
4043 1198 
3678 1271 
4178 1171 
3928 1221 
3718 1263 
3713 1264 
3498 1307 
3083 1390 
3493 1308 
3928 1221 
3083 1390 
3473 1312 
3633 1280 
4268 1153 
4018 1203 
3853 1236 
3583 1290 
4013 1204 
3363 1334 
3333 1340 
3793 1248 
3333 1340 
3993 1208 
3748 1257 
3993 1208 
3743 1258 
3968 1213 
3963 1214 
4013 1204 
3383 1330 
3793 1248 
4068 1193 
3383 1330 
4018 1203 
3523 1302 
3798 1247 
3843 1238 
3978 1211 
4063 1194 
3903 1226 
3133 1380 
3683 1270 
3133 1380 
3543 1298 
3763 1254 
4043 1198 
4318 1143 
3413 1324 
4043 1198 
3548 1297 
3633 1280 
3768 1253 
3953 1216 
3588 1289 
3848 1237 
3643 1278 
4228 1161 
4023 1202 
4283 1150 
3918 1223 
4033 1200 
3873 1232 
3323 1342 
2958 1415 
2968 1413 
3348 1337 
3608 1285 
3403 1326 
3353 1336 
3743 1258 
3513 1304 
3468 1313 
3353 1336 
3628 1281 
3398 1327 
3238 1359 
3953 1216 
3588 1289 
3848 1237 
3643 1278 
3983 1210 
4143 1178 
4028 1201 
3868 1233 
3078 1391 
2963 1414 
3463 1314 
3098 1387 
3458 1315 
3343 1338 
3738 1259 
3533 1300 
3513 1304 
3603 1286 
3238 1359 
3148 1377 
3353 1336 
3103 1386 
3543 1298 
3178 1371 
3188 1369 
3058 1395 
2943 1418 
2383 1549 
3298 1347 
3183 1370 
3053 1396 
2688 1469 
3678 1271 
3563 1294 
3078 1391 
3688 1269 
3323 1342 
3573 1292 
3823 1242 
3618 1283 
3368 1333 
2213 1607 
3598 1287 
3873 1232 
2968 1413 
3603 1286 
3108 1385 
3648 1277 
3783 1250 
2433 1544 
3488 1309 
2718 1463 
3348 1337 
4773 1057 
5403 988 
5298 1009 
5253 1016 
4423 1122 
4213 1164 
4263 1154 
4173 1172 
3808 1245 
4068 1193 
3863 1234 
4278 1151 
4118 1183 
3883 1230 
3673 1272 
3853 1236 
3308 1345 
3748 1257 
3258 1355 
3308 1345 
3478 1311 
4263 1154 
3948 1217 
4128 1181 
3743 1258 
3638 1279 
3688 1269 
3728 1261 
3858 1235 
4253 1156 
3693 1268 
4523 1102 
4183 1170 
3948 1217 
4168 1173 
3873 1232 
4433 1120 
3583 1290 
3328 1341 
3713 1264 
4158 1175 
3888 1229 
3753 1256 
3698 1267 
3283 1350 
3723 1262 
3828 1241 
4273 1152 
3868 1233 
4623 1082 
4258 1155 
4518 1103 
4313 1144 
3943 1218 
4103 1186 
4153 1176 
3993 1208 
4248 1157 
4298 1147 
4088 1189 
4268 1153 
3723 1262 
3853 1236 
4163 1174 
3908 1225 
4713 1064 
5348 997 
4323 1142 
4298 1147 
4163 1174 
4738 1059 
4843 1038 
4203 1166 
4033 1200 
4083 1190 
3993 1208 
3628 1281 
3638 1279 
3643 1278 
3213 1364 
3043 1398 
3223 1362 
2678 1471 
2213 1607 
3038 1399 
3088 1389 
3258 1355 
3593 1288 
3068 1393 
3418 1323 
3468 1313 
3508 1305 
3638 1279 
3993 1208 
3428 1321 
3608 1285 
4173 1172 
3063 1394 
3628 1281 
3313 1344 
3853 1236 
3508 1305 
3728 1261 
3948 1217 
3503 1306 
4068 1193 
3493 1308 
3523 1302 
3108 1385 
3653 1276 
3648 1277 
3693 1268 
3543 1298 
3178 1371 
3188 1369 
2458 1534 
3018 1403 
3068 1393 
3578 1291 
3628 1281 
3458 1315 
3638 1279 
3093 1388 
3223 1362 
3233 1360 
3633 1280 
2998 1412 
3238 1359 
3218 1363 
3763 1254 
3718 1263 
3713 1264 
4168 1173 
3753 1256 
3173 1372 
3608 1285 
2763 1454 
3153 1376 
4023 1202 
3253 1356 
3988 1209 
3643 1278 
3863 1234 
4083 1190 
3638 1279 
4203 1166 
3683 1270 
3573 1292 
3668 1273 
3793 1248 
4293 1148 
3733 1260 
3753 1256 
3413 1324 
3178 1371 
3398 1327 
3388 1329 
3948 1217 
4183 1170 
4168 1173 
3828 1241 
4403 1126 
4703 1066 
4138 1179 
3713 1264 
3368 1333 
3588 1289 
3808 1245 
3798 1247 
4363 1134 
3688 1269 
4128 1181 
3783 1250 
3908 1225 
2953 1416 
3943 1218 
3408 1325 
3948 1217 
3968 1213 
3518 1303 
3333 1340 
3788 1249 
2943 1418 
3933 1220 
3353 1336 
3893 1228 
4348 1137 
3898 1227 
4013 1204 
4053 1196 
3473 1312 
3748 1257 
3063 1394 
3573 1292 
3038 1399 
3478 1311 
4023 1202 
3618 1283 
4068 1193 
3493 1308 
3933 1220 
3618 1283 
3663 1274 
3458 1315 
2648 1477 
3908 1225 
3638 1279 
3503 1306 
3058 1395 
3598 1287 
3498 1307 
4038 1199 
3878 1231 
3193 1368 
4183 1170 
3603 1286 
4143 1178 
3598 1287 
3873 1232 
3638 1279 
4588 1089 
3643 1278 
4053 1196 
3918 1223 
4493 1108 
4178 1171 
3233 1360 
3603 1286 
4043 1198 
3953 1216 
3588 1289 
3848 1237 
3643 1278 
4228 1161 
4023 1202 
4283 1150 
3918 1223 
4033 1200 
3873 1232 
3993 1208 
3628 1281 
3638 1279 
4018 1203 
4278 1151 
4073 1192 
3313 1344 
3703 1266 
3473 1312 
3428 1321 
3478 1311 
3753 1256 
3523 1302 
3363 1334 
4943 1018 
4578 1091 
4838 1039 
4633 1080 
5373 992 
4263 1154 
4423 1122 
4473 1112 
4313 1144 
4028 1201 
4078 1191 
3868 1233 
4048 1197 
3503 1306 
3633 1280 
3943 1218 
3688 1269 
4408 1125 
4458 1115 
4143 1178 
4323 1142 
3938 1219 
4068 1193 
4463 1114 
4718 1063 
4378 1131 
4643 1078 
4353 1136 
4098 1187 
3963 1214 
4483 1110 
4468 1113 
4078 1191 
4053 1196 
3918 1223 
4493 1108 
4598 1087 
4533 1100 
4168 1173 
4178 1171 
4008 1205 
4058 1195 
3578 1291 
3628 1281 
3458 1315 
3638 1279 
3093 1388 
3223 1362 
3233 1360 
3958 1215 
4008 1205 
3483 1310 
3613 1284 
3968 1213 
4148 1177 
3603 1286 
3853 1236 
4268 1153 
3923 1222 
4043 1198 
4033 1200 
4063 1194 
3668 1273 
3648 1277 
4193 1168 
4043 1198 
4318 1143 
4083 1190 
4593 1088 
3648 1277 
4058 1195 
3923 1222 
4498 1107 
4638 1079 
3693 1268 
4063 1194 
4503 1106 
4478 1111 
3668 1273 
3533 1300 
3628 1281 
4068 1193 
4448 1117 
4213 1164 
4173 1172 
3003 1411 
3003 1411 
3013 1409 
2558 1500 
2058 1638 
2278 1575 
2588 1494 
2183 1613 
4043 1198 
4438 1119 
4233 1160 
4128 1181 
4013 1204 
3773 1252 
3178 1371 
3608 1285 
3728 1261 
3698 1267 
3748 1257 
3658 1275 
3778 1251 
3228 1361 
3688 1269 
3483 1310 
3878 1231 
3763 1254 
3138 1379 
3023 1402 
3418 1323 
3213 1364 
3333 1340 
3243 1358 
3723 1262 
3408 1325 
3588 1289 
3203 1366 
3098 1387 
3148 1377 
3188 1369 
3318 1343 
3848 1237 
3288 1349 
4118 1183 
3778 1251 
3543 1298 
3763 1254 
3468 1313 
4028 1201 
3428 1321 
3173 1372 
3558 1295 
4003 1206 
3733 1260 
3598 1287 
4358 1135 
4153 1176 
3838 1239 
3888 1229 
4088 1189 
4138 1179 
3823 1242 
4003 1206 
3618 1283 
3748 1257 
4448 1117 
4193 1168 
4058 1195 
4578 1091 
3628 1281 
3678 1271 
3588 1289 
3473 1312 
3233 1360 
2638 1479 
2818 1443 
2468 1532 
2353 1555 
2483 1529 
2523 1502 
2878 1431 
2928 1421 
2968 1413 
3098 1387 
3158 1375 
3098 1387 
3323 1342 
3543 1298 
3338 1339 
3118 1383 
2953 1416 
3248 1357 
3288 1349 
2608 1485 
2658 1475 
3053 1396 
3233 1360 
2938 1419 
3068 1393 
2828 1441 
2303 1565 
2468 1532 
2483 1529 
3653 1276 
3213 1364 
2663 1474 
2498 1507 
3073 1392 
3758 1255 
3488 1309 
3353 1336 
3668 1273 
2958 1415 
3533 1300 
3263 1354 
2793 1448 
3783 1250 
3343 1338 
3238 1359 
3518 1303 
3383 1330 
4093 1188 
2998 1412 
2833 1440 
3588 1289 
3473 1312 
3868 1233 
3663 1274 
3068 1393 
3158 1375 
3208 1365 
3118 1383 
3868 1233 
3918 1223 
3603 1286 
3783 1250 
3398 1327 
3528 1301 
4058 1195 
4313 1144 
3973 1212 
4238 1159 
4198 1167 
3943 1218 
3808 1245 
4328 1141 
3598 1287 
3648 1277 
3053 1396 
3233 1360 
2938 1419 
3068 1393 
3513 1304 
3258 1355 
3678 1271 
3513 1304 
3378 1331 
4088 1189 
3288 1349 
3808 1245 
4673 1072 
4188 1169 
4538 1099 
4423 1122 
4183 1170 
4258 1155 
4013 1204 
4063 1194 
4308 1145 
4108 1185 
4218 1163 
4103 1186 
3618 1283 
3868 1233 
3683 1270 
3158 1375 
3508 1305 
3558 1295 
3598 1287 
3728 1261 
3588 1289 
3023 1402 
3203 1366 
3768 1253 
2908 1425 
3473 1312 
3438 1319 
3828 1241 
3878 1231 
3353 1336 
3483 1310 
3478 1311 
3588 1289 
3638 1279 
3548 1297 
3433 1320 
3193 1368 
3268 1353 
3448 1317 
3153 1376 
3508 1305 
3558 1295 
3598 1287 
3728 1261 
3073 1392 
2908 1425 
3203 1366 
3243 1358 
3018 1403 
3068 1393 
3463 1314 
3643 1278 
3348 1337 
3478 1311 
3238 1359 
4358 1135 
4108 1185 
3793 1248 
3788 1249 
4078 1191 
3733 1260 
3953 1216 
4173 1172 
3483 1310 
4048 1197 
3833 1240 
4273 1152 
3928 1221 
4053 1196 
3968 1213 
4288 1149 
3973 1212 
4538 1099 
4068 1193 
3748 1257 
3583 1290 
3903 1226 
3628 1281 
3588 1289 
3673 1272 
3878 1231 
4198 1167 
3873 1232 
4153 1176 
3918 1223 
3768 1253 
3653 1276 
3168 1373 
3243 1358 
3293 1348 
4048 1197 
4098 1187 
3573 1292 
3703 1266 
3563 1294 
3743 1258 
3448 1317 
3558 1295 
3608 1285 
3683 1270 
3863 1234 
3568 1293 
3698 1267 
3213 1364 
3858 1235 
3693 1268 
3463 1314 
3988 1209 
3673 1272 
4103 1186 
3453 1316 
3423 1322 
3883 1230 
3423 1322 
4123 1182 
3878 1231 
4123 1182 
3873 1232 
4098 1187 
4093 1188 
3563 1294 
2888 1429 
3563 1294 
2883 1430 
3108 1385 
3103 1386 
4383 1130 
3823 1242 
3843 1238 
3503 1306 
3268 1353 
3488 1309 
3478 1311 
4038 1199 
4273 1152 
4258 1155 
3918 1223 
4493 1108 
4163 1174 
3598 1287 
3173 1372 
2828 1441 
3048 1397 
3268 1353 
3258 1355 
3823 1242 
3148 1377 
3588 1289 
3243 1358 
3368 1333 
2798 1447 
3788 1249 
3253 1356 
3793 1248 
3813 1244 
3363 1334 
3603 1286 
3598 1287 
4593 1088 
4038 1199 
3698 1267 
4248 1157 
4138 1179 
3588 1289 
3243 1358 
3798 1247 
3818 1243 
3823 1242 
2493 1527 
4933 1020 
4683 1070 
4368 1133 
4363 1134 
3943 1218 
3598 1287 
3818 1243 
4038 1199 
3348 1337 
3913 1224 
3698 1267 
4138 1179 
3793 1248 
3918 1223 
3693 1268 
3593 1288 
3818 1243 
4038 1199 
3348 1337 
3788 1249 
4023 1202 
4343 1138 
4028 1201 
4593 1088 
3913 1224 
4358 1135 
4013 1204 
3888 1229 
4008 1205 
4133 1180 
3283 1350 
4273 1152 
3063 1394 
3603 1286 
4053 1196 
3603 1286 
3288 1349 
4278 1151 
3068 1393 
4058 1195 
5293 1010 
3743 1258 
4063 1194 
3743 1258 
4283 1150 
4303 1146 
3633 1280 
4303 1146 
3853 1236 
3993 1208 
3223 1362 
3773 1252 
3223 1362 
3673 1272 
3893 1228 
3453 1316 
2378 1550 
3453 1316 
2683 1470 
2903 1426 
3548 1297 
2738 1459 
3998 1207 
3728 1261 
3593 1288 
2473 1531 
1933 1658 
2518 1503 
2473 1531 
3058 1395 
2238 1578 
3093 1388 
3633 1280 
3328 1341 
4318 1143 
3508 1305 
3373 1332 
3058 1395 
3773 1252 
3333 1340 
2783 1450 
2743 1458 
3318 1343 
4003 1206 
3733 1260 
3598 1287 
3233 1360 
2243 1577 
2523 1502 
3098 1387 
2828 1441 
2243 1577 
3233 1360 
3513 1304 
3378 1331 
4088 1189 
2828 1441 
4228 1161 
3908 1225 
3198 1367 
3518 1303 
3238 1359 
3198 1367 
3283 1350 
3773 1252 
4093 1188 
3458 1315 
3738 1259 
3503 1306 
3033 1400 
4023 1202 
2813 1444 
3353 1336 
3803 1246 
3353 1336 
3583 1290 
3903 1226 
3583 1290 
4123 1182 
2433 1544 
3578 1291 
2808 1445 
3478 1311 
4568 1093 
3758 1255 
3623 1282 
3088 1389 
3663 1274 
3798 1247 
3758 1255 
3623 1282 
4333 1140 
2853 1436 
4018 1203 
3308 1345 
3073 1392 
3883 1230 
5673 987 
6083 900 
5718 973 
5978 921 
5773 962 
6513 874 
5708 980 
5858 945 
5783 960 
5738 969 
6013 919 
5908 940 
5703 981 
6443 893 
5718 973 
5733 970 
5693 983 
5728 971 
5708 980 
