1 3 4 2 5 7 6 9 8 11 10 
1 3 4 2 5 7 8 6 9 11 10 
1 3 4 2 5 7 8 9 6 11 10 
1 3 4 2 5 7 8 11 6 9 10 
1 3 4 2 5 7 9 6 8 11 10 
1 3 4 2 5 7 9 6 11 8 10 
1 3 4 2 5 7 11 6 9 8 10 
1 3 4 2 5 7 11 8 6 9 10 
1 3 4 2 5 7 11 8 9 6 10 
1 3 4 2 5 7 11 9 6 8 10 
1 3 4 2 5 8 6 9 7 11 10 
1 3 4 2 5 8 6 9 11 7 10 
1 3 4 2 5 8 7 6 9 11 10 
1 3 4 2 5 8 7 9 6 11 10 
1 3 4 2 5 8 7 11 6 9 10 
1 3 4 2 5 8 9 6 7 11 10 
1 3 4 2 5 8 9 6 11 7 10 
1 3 4 2 5 8 11 6 9 7 10 
1 3 4 2 5 8 11 7 9 6 10 
1 3 4 2 5 9 6 7 8 11 10 
1 3 4 2 5 9 6 8 7 11 10 
1 3 4 2 5 9 6 8 11 7 10 
1 3 4 2 5 9 6 11 7 8 10 
1 3 4 2 5 9 6 11 8 7 10 
1 3 4 2 5 11 6 9 7 8 10 
1 3 4 2 5 11 6 9 8 7 10 
1 3 4 2 5 11 7 8 6 9 10 
1 3 4 2 5 11 7 8 9 6 10 
1 3 4 2 5 11 7 9 6 8 10 
1 3 4 2 5 11 8 6 9 7 10 
1 3 4 2 5 11 9 6 8 7 10 
1 3 4 2 6 9 5 7 8 11 10 
1 3 4 2 6 9 5 7 11 8 10 
1 3 4 2 6 9 5 8 7 11 10 
1 3 4 2 6 9 5 8 11 7 10 
1 3 4 2 6 9 5 11 7 8 10 
1 3 4 2 6 9 5 11 8 7 10 
1 3 4 2 6 9 7 5 8 11 10 
1 3 4 2 6 9 7 5 11 8 10 
1 3 4 2 6 9 7 8 5 11 10 
1 3 4 2 6 9 7 8 11 5 10 
1 3 4 2 6 9 7 11 5 8 10 
1 3 4 2 6 9 7 11 8 5 10 
1 3 4 2 6 9 8 5 7 11 10 
1 3 4 2 6 9 8 5 11 7 10 
1 3 4 2 6 9 8 7 5 11 10 
1 3 4 2 6 9 8 7 11 5 10 
1 3 4 2 6 9 8 11 5 7 10 
1 3 4 2 6 9 8 11 7 5 10 
1 3 4 2 6 9 11 5 7 8 10 
1 3 4 2 6 9 11 5 8 7 10 
1 3 4 2 6 9 11 7 5 8 10 
1 3 4 2 6 9 11 7 8 5 10 
1 3 4 2 6 9 11 8 5 7 10 
1 3 4 2 6 9 11 8 7 5 10 
1 3 4 2 7 5 6 9 8 11 10 
1 3 4 2 7 5 8 6 9 11 10 
1 3 4 2 7 5 8 9 6 11 10 
1 3 4 2 7 5 8 11 6 9 10 
1 3 4 2 7 5 9 6 8 11 10 
1 3 4 2 7 5 9 6 11 8 10 
1 3 4 2 7 5 11 6 9 8 10 
1 3 4 2 7 5 11 8 6 9 10 
1 3 4 2 7 5 11 8 9 6 10 
1 3 4 2 7 5 11 9 6 8 10 
1 3 4 2 7 6 9 5 8 11 10 
1 3 4 2 7 6 9 8 5 11 10 
1 3 4 2 7 6 9 8 11 5 10 
1 3 4 2 7 8 5 9 6 11 10 
1 3 4 2 7 8 5 11 6 9 10 
1 3 4 2 7 8 6 9 5 11 10 
1 3 4 2 7 8 6 9 11 5 10 
1 3 4 2 7 8 9 6 11 5 10 
1 3 4 2 7 8 11 6 9 5 10 
1 3 4 2 7 9 6 8 5 11 10 
1 3 4 2 7 9 6 8 11 5 10 
1 3 4 2 7 9 6 11 5 8 10 
1 3 4 2 7 9 6 11 8 5 10 
1 3 4 2 7 11 5 8 6 9 10 
1 3 4 2 7 11 5 8 9 6 10 
1 3 4 2 7 11 5 9 6 8 10 
1 3 4 2 7 11 6 9 5 8 10 
1 3 4 2 7 11 6 9 8 5 10 
1 3 4 2 7 11 8 5 9 6 10 
1 3 4 2 7 11 8 6 9 5 10 
1 3 4 2 7 11 9 6 8 5 10 
1 3 4 2 8 5 6 9 7 11 10 
1 3 4 2 8 5 7 6 9 11 10 
1 3 4 2 8 5 7 9 6 11 10 
1 3 4 2 8 5 7 11 6 9 10 
1 3 4 2 8 5 9 6 7 11 10 
1 3 4 2 8 5 9 6 11 7 10 
1 3 4 2 8 5 11 6 9 7 10 
1 3 4 2 8 5 11 7 9 6 10 
1 3 4 2 8 6 9 5 7 11 10 
1 3 4 2 8 6 9 5 11 7 10 
1 3 4 2 8 6 9 7 5 11 10 
1 3 4 2 8 6 9 7 11 5 10 
1 3 4 2 8 6 9 11 5 7 10 
1 3 4 2 8 6 9 11 7 5 10 
1 3 4 2 8 7 5 9 6 11 10 
1 3 4 2 8 7 5 11 6 9 10 
1 3 4 2 8 7 6 9 5 11 10 
1 3 4 2 8 7 9 6 11 5 10 
1 3 4 2 8 7 11 6 9 5 10 
1 3 4 2 8 9 6 5 7 11 10 
1 3 4 2 8 9 6 7 5 11 10 
1 3 4 2 8 9 6 7 11 5 10 
1 3 4 2 8 9 6 11 5 7 10 
1 3 4 2 8 9 6 11 7 5 10 
1 3 4 2 8 11 5 7 9 6 10 
1 3 4 2 8 11 6 9 5 7 10 
1 3 4 2 8 11 6 9 7 5 10 
1 3 4 2 8 11 7 5 9 6 10 
1 3 4 2 8 11 7 6 9 5 10 
1 3 4 2 9 6 5 7 8 11 10 
1 3 4 2 9 6 5 8 7 11 10 
1 3 4 2 9 6 7 5 8 11 10 
1 3 4 2 9 6 7 5 11 8 10 
1 3 4 2 9 6 7 8 5 11 10 
1 3 4 2 9 6 7 8 11 5 10 
1 3 4 2 9 6 7 11 8 5 10 
1 3 4 2 9 6 8 5 7 11 10 
1 3 4 2 9 6 8 5 11 7 10 
1 3 4 2 9 6 8 7 5 11 10 
1 3 4 2 9 6 8 7 11 5 10 
1 3 4 2 9 6 8 11 5 7 10 
1 3 4 2 9 6 8 11 7 5 10 
1 3 4 2 9 6 11 5 7 8 10 
1 3 4 2 9 6 11 5 8 7 10 
1 3 4 2 9 6 11 7 5 8 10 
1 3 4 2 9 6 11 7 8 5 10 
1 3 4 2 9 6 11 8 5 7 10 
1 3 4 2 9 6 11 8 7 5 10 
1 3 4 2 11 5 7 6 9 8 10 
1 3 4 2 11 5 7 8 6 9 10 
1 3 4 2 11 5 7 8 9 6 10 
1 3 4 2 11 5 7 9 6 8 10 
1 3 4 2 11 5 8 6 9 7 10 
1 3 4 2 11 5 8 9 6 7 10 
1 3 4 2 11 5 9 6 8 7 10 
1 3 4 2 11 6 9 5 7 8 10 
1 3 4 2 11 6 9 5 8 7 10 
1 3 4 2 11 6 9 7 5 8 10 
1 3 4 2 11 6 9 7 8 5 10 
1 3 4 2 11 6 9 8 5 7 10 
1 3 4 2 11 6 9 8 7 5 10 
1 3 4 2 11 7 5 8 6 9 10 
1 3 4 2 11 7 5 8 9 6 10 
1 3 4 2 11 7 5 9 6 8 10 
1 3 4 2 11 7 6 9 8 5 10 
1 3 4 2 11 7 8 6 9 5 10 
1 3 4 2 11 7 9 6 8 5 10 
1 3 4 2 11 8 5 7 9 6 10 
1 3 4 2 11 8 6 9 5 7 10 
1 3 4 2 11 8 6 9 7 5 10 
1 3 4 2 11 8 7 5 9 6 10 
1 3 4 2 11 8 9 6 7 5 10 
1 3 4 2 11 9 6 8 5 7 10 
1 3 4 2 11 9 6 8 7 5 10 
1 3 4 11 2 5 7 8 6 9 10 
1 3 4 11 2 5 7 8 9 6 10 
1 3 4 11 2 5 7 9 6 8 10 
1 3 4 11 2 5 8 6 9 7 10 
1 3 4 11 2 5 9 6 8 7 10 
1 3 4 11 2 6 9 5 7 8 10 
1 3 4 11 2 6 9 5 8 7 10 
1 3 4 11 2 6 9 7 5 8 10 
1 3 4 11 2 6 9 7 8 5 10 
1 3 4 11 2 6 9 8 5 7 10 
1 3 4 11 2 6 9 8 7 5 10 
1 3 4 11 2 7 5 8 6 9 10 
1 3 4 11 2 7 5 8 9 6 10 
1 3 4 11 2 7 5 9 6 8 10 
1 3 4 11 2 7 6 9 8 5 10 
1 3 4 11 2 7 8 6 9 5 10 
1 3 4 11 2 7 9 6 8 5 10 
1 3 4 11 2 8 5 7 9 6 10 
1 3 4 11 2 8 6 9 5 7 10 
1 3 4 11 2 8 6 9 7 5 10 
1 3 4 11 2 8 7 5 9 6 10 
1 3 4 11 2 8 9 6 7 5 10 
1 3 4 11 2 9 6 7 5 8 10 
1 3 4 11 2 9 6 7 8 5 10 
1 3 4 11 2 9 6 8 5 7 10 
1 3 4 11 2 9 6 8 7 5 10 
1 3 4 11 5 2 6 9 7 8 10 
1 3 4 11 5 2 6 9 8 7 10 
1 3 4 11 5 2 7 8 6 9 10 
1 3 4 11 5 2 7 9 6 8 10 
1 3 4 11 5 2 8 6 9 7 10 
1 3 4 11 5 2 9 6 8 7 10 
1 3 4 11 5 7 2 6 9 8 10 
1 3 4 11 5 7 2 8 6 9 10 
1 3 4 11 5 7 2 8 9 6 10 
1 3 4 11 5 7 2 9 6 8 10 
1 3 4 11 5 7 6 9 2 8 10 
1 3 4 11 5 7 8 2 6 9 10 
1 3 4 11 5 7 8 2 9 6 10 
1 3 4 11 5 7 8 6 9 2 10 
1 3 4 11 5 7 8 9 6 2 10 
1 3 4 11 5 7 9 6 2 8 10 
1 3 4 11 5 7 9 6 8 2 10 
1 3 4 11 5 8 2 6 9 7 10 
1 3 4 11 5 8 2 7 9 6 10 
1 3 4 11 5 8 2 9 6 7 10 
1 3 4 11 5 8 6 9 2 7 10 
1 3 4 11 5 8 6 9 7 2 10 
1 3 4 11 5 8 7 2 6 9 10 
1 3 4 11 5 8 7 9 6 2 10 
1 3 4 11 5 8 9 6 2 7 10 
1 3 4 11 5 9 6 2 7 8 10 
1 3 4 11 5 9 6 2 8 7 10 
1 3 4 11 5 9 6 8 2 7 10 
1 3 4 11 5 9 6 8 7 2 10 
1 3 4 11 6 9 2 5 7 8 10 
1 3 4 11 6 9 2 5 8 7 10 
1 3 4 11 6 9 2 7 5 8 10 
1 3 4 11 6 9 2 7 8 5 10 
1 3 4 11 6 9 2 8 5 7 10 
1 3 4 11 6 9 2 8 7 5 10 
1 3 4 11 6 9 5 2 7 8 10 
1 3 4 11 6 9 5 2 8 7 10 
1 3 4 11 6 9 5 7 2 8 10 
1 3 4 11 6 9 5 7 8 2 10 
1 3 4 11 6 9 5 8 2 7 10 
1 3 4 11 6 9 5 8 7 2 10 
1 3 4 11 6 9 7 2 5 8 10 
1 3 4 11 6 9 7 2 8 5 10 
1 3 4 11 6 9 7 5 2 8 10 
1 3 4 11 6 9 7 5 8 2 10 
1 3 4 11 6 9 7 8 2 5 10 
1 3 4 11 6 9 7 8 5 2 10 
1 3 4 11 6 9 8 2 5 7 10 
1 3 4 11 6 9 8 2 7 5 10 
1 3 4 11 6 9 8 5 2 7 10 
1 3 4 11 6 9 8 5 7 2 10 
1 3 4 11 6 9 8 7 2 5 10 
1 3 4 11 6 9 8 7 5 2 10 
1 3 4 11 7 2 5 8 6 9 10 
1 3 4 11 7 2 5 8 9 6 10 
1 3 4 11 7 2 5 9 6 8 10 
1 3 4 11 7 2 6 9 5 8 10 
1 3 4 11 7 2 6 9 8 5 10 
1 3 4 11 7 2 8 5 9 6 10 
1 3 4 11 7 2 8 6 9 5 10 
1 3 4 11 7 2 9 6 8 5 10 
1 3 4 11 7 5 2 6 9 8 10 
1 3 4 11 7 5 2 8 6 9 10 
1 3 4 11 7 5 2 8 9 6 10 
1 3 4 11 7 5 2 9 6 8 10 
1 3 4 11 7 5 8 2 6 9 10 
1 3 4 11 7 5 8 2 9 6 10 
1 3 4 11 7 5 8 6 9 2 10 
1 3 4 11 7 5 8 9 6 2 10 
1 3 4 11 7 5 9 6 2 8 10 
1 3 4 11 7 5 9 6 8 2 10 
1 3 4 11 7 6 9 2 8 5 10 
1 3 4 11 7 6 9 8 2 5 10 
1 3 4 11 7 8 2 6 9 5 10 
1 3 4 11 7 8 5 2 6 9 10 
1 3 4 11 7 8 5 2 9 6 10 
1 3 4 11 7 8 5 9 6 2 10 
1 3 4 11 7 8 6 9 2 5 10 
1 3 4 11 7 8 6 9 5 2 10 
1 3 4 11 7 8 9 6 2 5 10 
1 3 4 11 7 9 6 2 5 8 10 
1 3 4 11 7 9 6 2 8 5 10 
1 3 4 11 7 9 6 8 2 5 10 
1 3 4 11 7 9 6 8 5 2 10 
1 3 4 11 8 2 5 7 9 6 10 
1 3 4 11 8 2 6 9 5 7 10 
1 3 4 11 8 2 6 9 7 5 10 
1 3 4 11 8 2 7 5 9 6 10 
1 3 4 11 8 2 7 6 9 5 10 
1 3 4 11 8 2 9 6 7 5 10 
1 3 4 11 8 5 2 6 9 7 10 
1 3 4 11 8 5 7 2 6 9 10 
1 3 4 11 8 5 7 2 9 6 10 
1 3 4 11 8 5 7 9 6 2 10 
1 3 4 11 8 5 9 6 2 7 10 
1 3 4 11 8 6 9 2 5 7 10 
1 3 4 11 8 6 9 2 7 5 10 
1 3 4 11 8 6 9 5 2 7 10 
1 3 4 11 8 6 9 5 7 2 10 
1 3 4 11 8 6 9 7 2 5 10 
1 3 4 11 8 6 9 7 5 2 10 
1 3 4 11 8 7 2 6 9 5 10 
1 3 4 11 8 7 5 2 6 9 10 
1 3 4 11 8 7 5 2 9 6 10 
1 3 4 11 8 7 5 9 6 2 10 
1 3 4 11 8 7 6 9 2 5 10 
1 3 4 11 8 7 9 6 2 5 10 
1 3 4 11 8 9 6 2 5 7 10 
1 3 4 11 8 9 6 2 7 5 10 
1 3 4 11 8 9 6 7 2 5 10 
1 3 4 11 9 6 2 5 7 8 10 
1 3 4 11 9 6 2 5 8 7 10 
1 3 4 11 9 6 2 7 5 8 10 
1 3 4 11 9 6 2 7 8 5 10 
1 3 4 11 9 6 2 8 5 7 10 
1 3 4 11 9 6 2 8 7 5 10 
1 3 4 11 9 6 8 2 5 7 10 
1 3 4 11 9 6 8 2 7 5 10 
1 3 4 11 9 6 8 5 2 7 10 
1 3 4 11 9 6 8 5 7 2 10 
1 3 4 11 9 6 8 7 2 5 10 
1 3 4 11 9 6 8 7 5 2 10 
1 3 5 2 4 11 6 8 7 9 10 
1 3 5 2 4 11 6 9 7 8 10 
1 3 5 2 4 11 6 9 8 7 10 
1 3 5 2 4 11 7 8 6 9 10 
1 3 5 2 4 11 7 9 6 8 10 
1 3 5 2 4 11 8 6 9 7 10 
1 3 5 2 4 11 9 6 8 7 10 
1 3 5 7 2 4 11 6 9 8 10 
1 3 5 7 2 4 11 8 6 9 10 
1 3 5 7 2 4 11 9 6 8 10 
1 3 5 7 8 2 4 11 6 9 10 
1 3 5 7 8 6 2 4 11 9 10 
1 3 5 7 8 6 9 2 4 11 10 
1 3 5 7 8 6 9 11 4 2 10 
1 3 5 7 8 6 11 4 2 9 10 
1 3 5 7 8 9 6 2 4 11 10 
1 3 5 7 8 9 6 11 4 2 10 
1 3 5 7 8 11 4 2 6 9 10 
1 3 5 7 9 6 2 4 11 8 10 
1 3 5 7 9 6 8 2 4 11 10 
1 3 5 7 9 6 8 11 4 2 10 
1 3 5 7 9 6 11 4 2 8 10 
1 3 5 7 9 11 4 2 6 8 10 
1 3 5 7 11 4 2 6 9 8 10 
1 3 5 7 11 4 2 8 6 9 10 
1 3 5 7 11 4 2 9 6 8 10 
1 3 5 8 2 4 11 6 9 7 10 
1 3 5 8 6 2 4 11 7 9 10 
1 3 5 8 6 2 4 11 9 7 10 
1 3 5 8 6 9 2 4 11 7 10 
1 3 5 8 6 9 7 2 4 11 10 
1 3 5 8 6 9 7 11 4 2 10 
1 3 5 8 6 9 11 4 2 7 10 
1 3 5 8 6 11 4 2 7 9 10 
1 3 5 8 7 2 4 11 6 9 10 
1 3 5 8 7 9 6 2 4 11 10 
1 3 5 8 7 9 6 11 4 2 10 
1 3 5 8 7 11 4 2 6 9 10 
1 3 5 8 9 6 2 4 11 7 10 
1 3 5 8 9 6 11 4 2 7 10 
1 3 5 8 11 4 2 6 9 7 10 
1 3 5 9 2 4 11 6 8 7 10 
1 3 5 9 6 2 4 11 7 8 10 
1 3 5 9 6 2 4 11 8 7 10 
1 3 5 9 6 8 2 4 11 7 10 
1 3 5 9 6 8 7 2 4 11 10 
1 3 5 9 6 8 7 11 4 2 10 
1 3 5 9 6 8 11 4 2 7 10 
1 3 5 9 6 11 4 2 7 8 10 
1 3 5 9 6 11 4 2 8 7 10 
1 3 5 9 7 2 4 11 6 8 10 
1 3 5 9 7 8 6 11 4 2 10 
1 3 5 9 7 11 4 2 6 8 10 
1 3 5 9 11 4 2 6 8 7 10 
1 3 5 9 11 4 7 8 6 2 10 
1 3 5 9 11 6 8 7 4 2 10 
1 3 5 11 4 2 6 8 7 9 10 
1 3 5 11 4 2 6 9 7 8 10 
1 3 5 11 4 2 6 9 8 7 10 
1 3 5 11 4 2 7 8 6 9 10 
1 3 5 11 4 2 7 9 6 8 10 
1 3 5 11 4 2 8 6 9 7 10 
1 3 5 11 4 2 9 6 8 7 10 
1 3 7 2 4 11 5 8 6 9 10 
1 3 7 2 4 11 5 9 6 8 10 
1 3 7 2 4 11 6 8 5 9 10 
1 3 7 2 4 11 6 9 5 8 10 
1 3 7 2 4 11 6 9 8 5 10 
1 3 7 2 4 11 8 6 9 5 10 
1 3 7 2 4 11 9 6 8 5 10 
1 3 7 5 2 4 11 6 8 9 10 
1 3 7 5 2 4 11 6 9 8 10 
1 3 7 5 2 4 11 8 6 9 10 
1 3 7 5 2 4 11 9 6 8 10 
1 3 7 5 8 2 4 11 6 9 10 
1 3 7 5 8 6 2 4 11 9 10 
1 3 7 5 8 6 9 2 4 11 10 
1 3 7 5 8 6 9 11 4 2 10 
1 3 7 5 8 9 6 2 4 11 10 
1 3 7 5 8 9 6 11 4 2 10 
1 3 7 5 8 11 4 2 6 9 10 
1 3 7 5 9 6 2 4 11 8 10 
1 3 7 5 9 6 8 2 4 11 10 
1 3 7 5 9 6 8 11 4 2 10 
1 3 7 5 9 6 11 4 2 8 10 
1 3 7 5 9 11 4 2 6 8 10 
1 3 7 5 11 4 2 6 9 8 10 
1 3 7 5 11 4 2 8 6 9 10 
1 3 7 5 11 4 2 9 6 8 10 
1 3 7 8 2 4 11 6 9 5 10 
1 3 7 8 5 2 4 11 6 9 10 
1 3 7 8 5 9 6 2 4 11 10 
1 3 7 8 5 9 6 11 4 2 10 
1 3 7 8 5 11 4 2 6 9 10 
1 3 7 8 6 2 4 11 5 9 10 
1 3 7 8 6 2 4 11 9 5 10 
1 3 7 8 6 9 2 4 11 5 10 
1 3 7 8 6 9 5 2 4 11 10 
1 3 7 8 6 9 5 11 4 2 10 
1 3 7 8 6 9 11 4 2 5 10 
1 3 7 8 6 11 4 2 5 9 10 
1 3 7 8 9 6 2 4 11 5 10 
1 3 7 8 9 6 11 4 2 5 10 
1 3 7 8 11 4 2 6 9 5 10 
1 3 7 9 5 2 4 11 6 8 10 
1 3 7 9 5 8 6 11 4 2 10 
1 3 7 9 6 2 4 11 5 8 10 
1 3 7 9 6 2 4 11 8 5 10 
1 3 7 9 6 8 2 4 11 5 10 
1 3 7 9 6 8 5 2 4 11 10 
1 3 7 9 6 8 5 11 4 2 10 
1 3 7 9 6 8 11 4 2 5 10 
1 3 7 9 6 11 4 2 5 8 10 
1 3 7 9 6 11 4 2 8 5 10 
1 3 7 11 4 2 5 8 6 9 10 
1 3 7 11 4 2 5 9 6 8 10 
1 3 7 11 4 2 6 9 5 8 10 
1 3 7 11 4 2 6 9 8 5 10 
1 3 7 11 4 2 8 6 9 5 10 
1 3 7 11 4 2 9 6 8 5 10 
1 3 8 5 7 6 9 2 4 11 10 
1 3 8 5 7 9 6 2 4 11 10 
1 3 8 9 6 7 5 2 4 11 10 
1 3 9 6 2 4 11 5 7 8 10 
1 3 9 6 2 4 11 5 8 7 10 
1 3 9 6 2 4 11 7 5 8 10 
1 3 9 6 2 4 11 7 8 5 10 
1 3 9 6 2 4 11 8 5 7 10 
1 3 9 6 2 4 11 8 7 5 10 
1 3 9 6 5 7 8 2 4 11 10 
1 3 9 6 7 2 4 11 8 5 10 
1 3 9 6 7 5 8 2 4 11 10 
1 3 9 6 7 5 11 4 2 8 10 
1 3 9 6 7 8 2 4 11 5 10 
1 3 9 6 7 8 5 2 4 11 10 
1 3 9 6 7 8 11 4 2 5 10 
1 3 9 6 7 11 4 2 8 5 10 
1 3 9 6 8 2 4 11 5 7 10 
1 3 9 6 8 2 4 11 7 5 10 
1 3 9 6 8 5 2 4 11 7 10 
1 3 9 6 8 5 7 2 4 11 10 
1 3 9 6 8 5 7 11 4 2 10 
1 3 9 6 8 5 11 4 2 7 10 
1 3 9 6 8 7 2 4 11 5 10 
1 3 9 6 8 7 5 2 4 11 10 
1 3 9 6 8 7 5 11 4 2 10 
1 3 9 6 8 7 11 4 2 5 10 
1 3 9 6 8 11 4 2 5 7 10 
1 3 9 6 8 11 4 2 7 5 10 
1 3 9 6 11 4 2 5 7 8 10 
1 3 9 6 11 4 2 5 8 7 10 
1 3 9 6 11 4 2 7 5 8 10 
1 3 9 6 11 4 2 7 8 5 10 
1 3 9 6 11 4 2 8 5 7 10 
1 3 9 6 11 4 2 8 7 5 10 
0
2485 827 
2015 1253 
2143 1125 
1873 1395 
2157 1111 
1937 1331 
1985 1283 
1935 1333 
2359 953 
1857 1411 
2139 1129 
1855 1413 
2277 1035 
2077 1191 
1855 1413 
2467 845 
1983 1285 
1935 1333 
2293 1019 
2359 953 
2079 1189 
1937 1331 
1859 1409 
1875 1393 
1857 1411 
1921 1347 
1855 1413 
2279 1033 
1919 1349 
1935 1333 
1793 1475 
2119 1149 
1961 1307 
2101 1167 
1959 1309 
1881 1387 
1897 1371 
2179 1089 
1959 1309 
2099 1169 
1983 1285 
1941 1327 
2045 1223 
2227 1041 
2005 1263 
2165 1103 
2031 1237 
2023 1245 
2111 1157 
1817 1451 
1815 1453 
1879 1389 
1903 1365 
1895 1373 
1921 1347 
2327 985 
2071 1197 
2199 1069 
1929 1339 
2153 1115 
1933 1335 
1979 1289 
1929 1339 
2353 959 
1851 1417 
2415 897 
2461 851 
2345 967 
2073 1195 
1849 1419 
2073 1195 
1875 1393 
2003 1265 
1957 1311 
2133 1135 
2017 1251 
1913 1355 
2017 1251 
1911 1357 
2335 977 
1915 1353 
1915 1353 
2065 1203 
2289 1023 
2019 1249 
1937 1331 
2289 1023 
2379 933 
2179 1089 
1957 1311 
2443 869 
1959 1309 
1957 1311 
2315 997 
2181 1087 
1959 1309 
2179 1089 
2045 1223 
1895 1373 
1983 1285 
2119 1149 
1895 1373 
2381 931 
1983 1285 
1985 1283 
2355 957 
2507 805 
2373 939 
2023 1245 
2111 1157 
2333 979 
1977 1291 
2063 1205 
2335 977 
2327 985 
2291 1021 
2273 1039 
2505 807 
2285 1027 
2425 887 
2309 1003 
2371 941 
2225 1043 
2003 1265 
2163 1105 
2029 1239 
2021 1247 
2109 1159 
1943 1325 
1941 1327 
2005 1263 
2029 1239 
2021 1247 
2047 1221 
2287 1025 
1895 1373 
2319 993 
1959 1309 
1957 1311 
2285 1027 
1897 1371 
1899 1369 
1897 1371 
1959 1309 
1983 1285 
2023 1245 
2049 1219 
1957 1311 
2381 931 
1961 1307 
2373 939 
1985 1283 
2045 1223 
2333 979 
1977 1291 
2063 1205 
2273 1039 
2391 921 
1895 1373 
1921 1347 
1873 1395 
2297 1015 
1937 1331 
1935 1333 
1875 1393 
1899 1369 
1897 1371 
1959 1309 
1983 1285 
2023 1245 
2049 1219 
1929 1339 
2353 959 
1933 1335 
2345 967 
1957 1311 
2017 1251 
2333 979 
1977 1291 
2063 1205 
2273 1039 
2391 921 
2285 1027 
2309 1003 
2021 1247 
2047 1221 
1857 1411 
1921 1347 
1827 1441 
1891 1377 
1935 1333 
1919 1349 
1979 1289 
1929 1339 
2353 959 
1977 1291 
2285 1027 
1895 1373 
2317 995 
1905 1363 
1907 1361 
1959 1309 
1921 1347 
1957 1311 
2287 1025 
2283 1029 
1975 1293 
1875 1393 
1849 1419 
1841 1427 
1977 1291 
1853 1415 
1897 1371 
1931 1337 
1815 1453 
1921 1347 
1919 1349 
1977 1291 
2001 1267 
2021 1247 
2047 1221 
1831 1437 
1875 1393 
1933 1335 
1861 1407 
1931 1337 
1815 1453 
1891 1377 
2017 1251 
1937 1331 
1921 1347 
1961 1307 
1819 1449 
2001 1267 
2083 1185 
1955 1313 
1941 1327 
1981 1287 
1885 1383 
1889 1379 
2313 999 
1893 1375 
1915 1353 
2065 1203 
2289 1023 
2019 1249 
2063 1205 
1985 1283 
1935 1333 
2359 953 
1983 1285 
1957 1311 
2379 933 
1967 1301 
1969 1299 
1961 1307 
1923 1345 
2371 941 
2351 961 
1985 1283 
1855 1413 
2277 1035 
1843 1425 
2007 1261 
1821 1447 
2009 1259 
1919 1349 
2045 1223 
2023 1245 
1881 1387 
2311 1001 
1977 1291 
2063 1205 
2307 1005 
2299 1013 
2389 923 
1935 1333 
1929 1339 
2351 961 
1921 1347 
1931 1337 
1999 1269 
2081 1187 
1909 1359 
1895 1373 
1995 1273 
1899 1369 
1957 1311 
1873 1395 
2295 1017 
1861 1407 
2287 1025 
1961 1307 
2001 1267 
2083 1185 
2323 989 
1795 1473 
1793 1475 
1851 1417 
1875 1393 
1895 1373 
1921 1347 
1873 1395 
1955 1313 
1827 1441 
1813 1455 
1853 1415 
1757 1511 
1413 1889 
1595 1673 
1659 1609 
1593 1675 
1657 1611 
1673 1595 
1531 1737 
1717 1551 
1667 1601 
1589 1679 
1633 1635 
1373 1929 
1901 1367 
1517 1751 
1499 1803 
1903 1365 
1645 1623 
1633 1635 
1697 1571 
1917 1351 
1659 1609 
1697 1571 
1437 1865 
1745 1523 
1695 1573 
1743 1525 
1695 1573 
1497 1805 
1435 1867 
1741 1527 
1871 1397 
1641 1627 
1587 1681 
1469 1833 
1587 1681 
1837 1431 
1579 1689 
1615 1653 
1743 1525 
1715 1553 
1695 1573 
1501 1801 
1619 1649 
1635 1633 
1697 1571 
1811 1457 
1581 1687 
1669 1599 
1591 1677 
1635 1633 
1473 1829 
1401 1901 
1501 1801 
1375 1927 
1363 2217 
1363 2217 
1435 1867 
1617 1651 
1681 1587 
1587 1681 
1651 1617 
1695 1573 
1679 1589 
1681 1587 
1685 1583 
1503 1799 
1685 1583 
1835 1433 
1789 1479 
1707 1561 
1573 1729 
1755 1513 
1705 1563 
1627 1641 
1727 1541 
1467 1835 
1995 1273 
1611 1657 
1997 1271 
1739 1529 
1727 1541 
1731 1537 
1951 1317 
1693 1575 
1731 1537 
1471 1831 
1777 1491 
1727 1541 
1775 1493 
1755 1513 
1625 1643 
1871 1397 
1613 1655 
1647 1621 
1469 1833 
1495 1807 
1799 1469 
1849 1419 
1613 1655 
1651 1617 
1447 1855 
1801 1467 
1779 1489 
1755 1513 
1511 1791 
1495 1807 
1711 1557 
1815 1453 
1815 1453 
1909 1359 
1673 1595 
1793 1475 
1689 1579 
1815 1453 
1687 1581 
1691 1577 
1713 1555 
1863 1405 
1817 1451 
1861 1407 
2549 783 
2223 1065 
2529 803 
1937 1331 
1935 1333 
1999 1269 
2023 1245 
2015 1253 
2041 1227 
2285 1027 
2337 975 
2499 813 
2279 1033 
2303 1009 
2397 915 
2281 1031 
2365 947 
2015 1253 
2103 1165 
1975 1293 
2191 1077 
1961 1307 
1969 1299 
1995 1273 
2135 1133 
1899 1369 
2001 1267 
1993 1275 
2075 1193 
1915 1353 
1913 1355 
1971 1297 
1995 1273 
2015 1253 
2041 1227 
