1 5 2 3 4 7 8 11 6 10 9 
1 5 2 3 4 7 11 8 6 10 9 
1 5 2 3 4 8 7 11 6 10 9 
1 5 2 3 4 8 11 7 6 10 9 
1 5 2 3 4 11 7 8 6 10 9 
1 5 2 3 4 11 8 7 6 10 9 
1 5 2 3 6 4 8 11 7 10 9 
1 5 2 3 6 4 11 7 8 10 9 
1 5 2 3 6 4 11 8 7 10 9 
1 5 2 3 6 10 8 7 11 4 9 
1 5 2 3 7 4 8 11 6 10 9 
1 5 2 3 7 4 11 8 6 10 9 
1 5 2 3 7 8 4 11 6 10 9 
1 5 2 3 7 8 11 4 6 10 9 
1 5 2 3 7 11 4 8 6 10 9 
1 5 2 3 7 11 6 4 8 10 9 
1 5 2 3 7 11 8 4 6 10 9 
1 5 2 3 7 11 8 10 6 4 9 
1 5 2 3 8 4 6 11 7 10 9 
1 5 2 3 8 4 7 11 6 10 9 
1 5 2 3 8 4 11 7 6 10 9 
1 5 2 3 8 7 4 11 6 10 9 
1 5 2 3 8 7 11 4 6 10 9 
1 5 2 3 8 10 6 4 11 7 9 
1 5 2 3 8 11 4 7 6 10 9 
1 5 2 3 8 11 7 4 6 10 9 
1 5 2 3 8 11 7 10 6 4 9 
1 5 2 3 11 4 7 8 6 10 9 
1 5 2 3 11 4 8 7 6 10 9 
1 5 2 3 11 7 4 8 6 10 9 
1 5 2 3 11 7 8 4 6 10 9 
1 5 2 3 11 7 8 10 6 4 9 
1 5 2 3 11 8 4 7 6 10 9 
1 5 2 3 11 8 7 4 6 10 9 
1 5 2 6 3 7 11 4 8 10 9 
1 5 2 6 3 8 4 11 7 10 9 
1 5 2 6 3 8 7 11 4 10 9 
1 5 2 6 3 8 10 7 11 4 9 
1 5 2 6 4 7 11 3 8 10 9 
1 5 2 6 4 8 3 11 7 10 9 
1 5 2 6 4 8 11 3 7 10 9 
1 5 2 6 4 8 11 7 3 10 9 
1 5 2 6 4 11 3 7 8 10 9 
1 5 2 6 4 11 3 8 7 10 9 
1 5 2 6 4 11 7 3 8 10 9 
1 5 2 6 4 11 7 8 3 10 9 
1 5 2 6 4 11 8 3 7 10 9 
1 5 2 6 4 11 8 7 3 10 9 
1 5 2 6 10 3 8 7 11 4 9 
1 5 2 6 10 7 3 8 11 4 9 
1 5 2 6 10 7 11 3 8 4 9 
1 5 2 6 10 7 11 4 8 3 9 
1 5 2 6 10 8 3 7 11 4 9 
1 5 2 6 11 4 8 3 7 10 9 
1 5 2 7 3 4 8 11 6 10 9 
1 5 2 7 3 4 11 8 6 10 9 
1 5 2 7 3 6 4 11 8 10 9 
1 5 2 7 3 8 4 11 6 10 9 
1 5 2 7 3 8 11 4 6 10 9 
1 5 2 7 3 11 4 8 6 10 9 
1 5 2 7 3 11 8 4 6 10 9 
1 5 2 7 4 3 8 11 6 10 9 
1 5 2 7 4 3 11 8 6 10 9 
1 5 2 7 4 8 3 11 6 10 9 
1 5 2 7 4 8 11 3 6 10 9 
1 5 2 7 4 11 3 8 6 10 9 
1 5 2 7 4 11 8 3 6 10 9 
1 5 2 7 8 3 4 11 6 10 9 
1 5 2 7 8 3 11 4 6 10 9 
1 5 2 7 8 4 3 11 6 10 9 
1 5 2 7 8 4 11 3 6 10 9 
1 5 2 7 8 11 3 4 6 10 9 
1 5 2 7 8 11 4 3 6 10 9 
1 5 2 7 11 3 4 8 6 10 9 
1 5 2 7 11 3 6 4 8 10 9 
1 5 2 7 11 3 8 4 6 10 9 
1 5 2 7 11 3 8 10 6 4 9 
1 5 2 7 11 4 3 8 6 10 9 
1 5 2 7 11 4 6 3 8 10 9 
1 5 2 7 11 4 8 3 6 10 9 
1 5 2 7 11 8 3 4 6 10 9 
1 5 2 7 11 8 4 3 6 10 9 
1 5 2 8 3 4 7 11 6 10 9 
1 5 2 8 3 4 11 7 6 10 9 
1 5 2 8 3 6 4 11 7 10 9 
1 5 2 8 3 6 10 7 11 4 9 
1 5 2 8 3 7 4 11 6 10 9 
1 5 2 8 3 7 11 4 6 10 9 
1 5 2 8 3 7 11 6 4 10 9 
1 5 2 8 3 11 4 7 6 10 9 
1 5 2 8 3 11 7 4 6 10 9 
1 5 2 8 3 11 7 10 6 4 9 
1 5 2 8 4 3 7 11 6 10 9 
1 5 2 8 4 3 11 7 6 10 9 
1 5 2 8 4 6 3 11 7 10 9 
1 5 2 8 4 7 3 11 6 10 9 
1 5 2 8 4 7 11 3 6 10 9 
1 5 2 8 4 11 3 7 6 10 9 
1 5 2 8 4 11 7 3 6 10 9 
1 5 2 8 7 3 4 11 6 10 9 
1 5 2 8 7 3 11 4 6 10 9 
1 5 2 8 7 4 3 11 6 10 9 
1 5 2 8 7 4 11 3 6 10 9 
1 5 2 8 7 11 3 4 6 10 9 
1 5 2 8 7 11 4 3 6 10 9 
1 5 2 8 7 11 4 6 3 10 9 
1 5 2 8 10 6 3 7 11 4 9 
1 5 2 8 10 6 4 11 7 3 9 
1 5 2 8 11 3 4 7 6 10 9 
1 5 2 8 11 3 7 4 6 10 9 
1 5 2 8 11 3 7 10 6 4 9 
1 5 2 8 11 4 3 7 6 10 9 
1 5 2 8 11 4 6 3 7 10 9 
1 5 2 8 11 4 7 3 6 10 9 
1 5 2 8 11 7 3 4 6 10 9 
1 5 2 8 11 7 3 6 4 10 9 
1 5 2 8 11 7 3 10 6 4 9 
1 5 2 8 11 7 4 3 6 10 9 
1 5 2 10 3 7 11 8 4 6 9 
1 5 2 10 3 8 7 11 4 6 9 
1 5 2 10 3 8 7 11 6 4 9 
1 5 2 10 6 3 7 8 4 11 9 
1 5 2 10 6 3 7 8 11 4 9 
1 5 2 10 6 3 7 11 4 8 9 
1 5 2 10 6 3 7 11 8 4 9 
1 5 2 10 6 3 8 4 7 11 9 
1 5 2 10 6 3 8 4 11 7 9 
1 5 2 10 6 3 8 7 11 4 9 
1 5 2 10 6 3 8 11 7 4 9 
1 5 2 10 6 3 11 7 8 4 9 
1 5 2 10 6 3 11 8 7 4 9 
1 5 2 10 6 4 3 8 7 11 9 
1 5 2 10 6 4 3 8 11 7 9 
1 5 2 10 6 4 7 3 8 11 9 
1 5 2 10 6 4 7 11 3 8 9 
1 5 2 10 6 4 7 11 8 3 9 
1 5 2 10 6 4 8 3 7 11 9 
1 5 2 10 6 4 8 3 11 7 9 
1 5 2 10 6 4 8 7 3 11 9 
1 5 2 10 6 4 8 7 11 3 9 
1 5 2 10 6 4 8 11 3 7 9 
1 5 2 10 6 4 8 11 7 3 9 
1 5 2 10 6 4 11 3 7 8 9 
1 5 2 10 6 4 11 3 8 7 9 
1 5 2 10 6 4 11 7 3 8 9 
1 5 2 10 6 4 11 7 8 3 9 
1 5 2 10 6 4 11 8 3 7 9 
1 5 2 10 6 4 11 8 7 3 9 
1 5 2 10 6 8 3 7 11 4 9 
1 5 2 10 6 11 3 7 8 4 9 
1 5 2 10 6 11 4 8 3 7 9 
1 5 2 10 6 11 4 8 7 3 9 
1 5 2 10 6 11 7 3 8 4 9 
1 5 2 10 6 11 7 4 8 3 9 
1 5 2 10 6 11 7 8 3 4 9 
1 5 2 10 6 11 8 3 7 4 9 
1 5 2 10 7 3 8 11 4 6 9 
1 5 2 10 7 3 8 11 6 4 9 
1 5 2 10 7 3 11 8 4 6 9 
1 5 2 10 7 8 3 6 4 11 9 
1 5 2 10 7 8 3 6 11 4 9 
1 5 2 10 7 8 3 11 4 6 9 
1 5 2 10 7 8 3 11 6 4 9 
1 5 2 10 7 8 11 3 6 4 9 
1 5 2 10 7 8 11 4 6 3 9 
1 5 2 10 7 11 3 8 4 6 9 
1 5 2 10 7 11 4 6 3 8 9 
1 5 2 10 7 11 4 8 3 6 9 
1 5 2 10 7 11 6 3 8 4 9 
1 5 2 10 7 11 6 4 8 3 9 
1 5 2 10 7 11 8 3 6 4 9 
1 5 2 10 7 11 8 4 6 3 9 
1 5 2 10 8 3 6 4 7 11 9 
1 5 2 10 8 3 6 4 11 7 9 
1 5 2 10 8 3 6 11 7 4 9 
1 5 2 10 8 3 7 11 4 6 9 
1 5 2 10 8 3 7 11 6 4 9 
1 5 2 10 8 3 11 7 4 6 9 
1 5 2 10 8 4 6 3 7 11 9 
1 5 2 10 8 4 6 3 11 7 9 
1 5 2 10 8 4 6 11 7 3 9 
1 5 2 10 8 4 11 7 3 6 9 
1 5 2 10 8 7 3 6 4 11 9 
1 5 2 10 8 7 3 6 11 4 9 
1 5 2 10 8 7 3 11 4 6 9 
1 5 2 10 8 7 3 11 6 4 9 
1 5 2 10 8 7 11 3 6 4 9 
1 5 2 10 8 7 11 4 6 3 9 
1 5 2 10 8 11 4 6 3 7 9 
1 5 2 10 8 11 7 3 6 4 9 
1 5 4 3 2 7 8 11 6 10 9 
1 5 4 3 2 7 11 8 6 10 9 
1 5 4 3 2 8 7 11 6 10 9 
1 5 4 3 2 8 11 7 6 10 9 
1 5 4 3 7 2 8 11 6 10 9 
1 5 4 3 7 11 8 2 6 10 9 
1 5 4 3 8 2 7 11 6 10 9 
1 5 4 3 8 7 11 6 2 10 9 
1 5 4 3 8 7 11 6 10 2 9 
1 5 4 3 8 11 7 2 6 10 9 
1 5 4 3 11 7 2 8 6 10 9 
1 5 4 3 11 7 8 2 6 10 9 
1 5 4 3 11 8 2 7 6 10 9 
1 5 4 3 11 8 7 2 6 10 9 
1 5 4 6 2 3 7 11 8 10 9 
1 5 4 6 2 3 8 11 7 10 9 
1 5 4 6 2 3 11 7 8 10 9 
1 5 4 6 2 7 11 3 8 10 9 
1 5 4 6 2 8 3 11 7 10 9 
1 5 4 6 2 8 11 3 7 10 9 
1 5 4 6 2 8 11 7 3 10 9 
1 5 4 6 2 10 3 8 7 11 9 
1 5 4 6 2 10 3 8 11 7 9 
1 5 4 6 2 10 7 3 8 11 9 
1 5 4 6 2 10 7 11 3 8 9 
1 5 4 6 2 10 7 11 8 3 9 
1 5 4 6 2 10 8 3 7 11 9 
1 5 4 6 2 10 8 3 11 7 9 
1 5 4 6 2 10 8 7 11 3 9 
1 5 4 6 2 10 8 11 7 3 9 
1 5 4 6 3 2 8 11 7 10 9 
1 5 4 6 3 2 10 8 7 11 9 
1 5 4 6 3 2 10 8 11 7 9 
1 5 4 6 3 7 11 8 2 10 9 
1 5 4 6 3 7 11 8 10 2 9 
1 5 4 6 3 8 2 10 7 11 9 
1 5 4 6 3 8 10 2 7 11 9 
1 5 4 6 3 8 11 7 2 10 9 
1 5 4 6 3 8 11 7 10 2 9 
1 5 4 6 3 11 7 8 2 10 9 
1 5 4 6 3 11 7 8 10 2 9 
1 5 4 6 3 11 8 7 2 10 9 
1 5 4 6 3 11 8 7 10 2 9 
1 5 4 6 7 11 3 8 2 10 9 
1 5 4 6 7 11 8 3 2 10 9 
1 5 4 6 8 3 11 7 2 10 9 
1 5 4 6 8 11 7 3 2 10 9 
1 5 4 6 10 2 3 7 8 11 9 
1 5 4 6 10 2 3 7 11 8 9 
1 5 4 6 10 2 3 8 7 11 9 
1 5 4 6 10 2 3 8 11 7 9 
1 5 4 6 10 2 3 11 7 8 9 
1 5 4 6 10 2 7 3 8 11 9 
1 5 4 6 10 2 7 11 3 8 9 
1 5 4 6 10 2 7 11 8 3 9 
1 5 4 6 10 2 8 3 7 11 9 
1 5 4 6 10 2 8 3 11 7 9 
1 5 4 6 10 2 8 7 3 11 9 
1 5 4 6 10 2 8 7 11 3 9 
1 5 4 6 10 2 8 11 3 7 9 
1 5 4 6 10 2 8 11 7 3 9 
1 5 4 6 10 3 7 11 8 2 9 
1 5 4 6 10 7 3 11 8 2 9 
1 5 4 6 10 7 11 3 8 2 9 
1 5 4 6 10 7 11 8 3 2 9 
1 5 4 6 10 8 3 11 7 2 9 
1 5 4 6 10 8 7 11 3 2 9 
1 5 4 6 10 8 11 7 3 2 9 
1 5 4 6 11 3 7 8 2 10 9 
1 5 4 6 11 3 7 8 10 2 9 
1 5 4 6 11 3 8 7 2 10 9 
1 5 4 6 11 3 8 7 10 2 9 
1 5 4 6 11 7 3 2 8 10 9 
1 5 4 6 11 7 3 8 2 10 9 
1 5 4 6 11 7 3 8 10 2 9 
1 5 4 6 11 7 8 3 2 10 9 
1 5 4 6 11 7 8 3 10 2 9 
1 5 4 6 11 7 10 2 8 3 9 
1 5 4 6 11 8 3 7 2 10 9 
1 5 4 6 11 8 3 7 10 2 9 
1 5 4 6 11 8 7 3 2 10 9 
1 5 4 7 2 3 8 11 6 10 9 
1 5 4 7 2 3 11 8 6 10 9 
1 5 4 7 2 8 3 11 6 10 9 
1 5 4 7 2 8 11 3 6 10 9 
1 5 4 7 3 2 8 11 6 10 9 
1 5 4 7 3 8 11 6 2 10 9 
1 5 4 7 3 8 11 6 10 2 9 
1 5 4 7 3 11 8 2 6 10 9 
1 5 4 7 8 2 3 11 6 10 9 
1 5 4 7 8 11 3 2 6 10 9 
1 5 4 7 8 11 3 6 2 10 9 
1 5 4 7 8 11 3 6 10 2 9 
1 5 4 7 11 3 2 8 6 10 9 
1 5 4 7 11 3 8 2 6 10 9 
1 5 4 7 11 3 8 2 10 6 9 
1 5 4 7 11 6 3 8 2 10 9 
1 5 4 7 11 6 3 8 10 2 9 
1 5 4 7 11 8 2 3 6 10 9 
1 5 4 7 11 8 3 2 6 10 9 
1 5 4 7 11 8 3 2 10 6 9 
1 5 4 7 11 8 3 6 2 10 9 
1 5 4 7 11 8 3 6 10 2 9 
1 5 4 8 2 3 7 11 6 10 9 
1 5 4 8 2 3 11 7 6 10 9 
1 5 4 8 2 7 3 11 6 10 9 
1 5 4 8 2 7 11 3 6 10 9 
1 5 4 8 2 10 6 3 7 11 9 
1 5 4 8 2 10 6 3 11 7 9 
1 5 4 8 2 10 6 11 7 3 9 
1 5 4 8 3 2 7 11 6 10 9 
1 5 4 8 3 2 10 6 11 7 9 
1 5 4 8 3 6 2 10 7 11 9 
1 5 4 8 3 6 10 2 7 11 9 
1 5 4 8 3 6 11 7 2 10 9 
1 5 4 8 3 6 11 7 10 2 9 
1 5 4 8 3 7 11 6 2 10 9 
1 5 4 8 3 7 11 6 10 2 9 
1 5 4 8 3 11 7 2 6 10 9 
1 5 4 8 3 11 7 2 10 6 9 
1 5 4 8 3 11 7 10 2 6 9 
1 5 4 8 3 11 7 10 6 2 9 
1 5 4 8 7 2 3 11 6 10 9 
1 5 4 8 7 3 11 6 2 10 9 
1 5 4 8 7 3 11 6 10 2 9 
1 5 4 8 7 11 3 2 6 10 9 
1 5 4 8 7 11 3 2 10 6 9 
1 5 4 8 7 11 3 6 2 10 9 
1 5 4 8 7 11 3 6 10 2 9 
1 5 4 8 7 11 6 3 2 10 9 
1 5 4 8 10 2 6 3 7 11 9 
1 5 4 8 11 3 2 7 6 10 9 
1 5 4 8 11 3 7 2 6 10 9 
1 5 4 8 11 6 3 7 2 10 9 
1 5 4 8 11 6 3 7 10 2 9 
1 5 4 8 11 7 2 3 6 10 9 
1 5 4 8 11 7 2 10 6 3 9 
1 5 4 8 11 7 3 2 6 10 9 
1 5 4 8 11 7 3 2 10 6 9 
1 5 4 8 11 7 3 6 2 10 9 
1 5 4 8 11 7 3 6 10 2 9 
1 5 4 8 11 7 10 2 6 3 9 
1 5 4 8 11 7 10 6 3 2 9 
1 5 4 11 3 2 7 8 6 10 9 
1 5 4 11 3 2 8 7 6 10 9 
1 5 4 11 3 7 2 8 6 10 9 
1 5 4 11 3 7 8 2 6 10 9 
1 5 4 11 3 7 8 2 10 6 9 
1 5 4 11 3 8 2 7 6 10 9 
1 5 4 11 3 8 7 2 6 10 9 
1 5 4 11 6 3 7 8 2 10 9 
1 5 4 11 6 3 7 8 10 2 9 
1 5 4 11 6 3 8 7 2 10 9 
1 5 4 11 6 3 8 7 10 2 9 
1 5 4 11 6 10 2 8 3 7 9 
1 5 4 11 7 2 3 8 6 10 9 
1 5 4 11 7 2 6 3 8 10 9 
1 5 4 11 7 2 8 3 6 10 9 
1 5 4 11 7 2 10 6 3 8 9 
1 5 4 11 7 2 10 8 3 6 9 
1 5 4 11 7 3 2 8 6 10 9 
1 5 4 11 7 3 6 2 8 10 9 
1 5 4 11 7 3 6 2 10 8 9 
1 5 4 11 7 3 6 8 2 10 9 
1 5 4 11 7 3 6 10 2 8 9 
1 5 4 11 7 3 6 10 8 2 9 
1 5 4 11 7 3 8 2 6 10 9 
1 5 4 11 7 3 8 2 10 6 9 
1 5 4 11 7 3 8 6 2 10 9 
1 5 4 11 7 3 8 6 10 2 9 
1 5 4 11 7 3 8 10 2 6 9 
1 5 4 11 7 3 8 10 6 2 9 
1 5 4 11 7 6 3 8 2 10 9 
1 5 4 11 7 8 2 3 6 10 9 
1 5 4 11 7 8 2 10 6 3 9 
1 5 4 11 7 8 3 2 6 10 9 
1 5 4 11 7 8 3 2 10 6 9 
1 5 4 11 7 8 3 6 2 10 9 
1 5 4 11 7 8 3 6 10 2 9 
1 5 4 11 7 8 3 10 2 6 9 
1 5 4 11 7 8 3 10 6 2 9 
1 5 4 11 7 8 10 2 3 6 9 
1 5 4 11 7 8 10 2 6 3 9 
1 5 4 11 7 8 10 6 3 2 9 
1 5 4 11 7 10 2 6 3 8 9 
1 5 4 11 7 10 2 8 3 6 9 
1 5 4 11 7 10 6 3 8 2 9 
1 5 4 11 7 10 8 3 6 2 9 
1 5 4 11 8 2 3 7 6 10 9 
1 5 4 11 8 2 7 3 6 10 9 
1 5 4 11 8 2 10 6 3 7 9 
1 5 4 11 8 3 2 7 6 10 9 
1 5 4 11 8 3 7 2 6 10 9 
1 5 4 11 8 3 7 2 10 6 9 
1 5 4 11 8 3 7 10 2 6 9 
1 5 4 11 8 3 7 10 6 2 9 
1 5 4 11 8 7 2 3 6 10 9 
1 5 4 11 8 7 3 2 6 10 9 
1 5 4 11 8 7 3 2 10 6 9 
1 5 4 11 8 7 3 6 2 10 9 
1 5 4 11 8 7 3 6 10 2 9 
1 5 7 4 3 2 8 6 10 11 9 
1 5 7 6 8 2 3 4 11 10 9 
1 5 8 6 7 2 3 4 11 10 9 
1 5 11 3 2 7 4 8 6 10 9 
1 5 11 3 2 7 8 4 6 10 9 
1 5 11 3 2 8 4 7 6 10 9 
1 5 11 3 2 8 7 4 6 10 9 
1 5 11 3 4 7 2 8 6 10 9 
1 5 11 3 4 7 8 2 6 10 9 
1 5 11 3 4 8 2 7 6 10 9 
1 5 11 3 4 8 7 2 6 10 9 
1 5 11 3 7 2 8 4 6 10 9 
1 5 11 3 7 4 8 2 6 10 9 
1 5 11 3 7 8 2 10 6 4 9 
1 5 11 3 7 8 4 6 2 10 9 
1 5 11 3 7 8 4 6 10 2 9 
1 5 11 3 8 2 7 4 6 10 9 
1 5 11 3 8 4 7 2 6 10 9 
1 5 11 4 3 2 7 8 6 10 9 
1 5 11 4 3 2 8 7 6 10 9 
1 5 11 4 3 7 2 8 6 10 9 
1 5 11 4 3 7 8 2 6 10 9 
1 5 11 4 3 8 2 7 6 10 9 
1 5 11 4 3 8 7 2 6 10 9 
1 5 11 4 6 3 7 8 2 10 9 
1 5 11 4 6 3 7 8 10 2 9 
1 5 11 4 6 3 8 7 2 10 9 
1 5 11 4 6 3 8 7 10 2 9 
1 5 11 4 6 10 2 8 3 7 9 
1 5 11 4 7 2 3 8 6 10 9 
1 5 11 4 7 2 8 3 6 10 9 
1 5 11 4 7 3 2 8 6 10 9 
1 5 11 4 7 3 8 2 6 10 9 
1 5 11 4 7 8 2 3 6 10 9 
1 5 11 4 7 8 3 2 6 10 9 
1 5 11 4 8 2 3 7 6 10 9 
1 5 11 4 8 2 7 3 6 10 9 
1 5 11 4 8 3 2 7 6 10 9 
1 5 11 4 8 3 7 2 6 10 9 
1 5 11 4 8 7 2 3 6 10 9 
1 5 11 4 8 7 3 2 6 10 9 
1 5 11 4 8 7 3 6 2 10 9 
1 5 11 4 8 7 3 6 10 2 9 
1 5 11 6 4 8 3 7 2 10 9 
1 5 11 6 4 8 7 3 2 10 9 
1 5 11 7 2 3 4 8 6 10 9 
1 5 11 7 2 3 8 4 6 10 9 
1 5 11 7 2 8 3 4 6 10 9 
1 5 11 7 2 8 4 3 6 10 9 
1 5 11 7 2 10 6 3 8 4 9 
1 5 11 7 2 10 6 4 8 3 9 
1 5 11 7 2 10 8 3 6 4 9 
1 5 11 7 3 2 8 4 6 10 9 
1 5 11 7 3 4 8 2 6 10 9 
1 5 11 7 3 6 2 10 8 4 9 
1 5 11 7 3 6 4 8 2 10 9 
1 5 11 7 3 6 4 8 10 2 9 
1 5 11 7 3 6 10 2 8 4 9 
1 5 11 7 3 8 2 10 6 4 9 
1 5 11 7 3 8 4 6 2 10 9 
1 5 11 7 3 8 4 6 10 2 9 
1 5 11 7 3 8 10 2 6 4 9 
1 5 11 7 4 3 2 8 6 10 9 
1 5 11 7 4 3 8 2 6 10 9 
1 5 11 7 4 6 3 8 2 10 9 
1 5 11 7 4 6 3 8 10 2 9 
1 5 11 7 4 8 2 3 6 10 9 
1 5 11 7 4 8 3 2 6 10 9 
1 5 11 7 4 8 3 6 2 10 9 
1 5 11 7 4 8 3 6 10 2 9 
1 5 11 7 8 2 3 4 6 10 9 
1 5 11 7 8 3 2 10 6 4 9 
1 5 11 7 8 3 4 6 2 10 9 
1 5 11 7 8 3 4 6 10 2 9 
1 5 11 7 8 3 10 2 6 4 9 
1 5 11 7 8 4 3 2 6 10 9 
1 5 11 7 8 4 6 3 2 10 9 
1 5 11 7 8 10 2 3 6 4 9 
1 5 11 7 10 2 6 3 8 4 9 
1 5 11 7 10 2 8 3 6 4 9 
1 5 11 8 2 3 4 7 6 10 9 
1 5 11 8 2 3 7 4 6 10 9 
1 5 11 8 2 7 3 4 6 10 9 
1 5 11 8 2 7 4 3 6 10 9 
1 5 11 8 3 2 7 4 6 10 9 
1 5 11 8 3 4 7 2 6 10 9 
1 5 11 8 3 7 2 10 6 4 9 
1 5 11 8 3 7 4 6 2 10 9 
1 5 11 8 3 7 4 6 10 2 9 
1 5 11 8 3 7 10 2 6 4 9 
1 5 11 8 4 3 2 7 6 10 9 
1 5 11 8 4 3 7 2 6 10 9 
1 5 11 8 4 6 3 7 2 10 9 
1 5 11 8 4 6 3 7 10 2 9 
1 5 11 8 4 7 2 3 6 10 9 
1 5 11 8 4 7 3 2 6 10 9 
1 5 11 8 7 2 3 4 6 10 9 
1 5 11 8 7 3 2 10 6 4 9 
1 5 11 8 7 4 3 2 6 10 9 
1 5 11 10 4 3 2 7 6 8 9 
1 5 11 10 6 7 2 3 4 8 9 
1 5 11 10 6 7 4 3 2 8 9 
1 5 11 10 6 8 2 3 4 7 9 
1 5 11 10 6 8 2 7 4 3 9 
0
2063 889 
2113 864 
1923 959 
2071 885 
2029 906 
2127 857 
1511 1203 
1497 1210 
1567 1175 
1561 1178 
1891 975 
1997 922 
1807 1017 
1699 1071 
1857 992 
1531 1193 
1643 1099 
1487 1215 
1521 1198 
1811 1015 
1875 983 
1867 987 
1619 1111 
1557 1180 
2015 913 
1703 1069 
1477 1220 
2057 892 
2015 913 
2001 920 
1703 1069 
1547 1185 
2099 871 
1843 999 
1489 1214 
1479 1219 
1573 1172 
1323 1335 
1535 1191 
1465 1226 
1545 1186 
1517 1200 
1531 1193 
1521 1198 
1391 1263 
1493 1212 
1461 1228 
1573 1172 
1557 1180 
1525 1196 
1529 1194 
1573 1172 
1455 1231 
1569 1174 
1995 923 
2101 870 
1569 1174 
1799 1021 
1691 1075 
1989 926 
1775 1033 
2055 893 
2245 798 
1943 949 
1933 954 
2049 896 
1849 996 
1971 935 
1751 1045 
2055 893 
1849 996 
1947 947 
1961 940 
2105 868 
1573 1172 
1695 1073 
1539 1189 
2021 910 
1489 1214 
1709 1066 
1807 1017 
1905 968 
1939 951 
2003 919 
1443 1237 
1507 1205 
1823 1009 
1575 1133 
1571 1173 
2031 905 
1719 1061 
1493 1212 
1879 981 
2087 877 
1527 1195 
1907 967 
1817 1012 
1971 935 
1673 1084 
1935 953 
1715 1063 
2079 881 
1873 984 
1831 1005 
1845 998 
1555 1181 
1517 1200 
1547 1185 
2227 807 
1799 1021 
1573 1172 
2083 879 
1523 1197 
1813 1014 
1771 1035 
1561 1178 
1545 1186 
1929 956 
1289 1352 
1265 1364 
1265 1364 
1537 1190 
1429 1244 
1481 1218 
1373 1272 
1541 1188 
1443 1237 
1349 1284 
1433 1242 
1433 1242 
1573 1172 
1555 1181 
1541 1188 
1523 1197 
1527 1195 
1463 1227 
1383 1267 
1429 1244 
1523 1197 
1463 1227 
1509 1204 
1403 1257 
1523 1197 
1485 1216 
1383 1267 
1379 1269 
1425 1246 
1459 1229 
1489 1214 
1523 1197 
1533 1192 
1567 1175 
1383 1267 
1571 1173 
1555 1181 
1523 1197 
1233 1380 
1233 1380 
1317 1338 
1307 1343 
1307 1343 
1293 1350 
1293 1350 
1283 1355 
1327 1333 
1237 1378 
1251 1371 
1251 1371 
1251 1371 
1281 1356 
1143 1425 
1271 1361 
1321 1336 
1223 1385 
1321 1336 
1163 1415 
1163 1415 
1307 1343 
1261 1366 
1307 1343 
1291 1351 
1261 1366 
1317 1338 
1317 1338 
1303 1345 
1303 1345 
1213 1390 
1257 1368 
1303 1345 
1153 1420 
2061 890 
2111 865 
1945 948 
2093 874 
2017 912 
1829 1006 
1937 952 
1549 1184 
1549 1184 
1865 988 
2127 857 
1889 976 
2225 808 
2005 918 
1481 1218 
1471 1223 
1541 1188 
1533 1192 
1487 1215 
1567 1175 
1539 1189 
1323 1335 
1309 1342 
1291 1351 
1295 1349 
1231 1381 
1221 1386 
1267 1363 
1301 1346 
1241 1376 
1533 1192 
1327 1333 
1313 1340 
1331 1293 
1147 1423 
1273 1360 
1319 1337 
1367 1275 
1137 1428 
1391 1263 
1207 1393 
1507 1205 
1277 1358 
1549 1184 
1533 1192 
1567 1175 
1515 1201 
1529 1194 
1473 1222 
1449 1234 
1435 1241 
1533 1192 
1521 1198 
1525 1196 
1461 1228 
1405 1256 
1451 1233 
1545 1186 
1485 1216 
1531 1193 
1425 1246 
1539 1189 
1567 1175 
1487 1215 
1471 1223 
1533 1192 
1541 1188 
1481 1218 
1481 1218 
1297 1348 
1517 1200 
1287 1353 
1553 1182 
1341 1288 
1157 1418 
1385 1266 
1259 1367 
1303 1345 
1457 1230 
1227 1383 
1465 1226 
1949 946 
2139 851 
1965 938 
1955 943 
1913 964 
1517 1200 
1517 1200 
1857 992 
1973 934 
1901 970 
1567 1175 
1567 1175 
2023 909 
1777 1032 
1549 1184 
1499 1209 
1315 1339 
1823 1009 
1761 1040 
1533 1192 
1427 1245 
1427 1245 
1773 1034 
1981 930 
1905 968 
1815 1013 
1503 1207 
1549 1184 
1533 1192 
1809 1016 
1543 1187 
1309 1342 
1539 1189 
1475 1221 
1245 1374 
1377 1270 
1377 1270 
1753 1044 
1525 1196 
1295 1349 
1523 1197 
1949 946 
1517 1200 
1517 1200 
1761 1040 
1533 1192 
1427 1245 
1427 1245 
1483 1217 
1319 1337 
2097 872 
1833 1004 
1555 1181 
1325 1334 
1799 1021 
1559 1179 
1701 1070 
1473 1222 
1367 1275 
1367 1275 
1329 1332 
1569 1174 
2055 893 
2037 902 
2011 915 
1773 1034 
1545 1186 
2029 906 
1809 1016 
1495 1211 
1311 1341 
1531 1193 
1301 1346 
1555 1181 
1915 963 
1547 1185 
1731 1055 
1539 1189 
1319 1337 
1879 981 
1511 1203 
1319 1337 
1545 1186 
1503 1207 
1511 1203 
1633 1104 
1405 1256 
1483 1217 
1483 1217 
1221 1386 
1449 1234 
1563 1177 
1739 1051 
1499 1209 
1677 1082 
1449 1234 
1343 1287 
1343 1287 
1323 1335 
1551 1183 
1327 1333 
1315 1339 
1555 1181 
1309 1342 
1273 1360 
1501 1208 
1317 1338 
1977 932 
1811 1015 
1545 1186 
2013 914 
1749 1046 
1521 1198 
1291 1351 
1519 1199 
1855 993 
1757 1042 
1529 1194 
1423 1247 
1423 1247 
2679 696 
2679 696 
2683 694 
2247 797 
1949 946 
2229 806 
1973 934 
2375 733 
2137 852 
2333 754 
2113 864 
1905 968 
1965 938 
1545 1186 
1517 1200 
1517 1200 
1965 938 
2001 920 
2275 783 
2257 792 
2231 805 
1993 924 
2249 796 
2029 906 
1495 1211 
1311 1341 
1531 1193 
1301 1346 
1555 1181 
2163 839 
1979 931 
2127 857 
1881 980 
1987 927 
1925 958 
2085 878 
1919 961 
2121 860 
1857 992 
1963 939 
1865 988 
1531 1193 
1531 1193 
1565 1176 
1573 1172 
2219 811 
1809 1016 
1937 952 
2035 903 
1539 1189 
1569 1174 
1319 1337 
1773 1034 
1937 952 
1319 1337 
1439 1239 
1255 1369 
1503 1207 
1405 1256 
1377 1270 
1377 1270 
1221 1386 
2243 799 
1997 922 
1499 1209 
1315 1339 
1931 955 
1869 986 
1535 1191 
1535 1191 
1945 948 
1449 1234 
1549 1184 
1549 1184 
1323 1335 
1981 930 
1483 1217 
1327 1333 
1309 1342 
1273 1360 
2341 750 
1913 964 
2017 912 
2175 833 
1949 946 
2113 864 
1521 1198 
1517 1200 
1517 1200 
1291 1351 
2317 762 
2053 894 
1555 1181 
1325 1334 
2047 897 
1949 946 
2061 890 
1529 1194 
2121 860 
2587 703 
2485 716 
2509 704 
2453 732 
2479 719 
