1 6 3 4 2 5 10 11 8 9 7 
1 6 3 4 5 2 10 11 8 9 7 
1 6 3 4 5 10 2 11 8 9 7 
1 6 3 4 10 5 2 11 8 9 7 
1 6 3 5 2 4 9 8 10 11 7 
1 6 3 5 2 4 10 11 8 9 7 
1 6 3 5 2 10 4 9 8 11 7 
1 6 3 5 4 2 10 11 8 9 7 
1 6 3 5 10 2 4 9 8 11 7 
1 6 3 8 9 4 2 5 10 11 7 
1 6 3 8 9 4 5 2 10 11 7 
1 6 3 9 2 5 10 4 11 8 7 
1 6 3 9 2 10 5 4 11 8 7 
1 6 3 9 4 2 5 8 10 11 7 
1 6 3 9 4 2 5 10 8 11 7 
1 6 3 9 4 2 5 10 11 8 7 
1 6 3 9 4 5 2 8 10 11 7 
1 6 3 9 4 5 2 10 8 11 7 
1 6 3 9 4 5 2 10 11 8 7 
1 6 3 9 4 5 10 2 8 11 7 
1 6 3 9 4 10 5 2 8 11 7 
1 6 3 9 8 2 4 5 10 11 7 
1 6 3 9 8 2 5 4 10 11 7 
1 6 3 9 8 5 2 4 10 11 7 
1 6 3 9 8 5 4 2 10 11 7 
1 6 3 9 8 10 2 5 4 11 7 
1 6 3 9 8 10 4 5 2 11 7 
1 6 3 9 8 10 5 2 4 11 7 
1 6 3 9 8 10 5 4 2 11 7 
1 6 3 9 8 11 2 4 10 5 7 
1 6 3 9 8 11 2 5 10 4 7 
1 6 3 9 8 11 2 10 4 5 7 
1 6 3 9 8 11 2 10 5 4 7 
1 6 3 9 8 11 10 2 5 4 7 
1 6 3 9 8 11 10 5 2 4 7 
1 6 3 10 2 5 4 9 8 11 7 
1 6 3 10 2 5 4 11 8 9 7 
1 6 3 10 5 2 4 9 8 11 7 
1 6 3 10 5 2 4 11 8 9 7 
1 6 3 10 8 11 2 5 4 9 7 
1 6 4 2 5 10 3 9 8 11 7 
1 6 4 2 5 10 3 11 8 9 7 
1 6 4 2 10 5 3 9 8 11 7 
1 6 4 2 10 5 8 9 11 3 7 
1 6 4 2 10 5 8 11 3 9 7 
1 6 4 2 10 5 8 11 9 3 7 
1 6 4 2 10 5 9 3 11 8 7 
1 6 4 2 10 5 9 8 11 3 7 
1 6 4 2 10 5 9 11 3 8 7 
1 6 4 2 10 5 11 3 9 8 7 
1 6 4 2 10 5 11 8 9 3 7 
1 6 4 3 11 5 10 2 9 8 7 
1 6 4 3 11 8 9 2 10 5 7 
1 6 4 3 11 9 2 10 5 8 7 
1 6 4 5 2 10 3 9 8 11 7 
1 6 4 5 2 10 3 11 8 9 7 
1 6 4 5 10 2 3 11 9 8 7 
1 6 4 5 10 2 8 9 11 3 7 
1 6 4 5 10 2 8 11 9 3 7 
1 6 4 5 10 2 9 3 11 8 7 
1 6 4 5 10 2 9 8 11 3 7 
1 6 4 5 10 2 9 11 3 8 7 
1 6 4 5 10 2 11 8 9 3 7 
1 6 4 10 2 5 3 9 8 11 7 
1 6 4 10 2 5 8 9 11 3 7 
1 6 4 10 2 5 8 11 3 9 7 
1 6 4 10 2 5 8 11 9 3 7 
1 6 4 10 2 5 9 3 11 8 7 
1 6 4 10 2 5 9 8 11 3 7 
1 6 4 10 2 5 9 11 3 8 7 
1 6 4 10 2 5 11 3 9 8 7 
1 6 4 10 2 5 11 8 9 3 7 
1 6 4 10 2 9 3 11 5 8 7 
1 6 4 10 2 9 3 11 8 5 7 
1 6 4 10 2 9 5 8 11 3 7 
1 6 4 10 2 9 5 11 3 8 7 
1 6 4 10 2 9 5 11 8 3 7 
1 6 4 10 2 9 8 3 11 5 7 
1 6 4 10 2 9 8 5 11 3 7 
1 6 4 10 2 9 11 3 8 5 7 
1 6 4 10 2 9 11 5 8 3 7 
1 6 4 10 5 2 3 11 9 8 7 
1 6 4 10 5 2 8 9 11 3 7 
1 6 4 10 5 2 8 11 9 3 7 
1 6 4 10 5 2 9 3 11 8 7 
1 6 4 10 5 2 9 8 11 3 7 
1 6 4 10 5 2 9 11 3 8 7 
1 6 4 10 5 2 11 8 9 3 7 
1 6 4 10 5 8 2 9 11 3 7 
1 6 4 10 5 9 2 8 11 3 7 
1 6 8 9 3 4 2 5 10 11 7 
1 6 8 9 3 4 5 2 10 11 7 
1 6 8 9 3 5 2 4 10 11 7 
1 6 8 9 3 5 4 2 10 11 7 
1 6 8 9 3 10 2 5 4 11 7 
1 6 8 9 3 10 4 5 2 11 7 
1 6 8 9 3 10 5 2 4 11 7 
1 6 8 9 3 10 5 4 2 11 7 
1 6 8 10 3 5 2 11 4 9 7 
1 6 8 10 3 9 4 5 2 11 7 
1 6 8 10 11 2 4 5 3 9 7 
1 6 8 10 11 4 2 5 3 9 7 
1 6 8 11 2 4 5 10 3 9 7 
1 6 8 11 2 5 4 10 3 9 7 
1 6 8 11 4 2 5 10 3 9 7 
1 6 8 11 4 5 2 10 3 9 7 
1 6 8 11 10 2 4 5 3 9 7 
1 6 8 11 10 4 2 5 3 9 7 
1 6 9 2 4 10 5 8 11 3 7 
1 6 9 2 4 10 5 11 8 3 7 
1 6 9 2 5 10 4 3 11 8 7 
1 6 9 2 10 4 5 8 11 3 7 
1 6 9 2 10 4 5 11 8 3 7 
1 6 9 2 10 5 4 3 11 8 7 
1 6 9 3 4 2 5 10 11 8 7 
1 6 9 3 4 2 10 5 11 8 7 
1 6 9 3 4 5 2 10 11 8 7 
1 6 9 3 4 10 2 5 11 8 7 
1 6 9 3 10 2 5 4 11 8 7 
1 6 9 3 10 5 2 4 11 8 7 
1 6 9 3 11 8 2 4 10 5 7 
1 6 9 3 11 8 2 10 4 5 7 
1 6 9 3 11 8 5 2 10 4 7 
1 6 9 3 11 8 5 10 2 4 7 
1 6 9 4 2 10 5 8 11 3 7 
1 6 9 4 10 2 5 8 11 3 7 
1 6 9 8 11 2 5 10 4 3 7 
1 6 9 8 11 2 10 5 4 3 7 
1 6 9 8 11 3 4 2 10 5 7 
1 6 9 8 11 3 4 10 2 5 7 
1 6 9 8 11 4 2 5 10 3 7 
1 6 9 8 11 4 5 2 10 3 7 
1 6 9 8 11 10 2 5 4 3 7 
1 6 9 8 11 10 5 2 4 3 7 
1 6 9 11 8 2 5 10 4 3 7 
1 6 9 11 8 2 10 5 4 3 7 
1 6 10 2 4 5 3 9 8 11 7 
1 6 10 2 4 5 8 9 3 11 7 
1 6 10 2 4 5 8 9 11 3 7 
1 6 10 2 4 5 8 11 3 9 7 
1 6 10 2 4 5 8 11 9 3 7 
1 6 10 2 4 5 9 8 11 3 7 
1 6 10 2 4 5 11 8 9 3 7 
1 6 10 2 5 4 3 9 8 11 7 
1 6 10 2 5 4 3 9 11 8 7 
1 6 10 2 5 4 3 11 8 9 7 
1 6 10 2 5 4 9 3 8 11 7 
1 6 10 2 5 4 9 3 11 8 7 
1 6 10 2 5 4 9 8 11 3 7 
1 6 10 2 5 4 11 8 3 9 7 
1 6 10 2 5 4 11 8 9 3 7 
1 6 10 4 2 5 3 9 8 11 7 
1 6 10 4 2 5 8 9 3 11 7 
1 6 10 4 2 5 8 9 11 3 7 
1 6 10 4 2 5 8 11 3 9 7 
1 6 10 4 2 5 8 11 9 3 7 
1 6 10 4 2 5 9 8 11 3 7 
1 6 10 4 2 5 11 8 9 3 7 
1 6 10 4 5 2 8 11 3 9 7 
1 6 10 4 5 2 8 11 9 3 7 
1 6 10 4 5 2 9 3 11 8 7 
1 6 10 4 5 2 9 8 11 3 7 
1 6 10 4 5 2 11 8 9 3 7 
1 6 10 5 2 4 3 9 8 11 7 
1 6 10 5 2 4 3 9 11 8 7 
1 6 10 5 2 4 3 11 8 9 7 
1 6 10 5 2 4 9 3 8 11 7 
1 6 10 5 2 4 9 3 11 8 7 
1 6 10 5 2 4 9 8 11 3 7 
1 6 10 5 2 4 11 8 3 9 7 
1 6 10 5 2 4 11 8 9 3 7 
1 6 10 5 4 2 8 11 3 9 7 
1 6 10 5 4 2 8 11 9 3 7 
1 6 10 5 4 2 9 3 11 8 7 
1 6 10 5 4 2 9 8 11 3 7 
1 6 10 5 4 2 11 8 9 3 7 
1 6 10 8 9 3 5 2 4 11 7 
1 6 10 8 11 4 2 5 3 9 7 
1 6 11 2 4 10 5 8 9 3 7 
1 6 11 2 10 4 5 8 9 3 7 
1 6 11 3 4 5 10 2 8 9 7 
1 6 11 3 4 5 10 2 9 8 7 
1 6 11 3 4 10 5 2 8 9 7 
1 6 11 3 4 10 5 2 9 8 7 
1 6 11 3 9 2 4 10 5 8 7 
1 6 11 3 9 2 10 4 5 8 7 
1 6 11 3 9 4 2 10 5 8 7 
1 6 11 3 9 4 10 2 5 8 7 
1 6 11 3 9 8 2 5 10 4 7 
1 6 11 3 9 8 2 10 5 4 7 
1 6 11 3 9 8 5 4 10 2 7 
1 6 11 3 9 8 5 10 4 2 7 
1 6 11 4 2 10 5 8 9 3 7 
1 6 11 4 5 10 2 8 9 3 7 
1 6 11 4 10 2 5 8 9 3 7 
1 6 11 4 10 5 2 8 9 3 7 
1 6 11 5 2 10 4 3 9 8 7 
1 6 11 5 4 10 2 8 9 3 7 
1 6 11 5 10 2 4 3 9 8 7 
1 6 11 5 10 4 2 8 9 3 7 
1 6 11 8 2 4 5 10 3 9 7 
1 6 11 8 2 4 10 5 9 3 7 
1 6 11 8 2 5 4 10 3 9 7 
1 6 11 8 2 5 10 4 3 9 7 
1 6 11 8 2 5 10 4 9 3 7 
1 6 11 8 2 10 4 5 9 3 7 
1 6 11 8 2 10 5 4 3 9 7 
1 6 11 8 2 10 5 4 9 3 7 
1 6 11 8 3 9 2 4 10 5 7 
1 6 11 8 3 9 2 10 4 5 7 
1 6 11 8 5 2 4 10 3 9 7 
1 6 11 8 5 2 10 4 3 9 7 
1 6 11 8 5 2 10 4 9 3 7 
1 6 11 8 5 4 2 10 3 9 7 
1 6 11 8 5 4 10 2 9 3 7 
1 6 11 8 5 10 2 4 3 9 7 
1 6 11 8 5 10 2 4 9 3 7 
1 6 11 8 5 10 4 2 9 3 7 
1 6 11 8 9 2 4 5 10 3 7 
1 6 11 8 9 2 4 10 5 3 7 
1 6 11 8 9 2 5 4 10 3 7 
1 6 11 8 9 2 5 10 4 3 7 
1 6 11 8 9 2 10 4 5 3 7 
1 6 11 8 9 2 10 5 4 3 7 
1 6 11 8 9 3 4 2 10 5 7 
1 6 11 8 9 3 4 10 2 5 7 
1 6 11 8 9 3 5 2 10 4 7 
1 6 11 8 9 3 5 10 2 4 7 
1 6 11 8 9 3 10 2 5 4 7 
1 6 11 8 9 3 10 5 2 4 7 
1 6 11 8 9 4 2 5 10 3 7 
1 6 11 8 9 4 2 10 5 3 7 
1 6 11 8 9 4 5 2 10 3 7 
1 6 11 8 9 4 10 2 5 3 7 
1 6 11 8 9 5 2 10 4 3 7 
1 6 11 8 9 5 10 2 4 3 7 
1 6 11 9 3 4 2 10 5 8 7 
1 6 11 9 3 4 10 2 5 8 7 
1 6 11 9 8 2 5 10 4 3 7 
1 6 11 9 8 2 10 5 4 3 7 
1 6 11 9 8 5 2 10 4 3 7 
1 6 11 9 8 5 10 2 4 3 7 
1 6 11 10 2 4 5 3 9 8 7 
1 6 11 10 2 4 5 8 9 3 7 
1 6 11 10 2 5 4 3 9 8 7 
1 6 11 10 4 2 5 3 9 8 7 
1 6 11 10 4 2 5 8 9 3 7 
1 6 11 10 4 5 2 8 9 3 7 
1 6 11 10 5 2 4 3 9 8 7 
1 6 11 10 5 4 2 8 9 3 7 
0
2298 1722 
2298 1722 
2136 1965 
2136 1965 
2942 1086 
2368 1659 
2252 1803 
2368 1659 
2252 1803 
2462 1545 
2462 1545 
1948 2247 
1948 2247 
2872 1149 
2636 1305 
2352 1668 
2926 1095 
2636 1305 
2352 1668 
2236 1812 
2236 1812 
2382 1626 
2382 1626 
2328 1680 
2328 1680 
2658 1275 
2620 1362 
2658 1275 
2620 1362 
1954 2241 
2136 1965 
1954 2241 
2136 1965 
2298 1722 
2298 1722 
2408 1569 
2400 1581 
2408 1569 
2400 1581 
2906 1137 
1970 2187 
1782 2508 
1814 2421 
1304 3216 
1556 2805 
1462 2937 
1358 3162 
1304 3216 
1240 3438 
1358 3162 
1462 2937 
1168 3615 
1184 3534 
1168 3615 
1970 2187 
1782 2508 
1262 3393 
1358 3162 
1516 2883 
1330 3174 
1276 3228 
1212 3450 
1698 2583 
1814 2421 
1304 3216 
1556 2805 
1462 2937 
1358 3162 
1304 3216 
1240 3438 
1358 3162 
1462 2937 
1168 3615 
1184 3534 
1114 3669 
1050 3891 
1154 3666 
1066 3810 
1114 3669 
1066 3810 
1154 3666 
1262 3393 
1358 3162 
1516 2883 
1330 3174 
1276 3228 
1212 3450 
1698 2583 
1168 3615 
1168 3615 
2478 1533 
2478 1533 
2548 1470 
2548 1470 
2580 1392 
2542 1479 
2580 1392 
2542 1479 
3238 927 
3086 948 
3046 1038 
3084 951 
2512 1521 
2512 1521 
2550 1434 
2550 1434 
2518 1512 
2518 1512 
1376 3078 
1416 3075 
1430 3024 
1376 3078 
1416 3075 
1430 3024 
2014 2136 
1616 2733 
2014 2136 
1616 2733 
2116 1995 
2116 1995 
1528 2877 
1528 2877 
1656 2655 
1656 2655 
1656 2655 
1656 2655 
1798 2433 
1798 2433 
1474 2931 
1474 2931 
2062 2049 
2062 2049 
1960 2190 
1960 2190 
1616 2733 
1616 2733 
2256 1758 
2028 2100 
1746 2553 
1998 2142 
1904 2274 
1746 2553 
1904 2274 
2186 1821 
1958 2220 
1998 2142 
2320 1686 
2052 2088 
1998 2142 
2312 1698 
2178 1833 
2256 1758 
2028 2100 
1746 2553 
1998 2142 
1904 2274 
1746 2553 
1904 2274 
2052 2088 
1958 2220 
1772 2511 
1718 2565 
2140 1920 
2186 1821 
1958 2220 
1998 2142 
2320 1686 
2052 2088 
1998 2142 
2312 1698 
2178 1833 
2052 2088 
1958 2220 
1772 2511 
1718 2565 
2140 1920 
2822 1197 
2792 1239 
1826 2391 
1826 2391 
1738 2559 
1458 2982 
1738 2559 
1458 2982 
1458 2982 
1458 2982 
1738 2559 
1738 2559 
1738 2559 
1738 2559 
1508 2925 
1508 2925 
1864 2304 
1918 2250 
1864 2304 
1918 2250 
1644 2691 
1644 2691 
1644 2691 
1644 2691 
2122 1983 
1644 2691 
2122 1983 
1896 2280 
1896 2280 
1644 2691 
1896 2280 
1896 2280 
1514 2898 
1514 2898 
2068 2037 
1842 2334 
1842 2334 
2068 2037 
1562 2757 
1842 2334 
1842 2334 
1562 2757 
1788 2460 
1632 2694 
1788 2460 
1562 2757 
1632 2694 
1562 2757 
1660 2610 
1660 2610 
1912 2271 
1912 2271 
2068 2037 
2068 2037 
2068 2037 
1912 2271 
2068 2037 
1912 2271 
1590 2745 
1590 2745 
1644 2691 
1644 2691 
1644 2691 
1644 2691 
1590 2745 
1590 2745 
2112 2031 
1988 2148 
2042 2094 
2112 2031 
1988 2148 
2042 2094 
2042 2094 
2042 2094 
