1 8 38 31 44 18 7 28 6 37 19 27 17 43 30 36 46 33 20 47 21 32 39 48 5 42 24 10 45 57 52 58 51 50 56 49 55 54 53 35 4 26 2 29 34 41 16 22 3 23 14 25 13 11 12 15 40 9 
1 8 38 31 44 18 7 28 6 37 19 27 17 43 30 36 46 33 20 47 21 32 39 48 5 42 24 10 45 57 55 49 56 50 51 58 52 54 53 35 4 26 2 29 34 41 16 22 3 23 14 25 13 11 12 15 40 9 
1 8 38 31 44 18 7 28 6 37 19 27 17 43 30 36 46 33 20 47 21 32 39 48 5 42 24 10 45 57 52 49 56 50 51 58 55 54 53 35 4 26 2 29 34 41 16 22 3 23 14 25 13 11 12 15 40 9 
1 8 38 31 44 18 7 28 6 37 19 27 17 43 30 36 46 33 20 47 21 32 39 48 5 42 24 10 45 57 55 58 51 50 56 49 52 54 53 35 4 26 2 29 34 41 16 22 3 23 14 25 13 11 12 15 40 9 
1 8 38 31 44 18 7 28 6 37 19 27 17 43 30 36 46 33 20 47 21 32 39 48 5 42 24 10 45 57 54 55 49 52 58 51 50 56 53 35 4 26 2 29 34 41 16 22 3 23 14 25 13 11 12 15 40 9 
1 8 38 31 44 18 7 28 6 37 19 27 17 43 30 36 46 33 20 47 21 32 39 48 5 42 24 10 45 57 52 55 49 56 50 51 58 54 53 35 4 26 2 29 34 41 16 22 3 23 14 25 13 11 12 15 40 9 
1 8 38 31 44 18 7 28 6 37 19 27 17 43 30 36 46 33 20 47 21 32 39 48 5 42 24 10 45 57 55 52 49 56 50 51 58 54 53 35 4 26 2 29 34 41 16 22 3 23 14 25 13 11 12 15 40 9 
1 8 38 31 44 18 7 28 6 37 19 27 17 43 30 36 46 33 20 47 21 32 39 48 5 42 24 10 45 57 55 49 52 58 51 56 50 54 53 35 4 26 2 29 34 41 16 22 3 23 14 25 13 11 12 15 40 9 
1 8 38 31 44 18 7 28 6 37 19 27 17 43 30 36 46 33 20 47 21 32 39 48 5 42 24 10 45 57 52 49 55 58 51 56 50 54 53 35 4 26 2 29 34 41 16 22 3 23 14 25 13 11 12 15 40 9 
1 8 38 31 44 18 7 28 6 37 19 27 17 43 30 36 46 33 20 47 21 32 39 48 5 42 24 10 45 57 55 49 52 58 51 50 56 54 53 35 4 26 2 29 34 41 16 22 3 23 14 25 13 11 12 15 40 9 
1 8 38 31 44 18 7 28 6 37 19 27 17 43 30 36 46 33 20 47 21 32 39 48 5 42 24 10 45 57 52 49 55 56 50 51 58 54 53 35 4 26 2 29 34 41 16 22 3 23 14 25 13 11 12 15 40 9 
1 8 38 31 44 18 7 28 6 37 19 27 17 43 30 36 46 33 20 47 21 32 39 48 5 42 24 10 45 57 55 49 52 56 50 51 58 54 53 35 4 26 2 29 34 41 16 22 3 23 14 25 13 11 12 15 40 9 
1 8 38 31 44 18 7 28 6 37 19 27 17 43 30 36 46 33 20 47 21 32 39 48 5 42 24 10 45 57 52 49 55 50 56 51 58 54 53 35 4 26 2 29 34 41 16 22 3 23 14 25 13 11 12 15 40 9 
1 8 38 31 44 18 7 28 6 37 19 27 17 43 30 36 46 33 20 47 21 32 39 48 5 42 24 10 45 57 55 49 52 50 56 51 58 54 53 35 4 26 2 29 34 41 16 22 3 23 14 25 13 11 12 15 40 9 
1 8 38 31 44 18 7 28 6 37 19 27 17 43 30 36 46 33 20 47 21 32 39 48 5 42 24 10 45 57 54 50 56 55 49 52 58 51 53 35 4 26 2 29 34 41 16 22 3 23 14 25 13 11 12 15 40 9 
1 8 38 31 44 18 7 28 6 37 19 27 17 43 30 36 46 33 20 47 21 32 39 48 5 42 24 10 45 57 52 58 51 56 49 55 50 54 53 35 4 26 2 29 34 41 16 22 3 23 14 25 13 11 12 15 40 9 
1 8 38 31 44 18 7 28 6 37 19 27 17 43 30 36 46 33 20 47 21 32 39 48 5 42 24 10 45 57 55 49 56 51 58 52 50 54 53 35 4 26 2 29 34 41 16 22 3 23 14 25 13 11 12 15 40 9 
1 8 38 31 44 18 7 28 6 37 19 27 17 43 30 36 46 33 20 47 21 32 39 48 5 42 24 10 45 57 54 58 52 49 55 56 50 51 53 35 4 26 2 29 34 41 16 22 3 23 14 25 13 11 12 15 40 9 
1 8 38 31 44 18 7 28 6 37 19 27 17 43 30 36 46 33 20 47 21 32 39 48 5 42 24 10 45 57 55 49 52 58 56 51 50 54 53 35 4 26 2 29 34 41 16 22 3 23 14 25 13 11 12 15 40 9 
1 8 38 31 44 18 7 28 6 37 19 27 17 43 30 36 46 33 20 47 21 32 39 48 5 42 24 10 45 57 54 58 52 49 55 50 56 51 53 35 4 26 2 29 34 41 16 22 3 23 14 25 13 11 12 15 40 9 
1 8 38 31 44 18 7 28 6 37 19 27 17 43 30 36 46 33 20 47 21 32 39 48 5 42 24 10 45 57 55 49 52 58 54 50 56 51 53 35 4 26 2 29 34 41 16 22 3 23 14 25 13 11 12 15 40 9 
1 8 38 31 44 18 7 28 6 37 19 27 17 43 30 36 46 33 20 47 21 32 39 48 5 42 24 10 45 57 55 49 52 58 50 56 51 54 53 35 4 26 2 29 34 41 16 22 3 23 14 25 13 11 12 15 40 9 
1 8 38 31 44 18 7 28 6 37 19 27 17 43 30 36 46 33 20 47 21 32 39 48 5 42 24 10 45 57 52 58 51 55 49 56 50 54 53 35 4 26 2 29 34 41 16 22 3 23 14 25 13 11 12 15 40 9 
1 8 38 31 44 18 7 28 6 37 19 27 17 43 30 36 46 33 20 47 21 32 39 48 5 42 24 10 45 57 55 49 56 50 52 58 51 54 53 35 4 26 2 29 34 41 16 22 3 23 14 25 13 11 12 15 40 9 
1 8 38 31 44 18 7 28 6 37 19 27 17 43 30 36 46 33 20 47 21 32 39 48 5 42 24 10 45 57 55 50 56 49 52 58 51 54 53 35 4 26 2 29 34 41 16 22 3 23 14 25 13 11 12 15 40 9 
1 8 38 31 44 18 7 28 6 37 19 27 17 43 30 36 46 33 20 47 21 32 39 48 5 42 24 10 45 57 55 51 58 52 49 56 50 54 53 35 4 26 2 29 34 41 16 22 3 23 14 25 13 11 12 15 40 9 
1 8 38 31 44 18 7 28 6 37 19 27 17 43 30 36 46 33 20 47 21 32 39 48 5 42 24 10 45 57 54 50 56 52 49 55 58 51 53 35 4 26 2 29 34 41 16 22 3 23 14 25 13 11 12 15 40 9 
1 8 38 31 44 18 7 28 6 37 19 27 17 43 30 36 46 33 20 47 21 32 39 48 5 42 24 10 45 57 52 49 56 51 58 55 50 54 53 35 4 26 2 29 34 41 16 22 3 23 14 25 13 11 12 15 40 9 
1 8 38 31 44 18 7 28 6 37 19 27 17 43 30 36 46 33 20 47 21 32 39 48 5 42 24 10 45 57 55 58 51 56 49 52 50 54 53 35 4 26 2 29 34 41 16 22 3 23 14 25 13 11 12 15 40 9 
1 8 38 31 44 18 7 28 6 37 19 27 17 43 30 36 46 33 20 47 21 32 39 48 5 42 24 10 45 57 54 56 50 55 49 52 58 51 53 35 4 26 2 29 34 41 16 22 3 23 14 25 13 11 12 15 40 9 
1 8 38 31 44 18 7 28 6 37 19 27 17 43 30 36 46 33 20 47 21 32 39 48 5 42 24 10 45 57 55 51 50 56 49 52 58 54 53 35 4 26 2 29 34 41 16 22 3 23 14 25 13 11 12 15 40 9 
1 8 38 31 44 18 7 28 6 37 19 27 17 43 30 36 46 33 20 47 21 32 39 48 5 42 24 10 45 57 52 49 55 58 56 51 50 54 53 35 4 26 2 29 34 41 16 22 3 23 14 25 13 11 12 15 40 9 
1 8 38 31 44 18 7 28 6 37 19 27 17 43 30 36 46 33 20 47 21 32 39 48 5 42 24 10 45 57 54 58 55 49 52 56 50 51 53 35 4 26 2 29 34 41 16 22 3 23 14 25 13 11 12 15 40 9 
1 8 38 31 44 18 7 28 6 37 19 27 17 43 30 36 46 33 20 47 21 32 39 48 5 42 24 10 45 57 52 49 55 58 54 50 56 51 53 35 4 26 2 29 34 41 16 22 3 23 14 25 13 11 12 15 40 9 
1 8 38 31 44 18 7 28 6 37 19 27 17 43 30 36 46 33 20 47 21 32 39 48 5 42 24 10 45 57 54 58 55 49 52 50 56 51 53 35 4 26 2 29 34 41 16 22 3 23 14 25 13 11 12 15 40 9 
1 8 38 31 44 18 7 28 6 37 19 27 17 43 30 36 46 33 20 47 21 32 39 48 5 42 24 10 45 57 54 50 56 51 58 52 49 55 53 35 4 26 2 29 34 41 16 22 3 23 14 25 13 11 12 15 40 9 
1 8 38 31 44 18 7 28 6 37 19 27 17 43 30 36 46 33 20 47 21 32 39 48 5 42 24 10 45 57 52 51 58 55 49 56 50 54 53 35 4 26 2 29 34 41 16 22 3 23 14 25 13 11 12 15 40 9 
1 8 38 31 44 18 7 28 6 37 19 27 17 43 30 36 46 33 20 47 21 32 39 48 5 42 24 10 45 57 55 58 51 52 49 56 50 54 53 35 4 26 2 29 34 41 16 22 3 23 14 25 13 11 12 15 40 9 
1 8 38 31 44 18 7 28 6 37 19 27 17 43 30 36 46 33 20 47 21 32 39 48 5 42 24 10 45 57 54 51 58 52 49 55 50 56 53 35 4 26 2 29 34 41 16 22 3 23 14 25 13 11 12 15 40 9 
1 8 38 31 44 18 7 28 6 37 19 27 17 43 30 36 46 33 20 47 21 32 39 48 5 42 24 10 45 57 55 49 52 58 51 54 50 56 53 35 4 26 2 29 34 41 16 22 3 23 14 25 13 11 12 15 40 9 
1 8 38 31 44 18 7 28 6 37 19 27 17 43 30 36 46 33 20 47 21 32 39 48 5 42 24 10 45 57 52 49 55 50 56 58 51 54 53 35 4 26 2 29 34 41 16 22 3 23 14 25 13 11 12 15 40 9 
1 8 38 31 44 18 7 28 6 37 19 27 17 43 30 36 46 33 20 47 21 32 39 48 5 42 24 10 45 57 52 49 55 51 58 56 50 54 53 35 4 26 2 29 34 41 16 22 3 23 14 25 13 11 12 15 40 9 
1 8 38 31 44 18 7 28 6 37 19 27 17 43 30 36 46 33 20 47 21 32 39 48 5 42 24 10 45 57 54 50 55 49 52 58 56 51 53 35 4 26 2 29 34 41 16 22 3 23 14 25 13 11 12 15 40 9 
1 8 38 31 44 18 7 28 6 37 19 27 17 43 30 36 46 33 20 47 21 32 39 48 5 42 24 10 45 57 55 49 52 50 56 58 51 54 53 35 4 26 2 29 34 41 16 22 3 23 14 25 13 11 12 15 40 9 
1 8 38 31 44 18 7 28 6 37 19 27 17 43 30 36 46 33 20 47 21 32 39 48 5 42 24 10 45 57 54 50 56 51 58 55 49 52 53 35 4 26 2 29 34 41 16 22 3 23 14 25 13 11 12 15 40 9 
1 8 38 31 44 18 7 28 6 37 19 27 17 43 30 36 46 33 20 47 21 32 39 48 5 42 24 10 45 57 54 56 50 51 58 52 49 55 53 35 4 26 2 29 34 41 16 22 3 23 14 25 13 11 12 15 40 9 
1 8 38 31 44 18 7 28 6 37 19 27 17 43 30 36 46 33 20 47 21 32 39 48 5 42 24 10 45 57 54 50 56 49 55 58 52 51 53 35 4 26 2 29 34 41 16 22 3 23 14 25 13 11 12 15 40 9 
1 8 38 31 44 18 7 28 6 37 19 27 17 43 30 36 46 33 20 47 21 32 39 48 5 42 24 10 45 57 54 56 49 55 50 52 58 51 53 35 4 26 2 29 34 41 16 22 3 23 14 25 13 11 12 15 40 9 
1 8 38 31 44 18 7 28 6 37 19 27 17 43 30 36 46 33 20 47 21 32 39 48 5 42 24 10 45 57 55 49 56 54 50 52 58 51 53 35 4 26 2 29 34 41 16 22 3 23 14 25 13 11 12 15 40 9 
1 8 38 31 44 18 7 28 6 37 19 27 17 43 30 36 46 33 20 47 21 32 39 48 5 42 24 10 45 57 55 50 54 56 49 52 58 51 53 35 4 26 2 29 34 41 16 22 3 23 14 25 13 11 12 15 40 9 
1 8 38 31 44 18 7 28 6 37 19 27 17 43 30 36 46 33 20 47 21 32 39 48 5 42 24 10 45 57 54 58 51 50 56 52 49 55 53 35 4 26 2 29 34 41 16 22 3 23 14 25 13 11 12 15 40 9 
1 8 38 31 44 18 7 28 6 37 19 27 17 43 30 36 46 33 20 47 21 32 39 48 5 42 24 10 45 57 54 58 51 50 56 55 49 52 53 35 4 26 2 29 34 41 16 22 3 23 14 25 13 11 12 15 40 9 
1 8 38 31 44 18 7 28 6 37 19 27 17 43 30 36 46 33 20 47 21 32 39 48 5 42 24 10 45 57 54 58 51 56 50 52 49 55 53 35 4 26 2 29 34 41 16 22 3 23 14 25 13 11 12 15 40 9 
1 8 38 31 44 18 7 28 6 37 19 27 17 43 30 36 46 33 20 47 21 32 39 48 5 42 24 10 45 57 54 58 51 56 50 55 49 52 53 35 4 26 2 29 34 41 16 22 3 23 14 25 13 11 12 15 40 9 
1 8 38 31 44 18 7 28 6 37 19 27 17 43 30 36 46 33 20 47 21 32 39 48 5 42 24 10 45 57 54 50 51 58 52 49 56 55 53 35 4 26 2 29 34 41 16 22 3 23 14 25 13 11 12 15 40 9 
1 8 38 31 44 18 7 28 6 37 19 27 17 43 30 36 46 33 20 47 21 32 39 48 5 42 24 10 45 57 54 50 51 58 52 56 49 55 53 35 4 26 2 29 34 41 16 22 3 23 14 25 13 11 12 15 40 9 
1 8 38 31 44 18 7 28 6 37 19 27 17 43 30 36 46 33 20 47 21 32 39 48 5 42 24 10 45 57 54 50 52 58 51 56 49 55 53 35 4 26 2 29 34 41 16 22 3 23 14 25 13 11 12 15 40 9 
1 8 38 31 44 18 7 28 6 37 19 27 17 43 30 36 46 33 20 47 21 32 39 48 5 42 24 10 45 57 54 50 55 49 56 51 58 52 53 35 4 26 2 29 34 41 16 22 3 23 14 25 13 11 12 15 40 9 
1 8 38 31 44 18 7 28 6 37 19 27 17 43 30 36 46 33 20 47 21 32 39 48 5 42 24 10 45 57 54 50 51 56 58 52 49 55 53 35 4 26 2 29 34 41 16 22 3 23 14 25 13 11 12 15 40 9 
1 8 38 31 44 18 7 28 6 37 19 27 17 43 30 36 46 33 20 47 21 32 39 48 5 42 24 10 45 57 52 58 54 50 51 56 49 55 53 35 4 26 2 29 34 41 16 22 3 23 14 25 13 11 12 15 40 9 
1 8 38 31 44 18 7 28 6 37 19 27 17 43 30 36 46 33 20 47 21 32 39 48 5 42 24 10 45 57 54 58 52 49 56 51 50 55 53 35 4 26 2 29 34 41 16 22 3 23 14 25 13 11 12 15 40 9 
1 8 38 31 44 18 7 28 6 37 19 27 17 43 30 36 46 33 20 47 21 32 39 48 5 42 24 10 45 57 54 58 52 50 51 56 49 55 53 35 4 26 2 29 34 41 16 22 3 23 14 25 13 11 12 15 40 9 
1 8 38 31 44 18 7 28 6 37 19 27 17 43 30 36 46 33 20 47 21 32 39 48 5 42 24 10 45 57 55 49 56 51 50 54 58 52 53 35 4 26 2 29 34 41 16 22 3 23 14 25 13 11 12 15 40 9 
1 8 38 31 44 18 7 28 6 37 19 27 17 43 30 36 46 33 20 47 21 32 39 48 5 42 24 10 45 57 54 51 50 56 49 52 58 55 53 35 4 26 2 29 34 41 16 22 3 23 14 25 13 11 12 15 40 9 
1 8 38 31 44 18 7 28 6 37 19 27 17 43 30 36 46 33 20 47 21 32 39 48 5 42 24 10 45 57 54 51 50 56 49 55 58 52 53 35 4 26 2 29 34 41 16 22 3 23 14 25 13 11 12 15 40 9 
1 8 38 31 44 18 7 28 6 37 19 27 17 43 30 36 46 33 20 47 21 32 39 48 5 42 24 10 45 57 54 51 56 50 58 52 49 55 53 35 4 26 2 29 34 41 16 22 3 23 14 25 13 11 12 15 40 9 
1 8 38 31 44 18 7 28 6 37 19 27 17 43 30 36 46 33 20 47 21 32 39 48 5 42 24 10 45 57 52 58 51 54 50 56 49 55 53 35 4 26 2 29 34 41 16 22 3 23 14 25 13 11 12 15 40 9 
1 8 38 31 44 18 7 28 6 37 19 27 17 43 30 36 46 33 20 47 21 32 39 48 5 42 24 10 45 57 54 50 56 49 52 58 51 55 53 35 4 26 2 29 34 41 16 22 3 23 14 25 13 11 12 15 40 9 
1 8 38 31 44 18 7 28 6 37 19 27 17 43 30 36 46 33 20 47 21 32 39 48 5 42 24 10 45 57 54 50 56 49 55 51 58 52 53 35 4 26 2 29 34 41 16 22 3 23 14 25 13 11 12 15 40 9 
1 8 38 31 44 18 7 28 6 37 19 27 17 43 30 36 46 33 20 47 21 32 39 48 5 42 24 10 45 57 54 51 58 52 49 56 50 55 53 35 4 26 2 29 34 41 16 22 3 23 14 25 13 11 12 15 40 9 
1 8 38 31 44 18 7 28 6 37 19 27 17 43 30 36 46 33 20 47 21 32 39 48 5 42 24 10 45 57 54 51 58 52 50 56 49 55 53 35 4 26 2 29 34 41 16 22 3 23 14 25 13 11 12 15 40 9 
1 8 38 31 44 18 7 28 6 37 19 27 17 43 30 36 46 33 20 47 21 32 39 48 5 42 24 10 45 57 55 49 56 50 54 51 58 52 53 35 4 26 2 29 34 41 16 22 3 23 14 25 13 11 12 15 40 9 
1 8 38 31 44 18 7 28 6 37 19 27 17 43 30 36 46 33 20 47 21 32 39 48 5 42 24 10 45 57 54 50 52 49 56 51 58 55 53 35 4 26 2 29 34 41 16 22 3 23 14 25 13 11 12 15 40 9 
1 8 38 31 44 18 7 28 6 37 19 27 17 43 30 36 46 33 20 47 21 32 39 48 5 42 24 10 45 57 54 50 55 58 51 56 49 52 53 35 4 26 2 29 34 41 16 22 3 23 14 25 13 11 12 15 40 9 
1 8 38 31 44 18 7 28 6 37 19 27 17 43 30 36 46 33 20 47 21 32 39 48 5 42 24 10 45 57 52 58 51 50 54 56 49 55 53 35 4 26 2 29 34 41 16 22 3 23 14 25 13 11 12 15 40 9 
1 8 38 31 44 18 7 28 6 37 19 27 17 43 30 36 46 33 20 47 21 32 39 48 5 42 24 10 45 57 54 56 49 52 58 51 50 55 53 35 4 26 2 29 34 41 16 22 3 23 14 25 13 11 12 15 40 9 
1 8 38 31 44 18 7 28 6 37 19 27 17 43 30 36 46 33 20 47 21 32 39 48 5 42 24 10 45 57 54 56 49 55 50 51 58 52 53 35 4 26 2 29 34 41 16 22 3 23 14 25 13 11 12 15 40 9 
1 8 38 31 44 18 7 28 6 37 19 27 17 43 30 36 46 33 20 47 21 32 39 48 5 42 24 10 45 57 55 49 56 54 50 51 58 52 53 35 4 26 2 29 34 41 16 22 3 23 14 25 13 11 12 15 40 9 
1 8 38 31 44 18 7 28 6 37 19 27 17 43 30 36 46 33 20 47 21 32 39 48 5 42 24 10 45 57 54 51 50 56 58 52 49 55 53 35 4 26 2 29 34 41 16 22 3 23 14 25 13 11 12 15 40 9 
1 8 38 31 44 18 7 28 6 37 19 27 17 43 30 36 46 33 20 47 21 32 39 48 5 42 24 10 45 57 52 58 54 51 50 56 49 55 53 35 4 26 2 29 34 41 16 22 3 23 14 25 13 11 12 15 40 9 
1 8 38 31 44 18 7 28 6 37 19 27 17 43 30 36 46 33 20 47 21 32 39 48 5 42 24 10 45 57 54 58 52 49 56 50 51 55 53 35 4 26 2 29 34 41 16 22 3 23 14 25 13 11 12 15 40 9 
1 8 38 31 44 18 7 28 6 37 19 27 17 43 30 36 46 33 20 47 21 32 39 48 5 42 24 10 45 57 55 49 56 50 51 54 58 52 53 35 4 26 2 29 34 41 16 22 3 23 14 25 13 11 12 15 40 9 
1 8 38 31 44 18 7 28 6 37 19 27 17 43 30 36 46 33 20 47 21 32 39 48 5 42 24 10 45 57 54 50 51 56 58 55 49 52 53 35 4 26 2 29 34 41 16 22 3 23 14 25 13 11 12 15 40 9 
1 8 38 31 44 18 7 28 6 37 19 27 17 43 30 36 46 33 20 47 21 32 39 48 5 42 24 10 45 57 52 49 56 51 50 54 58 55 53 35 4 26 2 29 34 41 16 22 3 23 14 25 13 11 12 15 40 9 
1 8 38 31 44 18 7 28 6 37 19 27 17 43 30 36 46 33 20 47 21 32 39 48 5 42 24 10 45 57 54 58 55 49 56 51 50 52 53 35 4 26 2 29 34 41 16 22 3 23 14 25 13 11 12 15 40 9 
1 8 38 31 44 18 7 28 6 37 19 27 17 43 30 36 46 33 20 47 21 32 39 48 5 42 24 10 45 57 54 58 55 50 51 56 49 52 53 35 4 26 2 29 34 41 16 22 3 23 14 25 13 11 12 15 40 9 
1 8 38 31 44 18 7 28 6 37 19 27 17 43 30 36 46 33 20 47 21 32 39 48 5 42 24 10 45 57 55 58 54 50 51 56 49 52 53 35 4 26 2 29 34 41 16 22 3 23 14 25 13 11 12 15 40 9 
1 8 38 31 44 18 7 28 6 37 19 27 17 43 30 36 46 33 20 47 21 32 39 48 5 42 24 10 45 57 54 50 51 58 56 52 49 55 53 35 4 26 2 29 34 41 16 22 3 23 14 25 13 11 12 15 40 9 
1 8 38 31 44 18 7 28 6 37 19 27 17 43 30 36 46 33 20 47 21 32 39 48 5 42 24 10 45 57 54 50 51 58 56 55 49 52 53 35 4 26 2 29 34 41 16 22 3 23 14 25 13 11 12 15 40 9 
1 8 38 31 44 18 7 28 6 37 19 27 17 43 30 36 46 33 20 47 21 32 39 48 5 42 24 10 45 57 54 51 56 50 58 55 49 52 53 35 4 26 2 29 34 41 16 22 3 23 14 25 13 11 12 15 40 9 
1 8 38 31 44 18 7 28 6 37 19 27 17 43 30 36 46 33 20 47 21 32 39 48 5 42 24 10 45 57 54 58 51 50 52 49 56 55 53 35 4 26 2 29 34 41 16 22 3 23 14 25 13 11 12 15 40 9 
1 8 38 31 44 18 7 28 6 37 19 27 17 43 30 36 46 33 20 47 21 32 39 48 5 42 24 10 45 57 54 58 51 50 52 56 49 55 53 35 4 26 2 29 34 41 16 22 3 23 14 25 13 11 12 15 40 9 
1 8 38 31 44 18 7 28 6 37 19 27 17 43 30 36 46 33 20 47 21 32 39 48 5 42 24 10 45 57 54 58 51 50 55 49 56 52 53 35 4 26 2 29 34 41 16 22 3 23 14 25 13 11 12 15 40 9 
1 8 38 31 44 18 7 28 6 37 19 27 17 43 30 36 46 33 20 47 21 32 39 48 5 42 24 10 45 57 54 58 51 50 55 56 49 52 53 35 4 26 2 29 34 41 16 22 3 23 14 25 13 11 12 15 40 9 
1 8 38 31 44 18 7 28 6 37 19 27 17 43 30 36 46 33 20 47 21 32 39 48 5 42 24 10 45 57 52 49 56 51 58 54 50 55 53 35 4 26 2 29 34 41 16 22 3 23 14 25 13 11 12 15 40 9 
1 8 38 31 44 18 7 28 6 37 19 27 17 43 30 36 46 33 20 47 21 32 39 48 5 42 24 10 45 57 52 50 54 58 51 56 49 55 53 35 4 26 2 29 34 41 16 22 3 23 14 25 13 11 12 15 40 9 
1 8 38 31 44 18 7 28 6 37 19 27 17 43 30 36 46 33 20 47 21 32 39 48 5 42 24 10 45 57 54 58 51 56 49 52 50 55 53 35 4 26 2 29 34 41 16 22 3 23 14 25 13 11 12 15 40 9 
1 8 38 31 44 18 7 28 6 37 19 27 17 43 30 36 46 33 20 47 21 32 39 48 5 42 24 10 45 57 54 58 51 56 49 55 50 52 53 35 4 26 2 29 34 41 16 22 3 23 14 25 13 11 12 15 40 9 
1 8 38 31 44 18 7 28 6 37 19 27 17 43 30 36 46 33 20 47 21 32 39 48 5 42 24 10 45 57 55 49 56 51 58 54 50 52 53 35 4 26 2 29 34 41 16 22 3 23 14 25 13 11 12 15 40 9 
1 8 38 31 44 18 7 28 6 37 19 27 17 43 30 36 46 33 20 47 21 32 39 48 5 42 24 10 45 57 55 50 54 58 51 56 49 52 53 35 4 26 2 29 34 41 16 22 3 23 14 25 13 11 12 15 40 9 
1 8 38 31 44 18 7 28 6 37 19 27 17 43 30 36 46 33 20 47 21 32 39 48 5 42 24 10 45 57 52 49 56 50 54 51 58 55 53 35 4 26 2 29 34 41 16 22 3 23 14 25 13 11 12 15 40 9 
1 8 38 31 44 18 7 28 6 37 19 27 17 43 30 36 46 33 20 47 21 32 39 48 5 42 24 10 45 57 54 51 58 55 49 56 50 52 53 35 4 26 2 29 34 41 16 22 3 23 14 25 13 11 12 15 40 9 
1 8 38 31 44 18 7 28 6 37 19 27 17 43 30 36 46 33 20 47 21 32 39 48 5 42 24 10 45 57 54 51 58 55 50 56 49 52 53 35 4 26 2 29 34 41 16 22 3 23 14 25 13 11 12 15 40 9 
1 8 38 31 44 18 7 28 6 37 19 27 17 43 30 36 46 33 20 47 21 32 39 48 5 42 24 10 45 57 55 58 51 54 50 56 49 52 53 35 4 26 2 29 34 41 16 22 3 23 14 25 13 11 12 15 40 9 
1 8 38 31 44 18 7 28 6 37 19 27 17 43 30 36 46 33 20 47 21 32 39 48 5 42 24 10 45 57 52 49 56 54 50 51 58 55 53 35 4 26 2 29 34 41 16 22 3 23 14 25 13 11 12 15 40 9 
1 8 38 31 44 18 7 28 6 37 19 27 17 43 30 36 46 33 20 47 21 32 39 48 5 42 24 10 45 57 54 56 49 52 50 51 58 55 53 35 4 26 2 29 34 41 16 22 3 23 14 25 13 11 12 15 40 9 
1 8 38 31 44 18 7 28 6 37 19 27 17 43 30 36 46 33 20 47 21 32 39 48 5 42 24 10 45 57 54 56 49 55 58 51 50 52 53 35 4 26 2 29 34 41 16 22 3 23 14 25 13 11 12 15 40 9 
1 8 38 31 44 18 7 28 6 37 19 27 17 43 30 36 46 33 20 47 21 32 39 48 5 42 24 10 45 57 55 58 51 50 54 56 49 52 53 35 4 26 2 29 34 41 16 22 3 23 14 25 13 11 12 15 40 9 
1 8 38 31 44 18 7 28 6 37 19 27 17 43 30 36 46 33 20 47 21 32 39 48 5 42 24 10 45 57 54 58 56 51 50 52 49 55 53 35 4 26 2 29 34 41 16 22 3 23 14 25 13 11 12 15 40 9 
1 8 38 31 44 18 7 28 6 37 19 27 17 43 30 36 46 33 20 47 21 32 39 48 5 42 24 10 45 57 54 58 56 51 50 55 49 52 53 35 4 26 2 29 34 41 16 22 3 23 14 25 13 11 12 15 40 9 
1 8 38 31 44 18 7 28 6 37 19 27 17 43 30 36 46 33 20 47 21 32 39 48 5 42 24 10 45 57 54 51 50 56 58 55 49 52 53 35 4 26 2 29 34 41 16 22 3 23 14 25 13 11 12 15 40 9 
1 8 38 31 44 18 7 28 6 37 19 27 17 43 30 36 46 33 20 47 21 32 39 48 5 42 24 10 45 57 54 56 51 58 50 52 49 55 53 35 4 26 2 29 34 41 16 22 3 23 14 25 13 11 12 15 40 9 
1 8 38 31 44 18 7 28 6 37 19 27 17 43 30 36 46 33 20 47 21 32 39 48 5 42 24 10 45 57 54 56 51 58 50 55 49 52 53 35 4 26 2 29 34 41 16 22 3 23 14 25 13 11 12 15 40 9 
1 8 38 31 44 18 7 28 6 37 19 27 17 43 30 36 46 33 20 47 21 32 39 48 5 42 24 10 45 57 52 49 56 50 51 54 58 55 53 35 4 26 2 29 34 41 16 22 3 23 14 25 13 11 12 15 40 9 
1 8 38 31 44 18 7 28 6 37 19 27 17 43 30 36 46 33 20 47 21 32 39 48 5 42 24 10 45 57 54 58 55 51 50 56 49 52 53 35 4 26 2 29 34 41 16 22 3 23 14 25 13 11 12 15 40 9 
1 8 38 31 44 18 7 28 6 37 19 27 17 43 30 36 46 33 20 47 21 32 39 48 5 42 24 10 45 57 55 58 54 51 50 56 49 52 53 35 4 26 2 29 34 41 16 22 3 23 14 25 13 11 12 15 40 9 
1 8 38 31 44 18 7 28 6 37 19 27 17 43 30 36 46 33 20 47 21 32 39 48 5 42 24 10 45 57 54 50 56 49 52 51 58 55 53 35 4 26 2 29 34 41 16 22 3 23 14 25 13 11 12 15 40 9 
1 8 38 31 44 18 7 28 6 37 19 27 17 43 30 36 46 33 20 47 21 32 39 48 5 42 24 10 45 57 54 50 56 49 55 58 51 52 53 35 4 26 2 29 34 41 16 22 3 23 14 25 13 11 12 15 40 9 
1 8 38 31 44 18 7 28 6 37 19 27 17 43 30 36 46 33 20 47 21 32 39 48 5 42 24 10 45 57 54 50 56 58 51 55 49 52 53 35 4 26 2 29 34 41 16 22 3 23 14 25 13 11 12 15 40 9 
1 8 38 31 44 18 7 28 6 37 19 27 17 43 30 36 46 33 20 47 21 32 39 48 5 42 24 10 45 57 54 51 58 56 50 52 49 55 53 35 4 26 2 29 34 41 16 22 3 23 14 25 13 11 12 15 40 9 
1 8 38 31 44 18 7 28 6 37 19 27 17 43 30 36 46 33 20 47 21 32 39 48 5 42 24 10 45 57 54 51 58 56 50 55 49 52 53 35 4 26 2 29 34 41 16 22 3 23 14 25 13 11 12 15 40 9 
1 8 38 31 44 18 7 28 6 37 19 27 17 43 30 36 46 33 20 47 21 32 39 48 5 42 24 10 45 57 52 49 56 50 54 58 51 55 53 35 4 26 2 29 34 41 16 22 3 23 14 25 13 11 12 15 40 9 
1 8 38 31 44 18 7 28 6 37 19 27 17 43 30 36 46 33 20 47 21 32 39 48 5 42 24 10 45 57 54 58 51 55 49 56 50 52 53 35 4 26 2 29 34 41 16 22 3 23 14 25 13 11 12 15 40 9 
1 8 38 31 44 18 7 28 6 37 19 27 17 43 30 36 46 33 20 47 21 32 39 48 5 42 24 10 45 57 54 58 51 55 50 56 49 52 53 35 4 26 2 29 34 41 16 22 3 23 14 25 13 11 12 15 40 9 
1 8 38 31 44 18 7 28 6 37 19 27 17 43 30 36 46 33 20 47 21 32 39 48 5 42 24 10 45 57 55 51 58 54 50 56 49 52 53 35 4 26 2 29 34 41 16 22 3 23 14 25 13 11 12 15 40 9 
1 8 38 31 44 18 7 28 6 37 19 27 17 43 30 36 46 33 20 47 21 32 39 48 5 42 24 10 45 57 52 58 50 54 51 56 49 55 53 35 4 26 2 29 34 41 16 22 3 23 14 25 13 11 12 15 40 9 
1 8 38 31 44 18 7 28 6 37 19 27 17 43 30 36 46 33 20 47 21 32 39 48 5 42 24 10 45 57 54 50 58 52 49 56 51 55 53 35 4 26 2 29 34 41 16 22 3 23 14 25 13 11 12 15 40 9 
1 8 38 31 44 18 7 28 6 37 19 27 17 43 30 36 46 33 20 47 21 32 39 48 5 42 24 10 45 57 54 51 56 49 52 58 50 55 53 35 4 26 2 29 34 41 16 22 3 23 14 25 13 11 12 15 40 9 
1 8 38 31 44 18 7 28 6 37 19 27 17 43 30 36 46 33 20 47 21 32 39 48 5 42 24 10 45 57 54 51 56 49 55 50 58 52 53 35 4 26 2 29 34 41 16 22 3 23 14 25 13 11 12 15 40 9 
1 8 38 31 44 18 7 28 6 37 19 27 17 43 30 36 46 33 20 47 21 32 39 48 5 42 24 10 45 57 55 49 56 51 54 50 58 52 53 35 4 26 2 29 34 41 16 22 3 23 14 25 13 11 12 15 40 9 
1 8 38 31 44 18 7 28 6 37 19 27 17 43 30 36 46 33 20 47 21 32 39 48 5 42 24 10 45 57 54 56 58 51 50 52 49 55 53 35 4 26 2 29 34 41 16 22 3 23 14 25 13 11 12 15 40 9 
1 8 38 31 44 18 7 28 6 37 19 27 17 43 30 36 46 33 20 47 21 32 39 48 5 42 24 10 45 57 54 56 58 51 50 55 49 52 53 35 4 26 2 29 34 41 16 22 3 23 14 25 13 11 12 15 40 9 
1 8 38 31 44 18 7 28 6 37 19 27 17 43 30 36 46 33 20 47 21 32 39 48 5 42 24 10 45 57 52 49 56 54 58 51 50 55 53 35 4 26 2 29 34 41 16 22 3 23 14 25 13 11 12 15 40 9 
1 8 38 31 44 18 7 28 6 37 19 27 17 43 30 36 46 33 20 47 21 32 39 48 5 42 24 10 45 57 52 50 51 58 54 56 49 55 53 35 4 26 2 29 34 41 16 22 3 23 14 25 13 11 12 15 40 9 
1 8 38 31 44 18 7 28 6 37 19 27 17 43 30 36 46 33 20 47 21 32 39 48 5 42 24 10 45 57 54 58 55 49 56 50 51 52 53 35 4 26 2 29 34 41 16 22 3 23 14 25 13 11 12 15 40 9 
1 8 38 31 44 18 7 28 6 37 19 27 17 43 30 36 46 33 20 47 21 32 39 48 5 42 24 10 45 57 55 49 56 54 58 51 50 52 53 35 4 26 2 29 34 41 16 22 3 23 14 25 13 11 12 15 40 9 
1 8 38 31 44 18 7 28 6 37 19 27 17 43 30 36 46 33 20 47 21 32 39 48 5 42 24 10 45 57 55 50 51 58 54 56 49 52 53 35 4 26 2 29 34 41 16 22 3 23 14 25 13 11 12 15 40 9 
1 8 38 31 44 18 7 28 6 37 19 27 17 43 30 36 46 33 20 47 21 32 39 48 5 42 24 10 45 57 54 58 50 56 51 52 49 55 53 35 4 26 2 29 34 41 16 22 3 23 14 25 13 11 12 15 40 9 
1 8 38 31 44 18 7 28 6 37 19 27 17 43 30 36 46 33 20 47 21 32 39 48 5 42 24 10 45 57 54 58 56 50 51 55 49 52 53 35 4 26 2 29 34 41 16 22 3 23 14 25 13 11 12 15 40 9 
1 8 38 31 44 18 7 28 6 37 19 27 17 43 30 36 46 33 20 47 21 32 39 48 5 42 24 10 45 57 54 56 50 58 51 55 49 52 53 35 4 26 2 29 34 41 16 22 3 23 14 25 13 11 12 15 40 9 
1 8 38 31 44 18 7 28 6 37 19 27 17 43 30 36 46 33 20 47 21 32 39 48 5 42 24 10 45 57 54 50 56 58 51 52 49 55 53 35 4 26 2 29 34 41 16 22 3 23 14 25 13 11 12 15 40 9 
1 8 38 31 44 18 7 28 6 37 19 27 17 43 30 36 46 33 20 47 21 32 39 48 5 42 24 10 45 57 52 51 58 54 50 56 49 55 53 35 4 26 2 29 34 41 16 22 3 23 14 25 13 11 12 15 40 9 
1 8 38 31 44 18 7 28 6 37 19 27 17 43 30 36 46 33 20 47 21 32 39 48 5 42 24 10 45 57 54 58 51 52 49 56 50 55 53 35 4 26 2 29 34 41 16 22 3 23 14 25 13 11 12 15 40 9 
1 8 38 31 44 18 7 28 6 37 19 27 17 43 30 36 46 33 20 47 21 32 39 48 5 42 24 10 45 57 54 58 51 52 50 56 49 55 53 35 4 26 2 29 34 41 16 22 3 23 14 25 13 11 12 15 40 9 
1 8 38 31 44 18 7 28 6 37 19 27 17 43 30 36 46 33 20 47 21 32 39 48 5 42 24 10 45 57 55 49 56 50 54 58 51 52 53 35 4 26 2 29 34 41 16 22 3 23 14 25 13 11 12 15 40 9 
1 8 38 31 44 18 7 28 6 37 19 27 17 43 30 36 46 33 20 47 21 32 39 48 5 42 24 10 45 57 54 50 51 55 49 56 58 52 53 35 4 26 2 29 34 41 16 22 3 23 14 25 13 11 12 15 40 9 
1 8 38 31 44 18 7 28 6 37 19 27 17 43 30 36 46 33 20 47 21 32 39 48 5 42 24 10 45 57 54 50 58 52 51 56 49 55 53 35 4 26 2 29 34 41 16 22 3 23 14 25 13 11 12 15 40 9 
1 8 38 31 44 18 7 28 6 37 19 27 17 43 30 36 46 33 20 47 21 32 39 48 5 42 24 10 45 57 54 51 50 52 58 56 49 55 53 35 4 26 2 29 34 41 16 22 3 23 14 25 13 11 12 15 40 9 
1 8 38 31 44 18 7 28 6 37 19 27 17 43 30 36 46 33 20 47 21 32 39 48 5 42 24 10 45 57 54 51 50 55 49 56 58 52 53 35 4 26 2 29 34 41 16 22 3 23 14 25 13 11 12 15 40 9 
1 8 38 31 44 18 7 28 6 37 19 27 17 43 30 36 46 33 20 47 21 32 39 48 5 42 24 10 45 57 54 58 56 50 51 52 49 55 53 35 4 26 2 29 34 41 16 22 3 23 14 25 13 11 12 15 40 9 
1 8 38 31 44 18 7 28 6 37 19 27 17 43 30 36 46 33 20 47 21 32 39 48 5 42 24 10 45 57 54 51 55 49 56 50 58 52 53 35 4 26 2 29 34 41 16 22 3 23 14 25 13 11 12 15 40 9 
1 8 38 31 44 18 7 28 6 37 19 27 17 43 30 36 46 33 20 47 21 32 39 48 5 42 24 10 45 57 54 56 50 58 51 52 49 55 53 35 4 26 2 29 34 41 16 22 3 23 14 25 13 11 12 15 40 9 
1 8 38 31 44 18 7 28 6 37 19 27 17 43 30 36 46 33 20 47 21 32 39 48 5 42 24 10 45 57 52 49 56 51 54 50 58 55 53 35 4 26 2 29 34 41 16 22 3 23 14 25 13 11 12 15 40 9 
1 8 38 31 44 18 7 28 6 37 19 27 17 43 30 36 46 33 20 47 21 32 39 48 5 42 24 10 45 57 54 50 58 55 51 56 49 52 53 35 4 26 2 29 34 41 16 22 3 23 14 25 13 11 12 15 40 9 
1 8 38 31 44 18 7 28 6 37 19 27 17 43 30 36 46 33 20 47 21 32 39 48 5 42 24 10 45 57 54 51 56 49 52 50 58 55 53 35 4 26 2 29 34 41 16 22 3 23 14 25 13 11 12 15 40 9 
1 8 38 31 44 18 7 28 6 37 19 27 17 43 30 36 46 33 20 47 21 32 39 48 5 42 24 10 45 57 54 51 56 49 55 58 50 52 53 35 4 26 2 29 34 41 16 22 3 23 14 25 13 11 12 15 40 9 
1 8 38 31 44 18 7 28 6 37 19 27 17 43 30 36 46 33 20 47 21 32 39 48 5 42 24 10 45 57 55 58 50 54 51 56 49 52 53 35 4 26 2 29 34 41 16 22 3 23 14 25 13 11 12 15 40 9 
1 8 38 31 44 18 7 28 6 37 19 27 17 43 30 36 46 33 20 47 21 32 39 48 5 42 24 10 45 57 52 58 50 51 54 56 49 55 53 35 4 26 2 29 34 41 16 22 3 23 14 25 13 11 12 15 40 9 
1 8 38 31 44 18 7 28 6 37 19 27 17 43 30 36 46 33 20 47 21 32 39 48 5 42 24 10 45 57 54 56 49 52 58 50 51 55 53 35 4 26 2 29 34 41 16 22 3 23 14 25 13 11 12 15 40 9 
1 8 38 31 44 18 7 28 6 37 19 27 17 43 30 36 46 33 20 47 21 32 39 48 5 42 24 10 45 57 54 56 49 55 51 50 58 52 53 35 4 26 2 29 34 41 16 22 3 23 14 25 13 11 12 15 40 9 
1 8 38 31 44 18 7 28 6 37 19 27 17 43 30 36 46 33 20 47 21 32 39 48 5 42 24 10 45 57 55 49 56 54 51 50 58 52 53 35 4 26 2 29 34 41 16 22 3 23 14 25 13 11 12 15 40 9 
1 8 38 31 44 18 7 28 6 37 19 27 17 43 30 36 46 33 20 47 21 32 39 48 5 42 24 10 45 57 54 50 51 52 58 56 49 55 53 35 4 26 2 29 34 41 16 22 3 23 14 25 13 11 12 15 40 9 
1 8 38 31 44 18 7 28 6 37 19 27 17 43 30 36 46 33 20 47 21 32 39 48 5 42 24 10 45 57 54 50 58 51 55 49 56 52 53 35 4 26 2 29 34 41 16 22 3 23 14 25 13 11 12 15 40 9 
1 8 38 31 44 18 7 28 6 37 19 27 17 43 30 36 46 33 20 47 21 32 39 48 5 42 24 10 45 57 54 50 58 51 55 56 49 52 53 35 4 26 2 29 34 41 16 22 3 23 14 25 13 11 12 15 40 9 
1 8 38 31 44 18 7 28 6 37 19 27 17 43 30 36 46 33 20 47 21 32 39 48 5 42 24 10 45 57 54 51 58 50 52 49 56 55 53 35 4 26 2 29 34 41 16 22 3 23 14 25 13 11 12 15 40 9 
1 8 38 31 44 18 7 28 6 37 19 27 17 43 30 36 46 33 20 47 21 32 39 48 5 42 24 10 45 57 54 51 58 50 52 56 49 55 53 35 4 26 2 29 34 41 16 22 3 23 14 25 13 11 12 15 40 9 
1 8 38 31 44 18 7 28 6 37 19 27 17 43 30 36 46 33 20 47 21 32 39 48 5 42 24 10 45 57 54 51 58 50 55 49 56 52 53 35 4 26 2 29 34 41 16 22 3 23 14 25 13 11 12 15 40 9 
1 8 38 31 44 18 7 28 6 37 19 27 17 43 30 36 46 33 20 47 21 32 39 48 5 42 24 10 45 57 54 51 58 50 55 56 49 52 53 35 4 26 2 29 34 41 16 22 3 23 14 25 13 11 12 15 40 9 
1 8 38 31 44 18 7 28 6 37 19 27 17 43 30 36 46 33 20 47 21 32 39 48 5 42 24 10 45 57 54 51 52 58 50 56 49 55 53 35 4 26 2 29 34 41 16 22 3 23 14 25 13 11 12 15 40 9 
1 8 38 31 44 18 7 28 6 37 19 27 17 43 30 36 46 33 20 47 21 32 39 48 5 42 24 10 45 57 54 50 51 55 58 56 49 52 53 35 4 26 2 29 34 41 16 22 3 23 14 25 13 11 12 15 40 9 
1 8 38 31 44 18 7 28 6 37 19 27 17 43 30 36 46 33 20 47 21 32 39 48 5 42 24 10 45 57 54 50 58 55 49 56 51 52 53 35 4 26 2 29 34 41 16 22 3 23 14 25 13 11 12 15 40 9 
1 8 38 31 44 18 7 28 6 37 19 27 17 43 30 36 46 33 20 47 21 32 39 48 5 42 24 10 45 57 54 51 50 52 49 56 58 55 53 35 4 26 2 29 34 41 16 22 3 23 14 25 13 11 12 15 40 9 
1 8 38 31 44 18 7 28 6 37 19 27 17 43 30 36 46 33 20 47 21 32 39 48 5 42 24 10 45 57 54 51 50 55 58 56 49 52 53 35 4 26 2 29 34 41 16 22 3 23 14 25 13 11 12 15 40 9 
1 8 38 31 44 18 7 28 6 37 19 27 17 43 30 36 46 33 20 47 21 32 39 48 5 42 24 10 45 57 54 50 58 56 51 55 49 52 53 35 4 26 2 29 34 41 16 22 3 23 14 25 13 11 12 15 40 9 
1 8 38 31 44 18 7 28 6 37 19 27 17 43 30 36 46 33 20 47 21 32 39 48 5 42 24 10 45 57 54 51 56 58 50 52 49 55 53 35 4 26 2 29 34 41 16 22 3 23 14 25 13 11 12 15 40 9 
1 8 38 31 44 18 7 28 6 37 19 27 17 43 30 36 46 33 20 47 21 32 39 48 5 42 24 10 45 57 54 51 56 58 50 55 49 52 53 35 4 26 2 29 34 41 16 22 3 23 14 25 13 11 12 15 40 9 
1 8 38 31 44 18 7 28 6 37 19 27 17 43 30 36 46 33 20 47 21 32 39 48 5 42 24 10 45 57 52 49 56 51 54 58 50 55 53 35 4 26 2 29 34 41 16 22 3 23 14 25 13 11 12 15 40 9 
1 8 38 31 44 18 7 28 6 37 19 27 17 43 30 36 46 33 20 47 21 32 39 48 5 42 24 10 45 57 52 50 58 54 51 56 49 55 53 35 4 26 2 29 34 41 16 22 3 23 14 25 13 11 12 15 40 9 
1 8 38 31 44 18 7 28 6 37 19 27 17 43 30 36 46 33 20 47 21 32 39 48 5 42 24 10 45 57 54 58 50 52 49 56 51 55 53 35 4 26 2 29 34 41 16 22 3 23 14 25 13 11 12 15 40 9 
1 8 38 31 44 18 7 28 6 37 19 27 17 43 30 36 46 33 20 47 21 32 39 48 5 42 24 10 45 57 54 58 50 55 51 56 49 52 53 35 4 26 2 29 34 41 16 22 3 23 14 25 13 11 12 15 40 9 
1 8 38 31 44 18 7 28 6 37 19 27 17 43 30 36 46 33 20 47 21 32 39 48 5 42 24 10 45 57 55 49 56 51 54 58 50 52 53 35 4 26 2 29 34 41 16 22 3 23 14 25 13 11 12 15 40 9 
1 8 38 31 44 18 7 28 6 37 19 27 17 43 30 36 46 33 20 47 21 32 39 48 5 42 24 10 45 57 55 50 58 54 51 56 49 52 53 35 4 26 2 29 34 41 16 22 3 23 14 25 13 11 12 15 40 9 
1 8 38 31 44 18 7 28 6 37 19 27 17 43 30 36 46 33 20 47 21 32 39 48 5 42 24 10 45 57 54 50 58 51 52 49 56 55 53 35 4 26 2 29 34 41 16 22 3 23 14 25 13 11 12 15 40 9 
1 8 38 31 44 18 7 28 6 37 19 27 17 43 30 36 46 33 20 47 21 32 39 48 5 42 24 10 45 57 54 50 58 51 52 56 49 55 53 35 4 26 2 29 34 41 16 22 3 23 14 25 13 11 12 15 40 9 
1 8 38 31 44 18 7 28 6 37 19 27 17 43 30 36 46 33 20 47 21 32 39 48 5 42 24 10 45 57 54 51 55 58 50 56 49 52 53 35 4 26 2 29 34 41 16 22 3 23 14 25 13 11 12 15 40 9 
1 8 38 31 44 18 7 28 6 37 19 27 17 43 30 36 46 33 20 47 21 32 39 48 5 42 24 10 45 57 52 49 56 58 51 54 50 55 53 35 4 26 2 29 34 41 16 22 3 23 14 25 13 11 12 15 40 9 
1 8 38 31 44 18 7 28 6 37 19 27 17 43 30 36 46 33 20 47 21 32 39 48 5 42 24 10 45 57 52 50 54 51 58 56 49 55 53 35 4 26 2 29 34 41 16 22 3 23 14 25 13 11 12 15 40 9 
1 8 38 31 44 18 7 28 6 37 19 27 17 43 30 36 46 33 20 47 21 32 39 48 5 42 24 10 45 57 54 50 52 49 56 58 51 55 53 35 4 26 2 29 34 41 16 22 3 23 14 25 13 11 12 15 40 9 
1 8 38 31 44 18 7 28 6 37 19 27 17 43 30 36 46 33 20 47 21 32 39 48 5 42 24 10 45 57 54 50 55 51 58 56 49 52 53 35 4 26 2 29 34 41 16 22 3 23 14 25 13 11 12 15 40 9 
1 8 38 31 44 18 7 28 6 37 19 27 17 43 30 36 46 33 20 47 21 32 39 48 5 42 24 10 45 57 54 51 58 56 49 52 50 55 53 35 4 26 2 29 34 41 16 22 3 23 14 25 13 11 12 15 40 9 
1 8 38 31 44 18 7 28 6 37 19 27 17 43 30 36 46 33 20 47 21 32 39 48 5 42 24 10 45 57 54 51 58 56 49 55 50 52 53 35 4 26 2 29 34 41 16 22 3 23 14 25 13 11 12 15 40 9 
1 8 38 31 44 18 7 28 6 37 19 27 17 43 30 36 46 33 20 47 21 32 39 48 5 42 24 10 45 57 55 49 56 58 51 54 50 52 53 35 4 26 2 29 34 41 16 22 3 23 14 25 13 11 12 15 40 9 
1 8 38 31 44 18 7 28 6 37 19 27 17 43 30 36 46 33 20 47 21 32 39 48 5 42 24 10 45 57 55 50 54 51 58 56 49 52 53 35 4 26 2 29 34 41 16 22 3 23 14 25 13 11 12 15 40 9 
1 8 38 31 44 18 7 28 6 37 19 27 17 43 30 36 46 33 20 47 21 32 39 48 5 42 24 10 45 57 52 49 56 54 51 50 58 55 53 35 4 26 2 29 34 41 16 22 3 23 14 25 13 11 12 15 40 9 
1 8 38 31 44 18 7 28 6 37 19 27 17 43 30 36 46 33 20 47 21 32 39 48 5 42 24 10 45 57 55 58 50 51 54 56 49 52 53 35 4 26 2 29 34 41 16 22 3 23 14 25 13 11 12 15 40 9 
1 8 38 31 44 18 7 28 6 37 19 27 17 43 30 36 46 33 20 47 21 32 39 48 5 42 24 10 45 57 54 50 51 52 49 56 58 55 53 35 4 26 2 29 34 41 16 22 3 23 14 25 13 11 12 15 40 9 
1 8 38 31 44 18 7 28 6 37 19 27 17 43 30 36 46 33 20 47 21 32 39 48 5 42 24 10 45 57 54 50 58 56 51 52 49 55 53 35 4 26 2 29 34 41 16 22 3 23 14 25 13 11 12 15 40 9 
1 8 38 31 44 18 7 28 6 37 19 27 17 43 30 36 46 33 20 47 21 32 39 48 5 42 24 10 45 57 52 49 56 58 54 50 51 55 53 35 4 26 2 29 34 41 16 22 3 23 14 25 13 11 12 15 40 9 
1 8 38 31 44 18 7 28 6 37 19 27 17 43 30 36 46 33 20 47 21 32 39 48 5 42 24 10 45 57 52 49 56 58 54 51 50 55 53 35 4 26 2 29 34 41 16 22 3 23 14 25 13 11 12 15 40 9 
1 8 38 31 44 18 7 28 6 37 19 27 17 43 30 36 46 33 20 47 21 32 39 48 5 42 24 10 45 57 52 50 51 54 58 56 49 55 53 35 4 26 2 29 34 41 16 22 3 23 14 25 13 11 12 15 40 9 
1 8 38 31 44 18 7 28 6 37 19 27 17 43 30 36 46 33 20 47 21 32 39 48 5 42 24 10 45 57 54 58 50 52 51 56 49 55 53 35 4 26 2 29 34 41 16 22 3 23 14 25 13 11 12 15 40 9 
1 8 38 31 44 18 7 28 6 37 19 27 17 43 30 36 46 33 20 47 21 32 39 48 5 42 24 10 45 57 54 58 50 55 49 56 51 52 53 35 4 26 2 29 34 41 16 22 3 23 14 25 13 11 12 15 40 9 
1 8 38 31 44 18 7 28 6 37 19 27 17 43 30 36 46 33 20 47 21 32 39 48 5 42 24 10 45 57 54 58 56 49 52 50 51 55 53 35 4 26 2 29 34 41 16 22 3 23 14 25 13 11 12 15 40 9 
1 8 38 31 44 18 7 28 6 37 19 27 17 43 30 36 46 33 20 47 21 32 39 48 5 42 24 10 45 57 54 58 56 49 55 51 50 52 53 35 4 26 2 29 34 41 16 22 3 23 14 25 13 11 12 15 40 9 
1 8 38 31 44 18 7 28 6 37 19 27 17 43 30 36 46 33 20 47 21 32 39 48 5 42 24 10 45 57 55 49 56 58 54 51 50 52 53 35 4 26 2 29 34 41 16 22 3 23 14 25 13 11 12 15 40 9 
1 8 38 31 44 18 7 28 6 37 19 27 17 43 30 36 46 33 20 47 21 32 39 48 5 42 24 10 45 57 55 50 51 54 58 56 49 52 53 35 4 26 2 29 34 41 16 22 3 23 14 25 13 11 12 15 40 9 
1 8 38 31 44 18 7 28 6 37 19 27 17 43 30 36 46 33 20 47 21 32 39 48 5 42 24 10 45 57 55 51 50 54 58 56 49 52 53 35 4 26 2 29 34 41 16 22 3 23 14 25 13 11 12 15 40 9 
1 8 38 31 44 18 7 28 6 37 19 27 17 43 30 36 46 33 20 47 21 32 39 48 5 42 24 10 45 57 52 49 56 54 50 58 51 55 53 35 4 26 2 29 34 41 16 22 3 23 14 25 13 11 12 15 40 9 
1 8 38 31 44 18 7 28 6 37 19 27 17 43 30 36 46 33 20 47 21 32 39 48 5 42 24 10 45 57 52 49 56 54 51 58 50 55 53 35 4 26 2 29 34 41 16 22 3 23 14 25 13 11 12 15 40 9 
1 8 38 31 44 18 7 28 6 37 19 27 17 43 30 36 46 33 20 47 21 32 39 48 5 42 24 10 45 57 52 50 58 51 54 56 49 55 53 35 4 26 2 29 34 41 16 22 3 23 14 25 13 11 12 15 40 9 
1 8 38 31 44 18 7 28 6 37 19 27 17 43 30 36 46 33 20 47 21 32 39 48 5 42 24 10 45 57 54 51 52 49 56 50 58 55 53 35 4 26 2 29 34 41 16 22 3 23 14 25 13 11 12 15 40 9 
1 8 38 31 44 18 7 28 6 37 19 27 17 43 30 36 46 33 20 47 21 32 39 48 5 42 24 10 45 57 54 56 49 52 50 58 51 55 53 35 4 26 2 29 34 41 16 22 3 23 14 25 13 11 12 15 40 9 
1 8 38 31 44 18 7 28 6 37 19 27 17 43 30 36 46 33 20 47 21 32 39 48 5 42 24 10 45 57 54 56 49 55 51 58 50 52 53 35 4 26 2 29 34 41 16 22 3 23 14 25 13 11 12 15 40 9 
1 8 38 31 44 18 7 28 6 37 19 27 17 43 30 36 46 33 20 47 21 32 39 48 5 42 24 10 45 57 55 49 56 54 51 58 50 52 53 35 4 26 2 29 34 41 16 22 3 23 14 25 13 11 12 15 40 9 
1 8 38 31 44 18 7 28 6 37 19 27 17 43 30 36 46 33 20 47 21 32 39 48 5 42 24 10 45 57 55 50 58 51 54 56 49 52 53 35 4 26 2 29 34 41 16 22 3 23 14 25 13 11 12 15 40 9 
1 8 38 31 44 18 7 28 6 37 19 27 17 43 30 36 46 33 20 47 21 32 39 48 5 42 24 10 45 57 55 51 58 50 54 56 49 52 53 35 4 26 2 29 34 41 16 22 3 23 14 25 13 11 12 15 40 9 
1 8 38 31 44 18 7 28 6 37 19 27 17 43 30 36 46 33 20 47 21 32 39 48 5 42 24 10 45 57 54 50 52 51 58 56 49 55 53 35 4 26 2 29 34 41 16 22 3 23 14 25 13 11 12 15 40 9 
1 8 38 31 44 18 7 28 6 37 19 27 17 43 30 36 46 33 20 47 21 32 39 48 5 42 24 10 45 57 54 50 55 49 56 58 51 52 53 35 4 26 2 29 34 41 16 22 3 23 14 25 13 11 12 15 40 9 
1 8 38 31 44 18 7 28 6 37 19 27 17 43 30 36 46 33 20 47 21 32 39 48 5 42 24 10 45 57 54 56 49 52 51 50 58 55 53 35 4 26 2 29 34 41 16 22 3 23 14 25 13 11 12 15 40 9 
1 8 38 31 44 18 7 28 6 37 19 27 17 43 30 36 46 33 20 47 21 32 39 48 5 42 24 10 45 57 54 56 49 55 58 50 51 52 53 35 4 26 2 29 34 41 16 22 3 23 14 25 13 11 12 15 40 9 
1 8 38 31 44 18 7 28 6 37 19 27 17 43 30 36 46 33 20 47 21 32 39 48 5 42 24 10 45 57 54 56 58 50 51 55 49 52 53 35 4 26 2 29 34 41 16 22 3 23 14 25 13 11 12 15 40 9 
1 8 38 31 44 18 7 28 6 37 19 27 17 43 30 36 46 33 20 47 21 32 39 48 5 42 24 10 45 57 52 49 56 54 58 50 51 55 53 35 4 26 2 29 34 41 16 22 3 23 14 25 13 11 12 15 40 9 
1 8 38 31 44 18 7 28 6 37 19 27 17 43 30 36 46 33 20 47 21 32 39 48 5 42 24 10 45 57 55 51 50 58 54 56 49 52 53 35 4 26 2 29 34 41 16 22 3 23 14 25 13 11 12 15 40 9 
1 8 38 31 44 18 7 28 6 37 19 27 17 43 30 36 46 33 20 47 21 32 39 48 5 42 24 10 45 57 52 51 50 54 58 56 49 55 53 35 4 26 2 29 34 41 16 22 3 23 14 25 13 11 12 15 40 9 
1 8 38 31 44 18 7 28 6 37 19 27 17 43 30 36 46 33 20 47 21 32 39 48 5 42 24 10 45 57 54 58 56 49 52 51 50 55 53 35 4 26 2 29 34 41 16 22 3 23 14 25 13 11 12 15 40 9 
1 8 38 31 44 18 7 28 6 37 19 27 17 43 30 36 46 33 20 47 21 32 39 48 5 42 24 10 45 57 54 58 56 49 55 50 51 52 53 35 4 26 2 29 34 41 16 22 3 23 14 25 13 11 12 15 40 9 
1 8 38 31 44 18 7 28 6 37 19 27 17 43 30 36 46 33 20 47 21 32 39 48 5 42 24 10 45 57 55 49 56 58 54 50 51 52 53 35 4 26 2 29 34 41 16 22 3 23 14 25 13 11 12 15 40 9 
1 8 38 31 44 18 7 28 6 37 19 27 17 43 30 36 46 33 20 47 21 32 39 48 5 42 24 10 45 57 52 51 58 50 54 56 49 55 53 35 4 26 2 29 34 41 16 22 3 23 14 25 13 11 12 15 40 9 
1 8 38 31 44 18 7 28 6 37 19 27 17 43 30 36 46 33 20 47 21 32 39 48 5 42 24 10 45 57 54 56 49 52 51 58 50 55 53 35 4 26 2 29 34 41 16 22 3 23 14 25 13 11 12 15 40 9 
1 8 38 31 44 18 7 28 6 37 19 27 17 43 30 36 46 33 20 47 21 32 39 48 5 42 24 10 45 57 54 56 49 55 50 58 51 52 53 35 4 26 2 29 34 41 16 22 3 23 14 25 13 11 12 15 40 9 
1 8 38 31 44 18 7 28 6 37 19 27 17 43 30 36 46 33 20 47 21 32 39 48 5 42 24 10 45 57 55 49 56 54 50 58 51 52 53 35 4 26 2 29 34 41 16 22 3 23 14 25 13 11 12 15 40 9 
1 8 38 31 44 18 7 28 6 37 19 27 17 43 30 36 46 33 20 47 21 32 39 48 5 42 24 10 45 57 52 51 54 58 50 56 49 55 53 35 4 26 2 29 34 41 16 22 3 23 14 25 13 11 12 15 40 9 
1 8 38 31 44 18 7 28 6 37 19 27 17 43 30 36 46 33 20 47 21 32 39 48 5 42 24 10 45 57 54 58 50 56 49 52 51 55 53 35 4 26 2 29 34 41 16 22 3 23 14 25 13 11 12 15 40 9 
1 8 38 31 44 18 7 28 6 37 19 27 17 43 30 36 46 33 20 47 21 32 39 48 5 42 24 10 45 57 54 58 50 56 49 55 51 52 53 35 4 26 2 29 34 41 16 22 3 23 14 25 13 11 12 15 40 9 
1 8 38 31 44 18 7 28 6 37 19 27 17 43 30 36 46 33 20 47 21 32 39 48 5 42 24 10 45 57 55 49 56 50 58 54 51 52 53 35 4 26 2 29 34 41 16 22 3 23 14 25 13 11 12 15 40 9 
1 8 38 31 44 18 7 28 6 37 19 27 17 43 30 36 46 33 20 47 21 32 39 48 5 42 24 10 45 57 54 56 58 50 51 52 49 55 53 35 4 26 2 29 34 41 16 22 3 23 14 25 13 11 12 15 40 9 
1 8 38 31 44 18 7 28 6 37 19 27 17 43 30 36 46 33 20 47 21 32 39 48 5 42 24 10 45 57 52 51 50 58 54 56 49 55 53 35 4 26 2 29 34 41 16 22 3 23 14 25 13 11 12 15 40 9 
1 8 38 31 44 18 7 28 6 37 19 27 17 43 30 36 46 33 20 47 21 32 39 48 5 42 24 10 45 57 55 49 56 54 58 50 51 52 53 35 4 26 2 29 34 41 16 22 3 23 14 25 13 11 12 15 40 9 
1 8 38 31 44 18 7 28 6 37 19 27 17 43 30 36 46 33 20 47 21 32 39 48 5 42 24 10 45 57 54 58 52 51 56 49 55 50 53 35 4 26 2 29 34 41 16 22 3 23 14 25 13 11 12 15 40 9 
1 8 38 31 44 18 7 28 6 37 19 27 17 43 30 36 46 33 20 47 21 32 39 48 5 42 24 10 45 57 55 49 56 51 52 58 54 50 53 35 4 26 2 29 34 41 16 22 3 23 14 25 13 11 12 15 40 9 
1 8 38 31 44 18 7 28 6 37 19 27 17 43 30 36 46 33 20 47 21 32 39 48 5 42 24 10 45 57 52 49 55 50 51 54 56 58 53 35 4 26 2 29 34 41 16 22 3 23 14 25 13 11 12 15 40 9 
1 8 38 31 44 18 7 28 6 37 19 27 17 43 30 36 46 33 20 47 21 32 39 48 5 42 24 10 45 57 52 49 55 51 50 54 56 58 53 35 4 26 2 29 34 41 16 22 3 23 14 25 13 11 12 15 40 9 
1 8 38 31 44 18 7 28 6 37 19 27 17 43 30 36 46 33 20 47 21 32 39 48 5 42 24 10 45 57 54 56 51 52 49 55 50 58 53 35 4 26 2 29 34 41 16 22 3 23 14 25 13 11 12 15 40 9 
1 8 38 31 44 18 7 28 6 37 19 27 17 43 30 36 46 33 20 47 21 32 39 48 5 42 24 10 45 57 55 49 52 50 51 54 56 58 53 35 4 26 2 29 34 41 16 22 3 23 14 25 13 11 12 15 40 9 
1 8 38 31 44 18 7 28 6 37 19 27 17 43 30 36 46 33 20 47 21 32 39 48 5 42 24 10 45 57 55 49 52 51 56 54 50 58 53 35 4 26 2 29 34 41 16 22 3 23 14 25 13 11 12 15 40 9 
1 8 38 31 44 18 7 28 6 37 19 27 17 43 30 36 46 33 20 47 21 32 39 48 5 42 24 10 45 57 52 50 51 55 49 56 54 58 53 35 4 26 2 29 34 41 16 22 3 23 14 25 13 11 12 15 40 9 
1 8 38 31 44 18 7 28 6 37 19 27 17 43 30 36 46 33 20 47 21 32 39 48 5 42 24 10 45 57 55 51 50 52 49 56 54 58 53 35 4 26 2 29 34 41 16 22 3 23 14 25 13 11 12 15 40 9 
1 8 38 31 44 18 7 28 6 37 19 27 17 43 30 36 46 33 20 47 21 32 39 48 5 42 24 10 45 57 52 58 51 54 56 49 55 50 53 35 4 26 2 29 34 41 16 22 3 23 14 25 13 11 12 15 40 9 
1 8 38 31 44 18 7 28 6 37 19 27 17 43 30 36 46 33 20 47 21 32 39 48 5 42 24 10 45 57 52 58 51 55 49 56 54 50 53 35 4 26 2 29 34 41 16 22 3 23 14 25 13 11 12 15 40 9 
1 8 38 31 44 18 7 28 6 37 19 27 17 43 30 36 46 33 20 47 21 32 39 48 5 42 24 10 45 57 54 51 52 58 55 49 56 50 53 35 4 26 2 29 34 41 16 22 3 23 14 25 13 11 12 15 40 9 
1 8 38 31 44 18 7 28 6 37 19 27 17 43 30 36 46 33 20 47 21 32 39 48 5 42 24 10 45 57 54 56 49 52 58 51 55 50 53 35 4 26 2 29 34 41 16 22 3 23 14 25 13 11 12 15 40 9 
1 8 38 31 44 18 7 28 6 37 19 27 17 43 30 36 46 33 20 47 21 32 39 48 5 42 24 10 45 57 54 56 49 55 51 58 52 50 53 35 4 26 2 29 34 41 16 22 3 23 14 25 13 11 12 15 40 9 
1 8 38 31 44 18 7 28 6 37 19 27 17 43 30 36 46 33 20 47 21 32 39 48 5 42 24 10 45 57 55 49 56 54 51 58 52 50 53 35 4 26 2 29 34 41 16 22 3 23 14 25 13 11 12 15 40 9 
1 8 38 31 44 18 7 28 6 37 19 27 17 43 30 36 46 33 20 47 21 32 39 48 5 42 24 10 45 57 55 51 58 52 49 56 54 50 53 35 4 26 2 29 34 41 16 22 3 23 14 25 13 11 12 15 40 9 
1 8 38 31 44 18 7 28 6 37 19 27 17 43 30 36 46 33 20 47 21 32 39 48 5 42 24 10 45 57 54 56 49 55 50 52 51 58 53 35 4 26 2 29 34 41 16 22 3 23 14 25 13 11 12 15 40 9 
1 8 38 31 44 18 7 28 6 37 19 27 17 43 30 36 46 33 20 47 21 32 39 48 5 42 24 10 45 57 55 49 56 54 50 52 51 58 53 35 4 26 2 29 34 41 16 22 3 23 14 25 13 11 12 15 40 9 
1 8 38 31 44 18 7 28 6 37 19 27 17 43 30 36 46 33 20 47 21 32 39 48 5 42 24 10 45 57 55 50 54 56 49 52 51 58 53 35 4 26 2 29 34 41 16 22 3 23 14 25 13 11 12 15 40 9 
1 8 38 31 44 18 7 28 6 37 19 27 17 43 30 36 46 33 20 47 21 32 39 48 5 42 24 10 45 57 54 51 52 49 55 50 56 58 53 35 4 26 2 29 34 41 16 22 3 23 14 25 13 11 12 15 40 9 
1 8 38 31 44 18 7 28 6 37 19 27 17 43 30 36 46 33 20 47 21 32 39 48 5 42 24 10 45 57 55 49 52 51 54 50 56 58 53 35 4 26 2 29 34 41 16 22 3 23 14 25 13 11 12 15 40 9 
1 8 38 31 44 18 7 28 6 37 19 27 17 43 30 36 46 33 20 47 21 32 39 48 5 42 24 10 45 57 52 51 55 49 56 50 54 58 53 35 4 26 2 29 34 41 16 22 3 23 14 25 13 11 12 15 40 9 
1 8 38 31 44 18 7 28 6 37 19 27 17 43 30 36 46 33 20 47 21 32 39 48 5 42 24 10 45 57 55 49 56 50 52 51 54 58 53 35 4 26 2 29 34 41 16 22 3 23 14 25 13 11 12 15 40 9 
1 8 38 31 44 18 7 28 6 37 19 27 17 43 30 36 46 33 20 47 21 32 39 48 5 42 24 10 45 57 55 50 56 49 52 51 54 58 53 35 4 26 2 29 34 41 16 22 3 23 14 25 13 11 12 15 40 9 
1 8 38 31 44 18 7 28 6 37 19 27 17 43 30 36 46 33 20 47 21 32 39 48 5 42 24 10 45 57 55 51 52 49 56 50 54 58 53 35 4 26 2 29 34 41 16 22 3 23 14 25 13 11 12 15 40 9 
1 8 38 31 44 18 7 28 6 37 19 27 17 43 30 36 46 33 20 47 21 32 39 48 5 42 24 10 45 57 52 49 55 56 58 51 54 50 53 35 4 26 2 29 34 41 16 22 3 23 14 25 13 11 12 15 40 9 
1 8 38 31 44 18 7 28 6 37 19 27 17 43 30 36 46 33 20 47 21 32 39 48 5 42 24 10 45 57 54 51 58 56 52 49 55 50 53 35 4 26 2 29 34 41 16 22 3 23 14 25 13 11 12 15 40 9 
1 8 38 31 44 18 7 28 6 37 19 27 17 43 30 36 46 33 20 47 21 32 39 48 5 42 24 10 45 57 54 51 58 56 55 49 52 50 53 35 4 26 2 29 34 41 16 22 3 23 14 25 13 11 12 15 40 9 
1 8 38 31 44 18 7 28 6 37 19 27 17 43 30 36 46 33 20 47 21 32 39 48 5 42 24 10 45 57 55 49 52 56 58 51 54 50 53 35 4 26 2 29 34 41 16 22 3 23 14 25 13 11 12 15 40 9 
1 8 38 31 44 18 7 28 6 37 19 27 17 43 30 36 46 33 20 47 21 32 39 48 5 42 24 10 45 57 52 49 56 55 51 58 54 50 53 35 4 26 2 29 34 41 16 22 3 23 14 25 13 11 12 15 40 9 
1 8 38 31 44 18 7 28 6 37 19 27 17 43 30 36 46 33 20 47 21 32 39 48 5 42 24 10 45 57 52 56 49 55 51 58 54 50 53 35 4 26 2 29 34 41 16 22 3 23 14 25 13 11 12 15 40 9 
1 8 38 31 44 18 7 28 6 37 19 27 17 43 30 36 46 33 20 47 21 32 39 48 5 42 24 10 45 57 54 58 51 55 49 56 52 50 53 35 4 26 2 29 34 41 16 22 3 23 14 25 13 11 12 15 40 9 
1 8 38 31 44 18 7 28 6 37 19 27 17 43 30 36 46 33 20 47 21 32 39 48 5 42 24 10 45 57 54 58 51 55 56 49 52 50 53 35 4 26 2 29 34 41 16 22 3 23 14 25 13 11 12 15 40 9 
1 8 38 31 44 18 7 28 6 37 19 27 17 43 30 36 46 33 20 47 21 32 39 48 5 42 24 10 45 57 55 49 52 51 50 54 56 58 53 35 4 26 2 29 34 41 16 22 3 23 14 25 13 11 12 15 40 9 
1 8 38 31 44 18 7 28 6 37 19 27 17 43 30 36 46 33 20 47 21 32 39 48 5 42 24 10 45 57 52 49 56 58 50 54 51 55 53 35 4 26 2 29 34 41 16 22 3 23 14 25 13 11 12 15 40 9 
1 8 38 31 44 18 7 28 6 37 19 27 17 43 30 36 46 33 20 47 21 32 39 48 5 42 24 10 45 57 54 51 55 49 56 58 50 52 53 35 4 26 2 29 34 41 16 22 3 23 14 25 13 11 12 15 40 9 
1 8 38 31 44 18 7 28 6 37 19 27 17 43 30 36 46 33 20 47 21 32 39 48 5 42 24 10 45 57 54 51 55 50 58 56 49 52 53 35 4 26 2 29 34 41 16 22 3 23 14 25 13 11 12 15 40 9 
1 8 38 31 44 18 7 28 6 37 19 27 17 43 30 36 46 33 20 47 21 32 39 48 5 42 24 10 45 57 55 51 54 50 58 56 49 52 53 35 4 26 2 29 34 41 16 22 3 23 14 25 13 11 12 15 40 9 
1 8 38 31 44 18 7 28 6 37 19 27 17 43 30 36 46 33 20 47 21 32 39 48 5 42 24 10 45 57 52 51 54 50 58 56 49 55 53 35 4 26 2 29 34 41 16 22 3 23 14 25 13 11 12 15 40 9 
1 8 38 31 44 18 7 28 6 37 19 27 17 43 30 36 46 33 20 47 21 32 39 48 5 42 24 10 45 57 54 50 58 56 49 52 51 55 53 35 4 26 2 29 34 41 16 22 3 23 14 25 13 11 12 15 40 9 
1 8 38 31 44 18 7 28 6 37 19 27 17 43 30 36 46 33 20 47 21 32 39 48 5 42 24 10 45 57 54 50 58 56 49 55 51 52 53 35 4 26 2 29 34 41 16 22 3 23 14 25 13 11 12 15 40 9 
1 8 38 31 44 18 7 28 6 37 19 27 17 43 30 36 46 33 20 47 21 32 39 48 5 42 24 10 45 57 54 51 52 49 56 58 50 55 53 35 4 26 2 29 34 41 16 22 3 23 14 25 13 11 12 15 40 9 
1 8 38 31 44 18 7 28 6 37 19 27 17 43 30 36 46 33 20 47 21 32 39 48 5 42 24 10 45 57 54 51 52 50 58 56 49 55 53 35 4 26 2 29 34 41 16 22 3 23 14 25 13 11 12 15 40 9 
1 8 38 31 44 18 7 28 6 37 19 27 17 43 30 36 46 33 20 47 21 32 39 48 5 42 24 10 45 57 55 49 56 58 50 54 51 52 53 35 4 26 2 29 34 41 16 22 3 23 14 25 13 11 12 15 40 9 
1 8 38 31 44 18 7 28 6 37 19 27 17 43 30 36 46 33 20 47 21 32 39 48 5 42 24 10 45 57 52 50 54 51 55 49 56 58 53 35 4 26 2 29 34 41 16 22 3 23 14 25 13 11 12 15 40 9 
1 8 38 31 44 18 7 28 6 37 19 27 17 43 30 36 46 33 20 47 21 32 39 48 5 42 24 10 45 57 54 51 55 50 52 49 56 58 53 35 4 26 2 29 34 41 16 22 3 23 14 25 13 11 12 15 40 9 
1 8 38 31 44 18 7 28 6 37 19 27 17 43 30 36 46 33 20 47 21 32 39 48 5 42 24 10 45 57 55 51 54 50 52 49 56 58 53 35 4 26 2 29 34 41 16 22 3 23 14 25 13 11 12 15 40 9 
1 8 38 31 44 18 7 28 6 37 19 27 17 43 30 36 46 33 20 47 21 32 39 48 5 42 24 10 45 57 54 56 58 55 49 52 51 50 53 35 4 26 2 29 34 41 16 22 3 23 14 25 13 11 12 15 40 9 
1 8 38 31 44 18 7 28 6 37 19 27 17 43 30 36 46 33 20 47 21 32 39 48 5 42 24 10 45 57 55 58 54 56 49 52 51 50 53 35 4 26 2 29 34 41 16 22 3 23 14 25 13 11 12 15 40 9 
1 8 38 31 44 18 7 28 6 37 19 27 17 43 30 36 46 33 20 47 21 32 39 48 5 42 24 10 45 57 55 49 52 51 56 54 58 50 53 35 4 26 2 29 34 41 16 22 3 23 14 25 13 11 12 15 40 9 
1 8 38 31 44 18 7 28 6 37 19 27 17 43 30 36 46 33 20 47 21 32 39 48 5 42 24 10 45 57 52 58 56 49 55 51 54 50 53 35 4 26 2 29 34 41 16 22 3 23 14 25 13 11 12 15 40 9 
1 8 38 31 44 18 7 28 6 37 19 27 17 43 30 36 46 33 20 47 21 32 39 48 5 42 24 10 45 57 54 51 55 49 56 58 52 50 53 35 4 26 2 29 34 41 16 22 3 23 14 25 13 11 12 15 40 9 
1 8 38 31 44 18 7 28 6 37 19 27 17 43 30 36 46 33 20 47 21 32 39 48 5 42 24 10 45 57 52 49 56 54 51 55 50 58 53 35 4 26 2 29 34 41 16 22 3 23 14 25 13 11 12 15 40 9 
1 8 38 31 44 18 7 28 6 37 19 27 17 43 30 36 46 33 20 47 21 32 39 48 5 42 24 10 45 57 54 56 58 51 52 49 55 50 53 35 4 26 2 29 34 41 16 22 3 23 14 25 13 11 12 15 40 9 
1 8 38 31 44 18 7 28 6 37 19 27 17 43 30 36 46 33 20 47 21 32 39 48 5 42 24 10 45 57 55 49 52 51 58 56 54 50 53 35 4 26 2 29 34 41 16 22 3 23 14 25 13 11 12 15 40 9 
1 8 38 31 44 18 7 28 6 37 19 27 17 43 30 36 46 33 20 47 21 32 39 48 5 42 24 10 45 57 55 51 54 56 49 52 50 58 53 35 4 26 2 29 34 41 16 22 3 23 14 25 13 11 12 15 40 9 
1 8 38 31 44 18 7 28 6 37 19 27 17 43 30 36 46 33 20 47 21 32 39 48 5 42 24 10 45 57 52 51 54 50 55 49 56 58 53 35 4 26 2 29 34 41 16 22 3 23 14 25 13 11 12 15 40 9 
1 8 38 31 44 18 7 28 6 37 19 27 17 43 30 36 46 33 20 47 21 32 39 48 5 42 24 10 45 57 54 50 52 51 55 49 56 58 53 35 4 26 2 29 34 41 16 22 3 23 14 25 13 11 12 15 40 9 
1 8 38 31 44 18 7 28 6 37 19 27 17 43 30 36 46 33 20 47 21 32 39 48 5 42 24 10 45 57 54 50 55 51 52 49 56 58 53 35 4 26 2 29 34 41 16 22 3 23 14 25 13 11 12 15 40 9 
1 8 38 31 44 18 7 28 6 37 19 27 17 43 30 36 46 33 20 47 21 32 39 48 5 42 24 10 45 57 54 51 52 50 55 49 56 58 53 35 4 26 2 29 34 41 16 22 3 23 14 25 13 11 12 15 40 9 
1 8 38 31 44 18 7 28 6 37 19 27 17 43 30 36 46 33 20 47 21 32 39 48 5 42 24 10 45 57 55 50 54 51 52 49 56 58 53 35 4 26 2 29 34 41 16 22 3 23 14 25 13 11 12 15 40 9 
1 8 38 31 44 18 7 28 6 37 19 27 17 43 30 36 46 33 20 47 21 32 39 48 5 42 24 10 45 57 55 51 54 56 49 52 58 50 53 35 4 26 2 29 34 41 16 22 3 23 14 25 13 11 12 15 40 9 
1 8 38 31 44 18 7 28 6 37 19 27 17 43 30 36 46 33 20 47 21 32 39 48 5 42 24 10 45 57 54 51 52 58 56 49 55 50 53 35 4 26 2 29 34 41 16 22 3 23 14 25 13 11 12 15 40 9 
1 8 38 31 44 18 7 28 6 37 19 27 17 43 30 36 46 33 20 47 21 32 39 48 5 42 24 10 45 57 55 49 56 58 52 51 54 50 53 35 4 26 2 29 34 41 16 22 3 23 14 25 13 11 12 15 40 9 
1 8 38 31 44 18 7 28 6 37 19 27 17 43 30 36 46 33 20 47 21 32 39 48 5 42 24 10 45 57 52 51 54 56 49 55 50 58 53 35 4 26 2 29 34 41 16 22 3 23 14 25 13 11 12 15 40 9 
1 8 38 31 44 18 7 28 6 37 19 27 17 43 30 36 46 33 20 47 21 32 39 48 5 42 24 10 45 57 52 51 55 49 56 54 50 58 53 35 4 26 2 29 34 41 16 22 3 23 14 25 13 11 12 15 40 9 
1 8 38 31 44 18 7 28 6 37 19 27 17 43 30 36 46 33 20 47 21 32 39 48 5 42 24 10 45 57 54 56 49 52 51 55 50 58 53 35 4 26 2 29 34 41 16 22 3 23 14 25 13 11 12 15 40 9 
1 8 38 31 44 18 7 28 6 37 19 27 17 43 30 36 46 33 20 47 21 32 39 48 5 42 24 10 45 57 54 56 49 55 51 52 50 58 53 35 4 26 2 29 34 41 16 22 3 23 14 25 13 11 12 15 40 9 
1 8 38 31 44 18 7 28 6 37 19 27 17 43 30 36 46 33 20 47 21 32 39 48 5 42 24 10 45 57 55 49 56 54 51 52 50 58 53 35 4 26 2 29 34 41 16 22 3 23 14 25 13 11 12 15 40 9 
1 8 38 31 44 18 7 28 6 37 19 27 17 43 30 36 46 33 20 47 21 32 39 48 5 42 24 10 45 57 55 51 52 49 56 54 50 58 53 35 4 26 2 29 34 41 16 22 3 23 14 25 13 11 12 15 40 9 
1 8 38 31 44 18 7 28 6 37 19 27 17 43 30 36 46 33 20 47 21 32 39 48 5 42 24 10 45 57 54 51 52 49 56 55 58 50 53 35 4 26 2 29 34 41 16 22 3 23 14 25 13 11 12 15 40 9 
1 8 38 31 44 18 7 28 6 37 19 27 17 43 30 36 46 33 20 47 21 32 39 48 5 42 24 10 45 57 54 51 52 56 49 55 58 50 53 35 4 26 2 29 34 41 16 22 3 23 14 25 13 11 12 15 40 9 
1 8 38 31 44 18 7 28 6 37 19 27 17 43 30 36 46 33 20 47 21 32 39 48 5 42 24 10 45 57 52 49 56 58 55 51 54 50 53 35 4 26 2 29 34 41 16 22 3 23 14 25 13 11 12 15 40 9 
1 8 38 31 44 18 7 28 6 37 19 27 17 43 30 36 46 33 20 47 21 32 39 48 5 42 24 10 45 57 54 51 55 58 56 49 52 50 53 35 4 26 2 29 34 41 16 22 3 23 14 25 13 11 12 15 40 9 
1 8 38 31 44 18 7 28 6 37 19 27 17 43 30 36 46 33 20 47 21 32 39 48 5 42 24 10 45 57 54 56 49 55 51 52 58 50 53 35 4 26 2 29 34 41 16 22 3 23 14 25 13 11 12 15 40 9 
1 8 38 31 44 18 7 28 6 37 19 27 17 43 30 36 46 33 20 47 21 32 39 48 5 42 24 10 45 57 55 49 56 54 51 52 58 50 53 35 4 26 2 29 34 41 16 22 3 23 14 25 13 11 12 15 40 9 
1 8 38 31 44 18 7 28 6 37 19 27 17 43 30 36 46 33 20 47 21 32 39 48 5 42 24 10 45 57 52 49 56 54 51 55 58 50 53 35 4 26 2 29 34 41 16 22 3 23 14 25 13 11 12 15 40 9 
1 8 38 31 44 18 7 28 6 37 19 27 17 43 30 36 46 33 20 47 21 32 39 48 5 42 24 10 45 57 54 51 52 49 56 58 55 50 53 35 4 26 2 29 34 41 16 22 3 23 14 25 13 11 12 15 40 9 
1 8 38 31 44 18 7 28 6 37 19 27 17 43 30 36 46 33 20 47 21 32 39 48 5 42 24 10 45 57 55 58 56 49 52 51 54 50 53 35 4 26 2 29 34 41 16 22 3 23 14 25 13 11 12 15 40 9 
1 8 38 31 44 18 7 28 6 37 19 27 17 43 30 36 46 33 20 47 21 32 39 48 5 42 24 10 45 57 52 49 56 58 54 51 55 50 53 35 4 26 2 29 34 41 16 22 3 23 14 25 13 11 12 15 40 9 
1 8 38 31 44 18 7 28 6 37 19 27 17 43 30 36 46 33 20 47 21 32 39 48 5 42 24 10 45 57 55 51 54 58 56 49 52 50 53 35 4 26 2 29 34 41 16 22 3 23 14 25 13 11 12 15 40 9 
1 8 38 31 44 18 7 28 6 37 19 27 17 43 30 36 46 33 20 47 21 32 39 48 5 42 24 10 45 57 52 51 54 56 49 55 58 50 53 35 4 26 2 29 34 41 16 22 3 23 14 25 13 11 12 15 40 9 
1 8 38 31 44 18 7 28 6 37 19 27 17 43 30 36 46 33 20 47 21 32 39 48 5 42 24 10 45 57 54 56 49 52 51 55 58 50 53 35 4 26 2 29 34 41 16 22 3 23 14 25 13 11 12 15 40 9 
1 8 38 31 44 18 7 28 6 37 19 27 17 43 30 36 46 33 20 47 21 32 39 48 5 42 24 10 45 57 52 49 55 51 54 56 58 50 53 35 4 26 2 29 34 41 16 22 3 23 14 25 13 11 12 15 40 9 
1 8 38 31 44 18 7 28 6 37 19 27 17 43 30 36 46 33 20 47 21 32 39 48 5 42 24 10 45 57 52 51 54 58 56 49 55 50 53 35 4 26 2 29 34 41 16 22 3 23 14 25 13 11 12 15 40 9 
1 8 38 31 44 18 7 28 6 37 19 27 17 43 30 36 46 33 20 47 21 32 39 48 5 42 24 10 45 57 52 51 55 49 56 58 54 50 53 35 4 26 2 29 34 41 16 22 3 23 14 25 13 11 12 15 40 9 
1 8 38 31 44 18 7 28 6 37 19 27 17 43 30 36 46 33 20 47 21 32 39 48 5 42 24 10 45 57 54 58 56 49 52 51 55 50 53 35 4 26 2 29 34 41 16 22 3 23 14 25 13 11 12 15 40 9 
1 8 38 31 44 18 7 28 6 37 19 27 17 43 30 36 46 33 20 47 21 32 39 48 5 42 24 10 45 57 54 58 56 49 55 51 52 50 53 35 4 26 2 29 34 41 16 22 3 23 14 25 13 11 12 15 40 9 
1 8 38 31 44 18 7 28 6 37 19 27 17 43 30 36 46 33 20 47 21 32 39 48 5 42 24 10 45 57 55 49 56 58 54 51 52 50 53 35 4 26 2 29 34 41 16 22 3 23 14 25 13 11 12 15 40 9 
1 8 38 31 44 18 7 28 6 37 19 27 17 43 30 36 46 33 20 47 21 32 39 48 5 42 24 10 45 57 55 51 52 49 56 58 54 50 53 35 4 26 2 29 34 41 16 22 3 23 14 25 13 11 12 15 40 9 
1 8 38 31 44 18 7 28 6 37 19 27 17 43 30 36 46 33 20 47 21 32 39 48 5 42 24 10 45 57 55 49 52 51 54 56 58 50 53 35 4 26 2 29 34 41 16 22 3 23 14 25 13 11 12 15 40 9 
1 8 38 31 44 18 7 28 6 37 19 27 17 43 30 36 46 33 20 47 21 32 39 48 5 42 24 10 45 57 52 51 55 49 56 54 58 50 53 35 4 26 2 29 34 41 16 22 3 23 14 25 13 11 12 15 40 9 
1 8 38 31 44 18 7 28 6 37 19 27 17 43 30 36 46 33 20 47 21 32 39 48 5 42 24 10 45 57 55 51 52 49 56 54 58 50 53 35 4 26 2 29 34 41 16 22 3 23 14 25 13 11 12 15 40 9 
1 8 38 31 44 18 7 28 6 37 19 27 17 43 30 36 46 33 20 47 21 32 39 48 5 42 24 10 45 57 56 58 50 54 51 52 49 55 53 35 4 26 2 29 34 41 16 22 3 23 14 25 13 11 12 15 40 9 
1 8 38 31 44 18 7 28 6 37 19 27 17 43 30 36 46 33 20 47 21 32 39 48 5 42 24 10 45 57 56 49 52 51 54 58 50 55 53 35 4 26 2 29 34 41 16 22 3 23 14 25 13 11 12 15 40 9 
1 8 38 31 44 18 7 28 6 37 19 27 17 43 30 36 46 33 20 47 21 32 39 48 5 42 24 10 45 57 56 49 55 50 58 54 51 52 53 35 4 26 2 29 34 41 16 22 3 23 14 25 13 11 12 15 40 9 
1 8 38 31 44 18 7 28 6 37 19 27 17 43 30 36 46 33 20 47 21 32 39 48 5 42 24 10 45 57 56 49 52 50 55 51 54 58 53 35 4 26 2 29 34 41 16 22 3 23 14 25 13 11 12 15 40 9 
1 8 38 31 44 18 7 28 6 37 19 27 17 43 30 36 46 33 20 47 21 32 39 48 5 42 24 10 45 57 51 52 58 54 56 49 55 50 53 35 4 26 2 29 34 41 16 22 3 23 14 25 13 11 12 15 40 9 
1 8 38 31 44 18 7 28 6 37 19 27 17 43 30 36 46 33 20 47 21 32 39 48 5 42 24 10 45 57 58 55 49 56 52 51 54 50 53 35 4 26 2 29 34 41 16 22 3 23 14 25 13 11 12 15 40 9 
1 8 38 31 44 18 7 28 6 37 19 27 17 43 30 36 46 33 20 47 21 32 39 48 5 42 24 10 45 57 58 55 56 49 52 51 54 50 53 35 4 26 2 29 34 41 16 22 3 23 14 25 13 11 12 15 40 9 
1 8 38 31 44 18 7 28 6 37 19 27 17 43 30 36 46 33 20 47 21 32 39 48 5 42 24 10 45 57 56 49 55 58 52 51 54 50 53 35 4 26 2 29 34 41 16 22 3 23 14 25 13 11 12 15 40 9 
1 8 38 31 44 18 7 28 6 37 19 27 17 43 30 36 46 33 20 47 21 32 39 48 5 42 24 10 45 57 58 56 52 49 55 51 54 50 53 35 4 26 2 29 34 41 16 22 3 23 14 25 13 11 12 15 40 9 
1 8 38 31 44 18 7 28 6 37 19 27 17 43 30 36 46 33 20 47 21 32 39 48 5 42 24 10 45 57 56 58 52 49 55 51 54 50 53 35 4 26 2 29 34 41 16 22 3 23 14 25 13 11 12 15 40 9 
1 8 38 31 44 18 7 28 6 37 19 27 17 43 30 36 46 33 20 47 21 32 39 48 5 42 24 10 45 57 58 54 51 55 49 56 52 50 53 35 4 26 2 29 34 41 16 22 3 23 14 25 13 11 12 15 40 9 
1 8 38 31 44 18 7 28 6 37 19 27 17 43 30 36 46 33 20 47 21 32 39 48 5 42 24 10 45 57 58 54 51 55 56 49 52 50 53 35 4 26 2 29 34 41 16 22 3 23 14 25 13 11 12 15 40 9 
1 8 38 31 44 18 7 28 6 37 19 27 17 43 30 36 46 33 20 47 21 32 39 48 5 42 24 10 45 57 56 49 52 58 54 51 55 50 53 35 4 26 2 29 34 41 16 22 3 23 14 25 13 11 12 15 40 9 
1 8 38 31 44 18 7 28 6 37 19 27 17 43 30 36 46 33 20 47 21 32 39 48 5 42 24 10 45 57 56 49 55 51 54 58 52 50 53 35 4 26 2 29 34 41 16 22 3 23 14 25 13 11 12 15 40 9 
1 8 38 31 44 18 7 28 6 37 19 27 17 43 30 36 46 33 20 47 21 32 39 48 5 42 24 10 45 57 51 54 56 58 55 49 52 50 53 35 4 26 2 29 34 41 16 22 3 23 14 25 13 11 12 15 40 9 
1 8 38 31 44 18 7 28 6 37 19 27 17 43 30 36 46 33 20 47 21 32 39 48 5 42 24 10 45 57 56 54 51 55 49 52 50 58 53 35 4 26 2 29 34 41 16 22 3 23 14 25 13 11 12 15 40 9 
1 8 38 31 44 18 7 28 6 37 19 27 17 43 30 36 46 33 20 47 21 32 39 48 5 42 24 10 45 57 51 55 58 54 56 49 52 50 53 35 4 26 2 29 34 41 16 22 3 23 14 25 13 11 12 15 40 9 
1 8 38 31 44 18 7 28 6 37 19 27 17 43 30 36 46 33 20 47 21 32 39 48 5 42 24 10 45 57 56 54 58 51 52 49 55 50 53 35 4 26 2 29 34 41 16 22 3 23 14 25 13 11 12 15 40 9 
1 8 38 31 44 18 7 28 6 37 19 27 17 43 30 36 46 33 20 47 21 32 39 48 5 42 24 10 45 57 58 52 51 54 56 49 55 50 53 35 4 26 2 29 34 41 16 22 3 23 14 25 13 11 12 15 40 9 
1 8 38 31 44 18 7 28 6 37 19 27 17 43 30 36 46 33 20 47 21 32 39 48 5 42 24 10 45 57 58 52 51 55 49 56 54 50 53 35 4 26 2 29 34 41 16 22 3 23 14 25 13 11 12 15 40 9 
1 8 38 31 44 18 7 28 6 37 19 27 17 43 30 36 46 33 20 47 21 32 39 48 5 42 24 10 45 57 56 49 52 51 55 50 54 58 53 35 4 26 2 29 34 41 16 22 3 23 14 25 13 11 12 15 40 9 
1 8 38 31 44 18 7 28 6 37 19 27 17 43 30 36 46 33 20 47 21 32 39 48 5 42 24 10 45 57 56 49 55 50 52 51 54 58 53 35 4 26 2 29 34 41 16 22 3 23 14 25 13 11 12 15 40 9 
1 8 38 31 44 18 7 28 6 37 19 27 17 43 30 36 46 33 20 47 21 32 39 48 5 42 24 10 45 57 56 49 55 51 52 50 54 58 53 35 4 26 2 29 34 41 16 22 3 23 14 25 13 11 12 15 40 9 
1 8 38 31 44 18 7 28 6 37 19 27 17 43 30 36 46 33 20 47 21 32 39 48 5 42 24 10 45 57 58 55 51 54 56 49 52 50 53 35 4 26 2 29 34 41 16 22 3 23 14 25 13 11 12 15 40 9 
1 8 38 31 44 18 7 28 6 37 19 27 17 43 30 36 46 33 20 47 21 32 39 48 5 42 24 10 45 57 58 56 55 49 52 51 54 50 53 35 4 26 2 29 34 41 16 22 3 23 14 25 13 11 12 15 40 9 
1 8 38 31 44 18 7 28 6 37 19 27 17 43 30 36 46 33 20 47 21 32 39 48 5 42 24 10 45 57 58 54 51 52 49 56 55 50 53 35 4 26 2 29 34 41 16 22 3 23 14 25 13 11 12 15 40 9 
1 8 38 31 44 18 7 28 6 37 19 27 17 43 30 36 46 33 20 47 21 32 39 48 5 42 24 10 45 57 58 54 51 52 56 49 55 50 53 35 4 26 2 29 34 41 16 22 3 23 14 25 13 11 12 15 40 9 
1 8 38 31 44 18 7 28 6 37 19 27 17 43 30 36 46 33 20 47 21 32 39 48 5 42 24 10 45 57 56 49 55 51 52 58 54 50 53 35 4 26 2 29 34 41 16 22 3 23 14 25 13 11 12 15 40 9 
1 8 38 31 44 18 7 28 6 37 19 27 17 43 30 36 46 33 20 47 21 32 39 48 5 42 24 10 45 57 51 52 49 55 58 56 54 50 53 35 4 26 2 29 34 41 16 22 3 23 14 25 13 11 12 15 40 9 
1 8 38 31 44 18 7 28 6 37 19 27 17 43 30 36 46 33 20 47 21 32 39 48 5 42 24 10 45 57 56 54 51 52 49 55 50 58 53 35 4 26 2 29 34 41 16 22 3 23 14 25 13 11 12 15 40 9 
1 8 38 31 44 18 7 28 6 37 19 27 17 43 30 36 46 33 20 47 21 32 39 48 5 42 24 10 45 57 51 52 49 56 54 58 55 50 53 35 4 26 2 29 34 41 16 22 3 23 14 25 13 11 12 15 40 9 
1 8 38 31 44 18 7 28 6 37 19 27 17 43 30 36 46 33 20 47 21 32 39 48 5 42 24 10 45 57 58 55 49 56 54 51 52 50 53 35 4 26 2 29 34 41 16 22 3 23 14 25 13 11 12 15 40 9 
1 8 38 31 44 18 7 28 6 37 19 27 17 43 30 36 46 33 20 47 21 32 39 48 5 42 24 10 45 57 58 55 51 52 49 56 54 50 53 35 4 26 2 29 34 41 16 22 3 23 14 25 13 11 12 15 40 9 
1 8 38 31 44 18 7 28 6 37 19 27 17 43 30 36 46 33 20 47 21 32 39 48 5 42 24 10 45 57 58 56 54 51 55 49 52 50 53 35 4 26 2 29 34 41 16 22 3 23 14 25 13 11 12 15 40 9 
1 8 38 31 44 18 7 28 6 37 19 27 17 43 30 36 46 33 20 47 21 32 39 48 5 42 24 10 45 57 56 58 55 49 52 51 54 50 53 35 4 26 2 29 34 41 16 22 3 23 14 25 13 11 12 15 40 9 
1 8 38 31 44 18 7 28 6 37 19 27 17 43 30 36 46 33 20 47 21 32 39 48 5 42 24 10 45 57 56 49 52 51 54 58 55 50 53 35 4 26 2 29 34 41 16 22 3 23 14 25 13 11 12 15 40 9 
1 8 38 31 44 18 7 28 6 37 19 27 17 43 30 36 46 33 20 47 21 32 39 48 5 42 24 10 45 57 56 49 52 51 55 58 54 50 53 35 4 26 2 29 34 41 16 22 3 23 14 25 13 11 12 15 40 9 
1 8 38 31 44 18 7 28 6 37 19 27 17 43 30 36 46 33 20 47 21 32 39 48 5 42 24 10 45 57 56 49 55 58 54 51 52 50 53 35 4 26 2 29 34 41 16 22 3 23 14 25 13 11 12 15 40 9 
1 8 38 31 44 18 7 28 6 37 19 27 17 43 30 36 46 33 20 47 21 32 39 48 5 42 24 10 45 57 56 58 54 51 55 49 52 50 53 35 4 26 2 29 34 41 16 22 3 23 14 25 13 11 12 15 40 9 
1 8 38 31 44 18 7 28 6 37 19 27 17 43 30 36 46 33 20 47 21 32 39 48 5 42 24 10 45 57 58 56 54 51 52 49 55 50 53 35 4 26 2 29 34 41 16 22 3 23 14 25 13 11 12 15 40 9 
1 8 38 31 44 18 7 28 6 37 19 27 17 43 30 36 46 33 20 47 21 32 39 48 5 42 24 10 45 57 58 54 56 49 52 51 55 50 53 35 4 26 2 29 34 41 16 22 3 23 14 25 13 11 12 15 40 9 
1 8 38 31 44 18 7 28 6 37 19 27 17 43 30 36 46 33 20 47 21 32 39 48 5 42 24 10 45 57 58 54 56 49 55 51 52 50 53 35 4 26 2 29 34 41 16 22 3 23 14 25 13 11 12 15 40 9 
1 8 38 31 44 18 7 28 6 37 19 27 17 43 30 36 46 33 20 47 21 32 39 48 5 42 24 10 45 57 56 54 51 52 49 55 58 50 53 35 4 26 2 29 34 41 16 22 3 23 14 25 13 11 12 15 40 9 
1 8 38 31 44 18 7 28 6 37 19 27 17 43 30 36 46 33 20 47 21 32 39 48 5 42 24 10 45 57 56 58 54 51 52 49 55 50 53 35 4 26 2 29 34 41 16 22 3 23 14 25 13 11 12 15 40 9 
1 8 38 31 44 18 7 28 6 37 19 27 17 43 30 36 46 33 20 47 21 32 39 48 5 42 24 10 45 57 55 51 52 58 54 56 49 50 53 35 4 26 2 29 34 41 16 22 3 23 14 25 13 11 12 15 40 9 
1 8 38 31 44 18 7 28 6 37 19 27 17 43 30 36 46 33 20 47 21 32 39 48 5 42 24 10 45 57 52 51 54 58 56 55 49 50 53 35 4 26 2 29 34 41 16 22 3 23 14 25 13 11 12 15 40 9 
1 8 38 31 44 18 7 28 6 37 19 27 17 43 30 36 46 33 20 47 21 32 39 48 5 42 24 10 45 57 54 58 56 52 51 55 49 50 53 35 4 26 2 29 34 41 16 22 3 23 14 25 13 11 12 15 40 9 
1 8 38 31 44 18 7 28 6 37 19 27 17 43 30 36 46 33 20 47 21 32 39 48 5 42 24 10 45 57 54 58 56 55 51 52 49 50 53 35 4 26 2 29 34 41 16 22 3 23 14 25 13 11 12 15 40 9 
1 8 38 31 44 18 7 28 6 37 19 27 17 43 30 36 46 33 20 47 21 32 39 48 5 42 24 10 45 57 55 56 58 54 51 52 49 50 53 35 4 26 2 29 34 41 16 22 3 23 14 25 13 11 12 15 40 9 
1 8 38 31 44 18 7 28 6 37 19 27 17 43 30 36 46 33 20 47 21 32 39 48 5 42 24 10 45 57 52 51 54 56 58 55 49 50 53 35 4 26 2 29 34 41 16 22 3 23 14 25 13 11 12 15 40 9 
1 8 38 31 44 18 7 28 6 37 19 27 17 43 30 36 46 33 20 47 21 32 39 48 5 42 24 10 45 57 54 56 58 55 51 52 49 50 53 35 4 26 2 29 34 41 16 22 3 23 14 25 13 11 12 15 40 9 
1 8 38 31 44 18 7 28 6 37 19 27 17 43 30 36 46 33 20 47 21 32 39 48 5 42 24 10 45 57 55 58 56 54 51 52 49 50 53 35 4 26 2 29 34 41 16 22 3 23 14 25 13 11 12 15 40 9 
1 8 38 31 44 18 7 28 6 37 19 27 17 43 30 36 46 33 20 47 21 32 39 48 5 42 24 10 45 57 52 51 55 58 54 56 49 50 53 35 4 26 2 29 34 41 16 22 3 23 14 25 13 11 12 15 40 9 
1 8 38 31 44 18 7 28 6 37 19 27 17 43 30 36 46 33 20 47 21 32 39 48 5 42 24 10 45 57 56 58 55 49 50 54 51 52 53 35 4 26 2 29 34 41 16 22 3 23 14 25 13 11 12 15 40 9 
1 8 38 31 44 18 7 28 6 37 19 27 17 43 30 36 46 33 20 47 21 32 39 48 5 42 24 10 45 57 56 49 50 52 51 54 58 55 53 35 4 26 2 29 34 41 16 22 3 23 14 25 13 11 12 15 40 9 
1 8 38 31 44 18 7 28 6 37 19 27 17 43 30 36 46 33 20 47 21 32 39 48 5 42 24 10 45 57 56 49 50 54 58 55 51 52 53 35 4 26 2 29 34 41 16 22 3 23 14 25 13 11 12 15 40 9 
1 8 38 31 44 18 7 28 6 37 19 27 17 43 30 36 46 33 20 47 21 32 39 48 5 42 24 10 45 57 56 49 50 55 58 54 51 52 53 35 4 26 2 29 34 41 16 22 3 23 14 25 13 11 12 15 40 9 
1 8 38 31 44 18 7 28 6 37 19 27 17 43 30 36 46 33 20 47 21 32 39 48 5 42 24 10 45 57 56 58 54 51 55 49 50 52 53 35 4 26 2 29 34 41 16 22 3 23 14 25 13 11 12 15 40 9 
1 8 38 31 44 18 7 28 6 37 19 27 17 43 30 36 46 33 20 47 21 32 39 48 5 42 24 10 45 57 56 58 54 51 55 50 49 52 53 35 4 26 2 29 34 41 16 22 3 23 14 25 13 11 12 15 40 9 
1 8 38 31 44 18 7 28 6 37 19 27 17 43 30 36 46 33 20 47 21 32 39 48 5 42 24 10 45 57 58 56 54 50 49 52 51 55 53 35 4 26 2 29 34 41 16 22 3 23 14 25 13 11 12 15 40 9 
1 8 38 31 44 18 7 28 6 37 19 27 17 43 30 36 46 33 20 47 21 32 39 48 5 42 24 10 45 57 58 56 54 50 49 55 51 52 53 35 4 26 2 29 34 41 16 22 3 23 14 25 13 11 12 15 40 9 
1 8 38 31 44 18 7 28 6 37 19 27 17 43 30 36 46 33 20 47 21 32 39 48 5 42 24 10 45 57 58 56 54 51 52 49 50 55 53 35 4 26 2 29 34 41 16 22 3 23 14 25 13 11 12 15 40 9 
1 8 38 31 44 18 7 28 6 37 19 27 17 43 30 36 46 33 20 47 21 32 39 48 5 42 24 10 45 57 58 56 54 51 52 50 49 55 53 35 4 26 2 29 34 41 16 22 3 23 14 25 13 11 12 15 40 9 
1 8 38 31 44 18 7 28 6 37 19 27 17 43 30 36 46 33 20 47 21 32 39 48 5 42 24 10 45 57 58 54 56 49 50 52 51 55 53 35 4 26 2 29 34 41 16 22 3 23 14 25 13 11 12 15 40 9 
1 8 38 31 44 18 7 28 6 37 19 27 17 43 30 36 46 33 20 47 21 32 39 48 5 42 24 10 45 57 58 54 56 49 50 55 51 52 53 35 4 26 2 29 34 41 16 22 3 23 14 25 13 11 12 15 40 9 
1 8 38 31 44 18 7 28 6 37 19 27 17 43 30 36 46 33 20 47 21 32 39 48 5 42 24 10 45 57 56 54 51 52 49 50 58 55 53 35 4 26 2 29 34 41 16 22 3 23 14 25 13 11 12 15 40 9 
1 8 38 31 44 18 7 28 6 37 19 27 17 43 30 36 46 33 20 47 21 32 39 48 5 42 24 10 45 57 56 58 54 50 49 52 51 55 53 35 4 26 2 29 34 41 16 22 3 23 14 25 13 11 12 15 40 9 
1 8 38 31 44 18 7 28 6 37 19 27 17 43 30 36 46 33 20 47 21 32 39 48 5 42 24 10 45 57 56 58 54 50 49 55 51 52 53 35 4 26 2 29 34 41 16 22 3 23 14 25 13 11 12 15 40 9 
1 8 38 31 44 18 7 28 6 37 19 27 17 43 30 36 46 33 20 47 21 32 39 48 5 42 24 10 45 57 56 58 54 51 52 49 50 55 53 35 4 26 2 29 34 41 16 22 3 23 14 25 13 11 12 15 40 9 
1 8 38 31 44 18 7 28 6 37 19 27 17 43 30 36 46 33 20 47 21 32 39 48 5 42 24 10 45 57 56 58 54 51 52 50 49 55 53 35 4 26 2 29 34 41 16 22 3 23 14 25 13 11 12 15 40 9 
1 8 38 31 44 18 7 28 6 37 19 27 17 43 30 36 46 33 20 47 21 32 39 48 5 42 24 10 45 57 56 54 58 50 49 52 51 55 53 35 4 26 2 29 34 41 16 22 3 23 14 25 13 11 12 15 40 9 
1 8 38 31 44 18 7 28 6 37 19 27 17 43 30 36 46 33 20 47 21 32 39 48 5 42 24 10 45 57 56 54 58 50 49 55 51 52 53 35 4 26 2 29 34 41 16 22 3 23 14 25 13 11 12 15 40 9 
1 8 38 31 44 18 7 28 6 37 19 27 17 43 30 36 46 33 20 47 21 32 39 48 5 42 24 10 45 57 58 55 56 54 51 52 49 50 53 35 4 26 2 29 34 41 16 22 3 23 14 25 13 11 12 15 40 9 
1 8 38 31 44 18 7 28 6 37 19 27 17 43 30 36 46 33 20 47 21 32 39 48 5 42 24 10 45 57 56 54 51 52 58 55 49 50 53 35 4 26 2 29 34 41 16 22 3 23 14 25 13 11 12 15 40 9 
1 8 38 31 44 18 7 28 6 37 19 27 17 43 30 36 46 33 20 47 21 32 39 48 5 42 24 10 45 57 56 52 51 54 58 55 49 50 53 35 4 26 2 29 34 41 16 22 3 23 14 25 13 11 12 15 40 9 
1 8 38 31 44 18 7 28 6 37 19 27 17 43 30 36 46 33 20 47 21 32 39 48 5 42 24 10 45 57 56 55 58 54 51 52 49 50 53 35 4 26 2 29 34 41 16 22 3 23 14 25 13 11 12 15 40 9 
1 8 38 31 44 18 7 28 6 37 19 27 17 43 30 36 46 33 20 47 21 32 39 48 5 42 24 10 45 57 58 54 56 52 51 55 49 50 53 35 4 26 2 29 34 41 16 22 3 23 14 25 13 11 12 15 40 9 
1 8 38 31 44 18 7 28 6 37 19 27 17 43 30 36 46 33 20 47 21 32 39 48 5 42 24 10 45 57 58 54 56 55 51 52 49 50 53 35 4 26 2 29 34 41 16 22 3 23 14 25 13 11 12 15 40 9 
1 8 38 31 44 18 7 28 6 37 19 27 17 43 30 36 46 33 20 47 21 32 39 48 5 42 24 10 45 57 56 54 58 52 51 55 49 50 53 35 4 26 2 29 34 41 16 22 3 23 14 25 13 11 12 15 40 9 
1 8 38 31 44 18 7 28 6 37 19 27 17 43 30 36 46 33 20 47 21 32 39 48 5 42 24 10 45 57 56 54 58 55 51 52 49 50 53 35 4 26 2 29 34 41 16 22 3 23 14 25 13 11 12 15 40 9 
0
14163 26680 
14163 26680 
14433 26260 
14433 26260 
14631 25952 
14649 25924 
14649 25924 
14676 25518 
14946 25098 
15009 25056 
15153 24832 
15153 24832 
15162 24762 
15162 24762 
15261 24608 
15270 24594 
15270 24594 
15396 24454 
15396 24454 
15405 24384 
15405 24384 
15468 24342 
15513 24216 
15513 24216 
15513 24216 
15513 24216 
15531 24188 
15540 24174 
15540 24174 
15603 24076 
15648 24062 
15666 24034 
15666 24034 
15675 23964 
15675 23964 
15729 23642 
15954 23530 
15954 23530 
15981 23488 
15981 23488 
15990 23474 
15990 23474 
15990 23474 
15990 23474 
15999 23222 
16062 23180 
16197 23152 
16197 23152 
16197 23152 
16197 23152 
16206 22956 
16206 22956 
16215 22886 
16215 22886 
16314 22788 
16314 22788 
16323 22718 
16323 22718 
16449 22578 
16458 22564 
16458 22564 
16458 22564 
16458 22564 
16485 22522 
16485 22522 
16521 22466 
16566 22340 
16566 22340 
16566 22340 
16566 22340 
16566 22340 
16566 22340 
16593 22298 
16593 22298 
16656 22256 
16656 22256 
16656 22256 
16656 22256 
16692 22200 
16701 22186 
16701 22186 
16701 22186 
16719 22158 
16728 22144 
16728 22144 
16728 22144 
16728 22144 
16791 22046 
16791 22046 
16791 22046 
16800 22032 
16800 22032 
16800 22032 
16800 22032 
16809 21962 
16809 21962 
16809 21962 
16809 21962 
16809 21962 
16809 21962 
16836 21920 
16836 21920 
16836 21920 
16836 21920 
16926 21836 
16926 21836 
16926 21836 
16926 21836 
16935 21822 
16935 21822 
16962 21780 
16962 21780 
16962 21780 
16971 21766 
16971 21766 
16971 21766 
17007 21654 
17007 21654 
17043 21598 
17043 21598 
17043 21598 
17052 21584 
17052 21584 
17052 21584 
17052 21584 
17115 21542 
17115 21542 
17115 21542 
17115 21542 
17115 21542 
17133 21514 
17133 21514 
17142 21500 
17142 21500 
17142 21500 
17142 21500 
17142 21500 
17178 21444 
17178 21444 
17205 21402 
17214 21332 
17223 21318 
17223 21318 
17223 21318 
17223 21318 
17286 21276 
17286 21276 
17286 21276 
17286 21276 
17349 21178 
17358 21164 
17376 21136 
17385 21122 
17385 21122 
17385 21122 
17385 21122 
17385 21122 
17448 21080 
17448 21080 
17448 21080 
17448 21080 
17457 21010 
17457 21010 
17457 21010 
17457 21010 
17457 21010 
17457 21010 
17457 21010 
17529 20898 
17556 20856 
17556 20856 
17556 20856 
17556 20856 
17592 20800 
17592 20800 
17592 20800 
17601 20786 
17601 20786 
17601 20786 
17601 20786 
17601 20786 
17601 20786 
17628 20744 
17628 20744 
17628 20744 
17637 20674 
17637 20674 
17637 20674 
17637 20674 
17637 20674 
17637 20674 
17637 20674 
17637 20674 
17718 20660 
17718 20660 
17727 20590 
17763 20534 
17772 20520 
17772 20520 
17772 20520 
17772 20520 
17772 20520 
17772 20520 
17772 20520 
17772 20520 
17772 20520 
17772 20520 
17799 20478 
17799 20478 
17799 20478 
17799 20478 
17799 20478 
17799 20478 
17799 20478 
17799 20478 
17799 20478 
17808 20408 
17808 20408 
17889 20394 
17889 20394 
17925 20338 
17934 20324 
17934 20324 
17943 20254 
17943 20254 
17943 20254 
17943 20254 
17970 20212 
17970 20212 
17970 20212 
17970 20212 
18015 20142 
18015 20142 
18015 20142 
18015 20142 
18096 20072 
18105 20058 
18105 20058 
18240 20030 
18240 20030 
18249 20016 
18249 20016 
18249 20016 
18249 20016 
18249 20016 
18258 20002 
18258 20002 
18267 19988 
18267 19988 
18267 19988 
18267 19988 
18267 19988 
18267 19988 
18267 19988 
18294 19890 
18294 19890 
18294 19890 
18330 19834 
18330 19834 
18339 19820 
18339 19820 
18339 19820 
18339 19820 
18402 19778 
18402 19778 
18402 19778 
18402 19778 
18411 19764 
18411 19764 
18411 19764 
18411 19764 
18420 19750 
18429 19498 
18429 19498 
18429 19498 
18429 19498 
18600 19232 
18600 19232 
18600 19232 
18600 19232 
18600 19232 
18600 19232 
18753 19176 
18753 19176 
18753 19176 
18834 19162 
18843 19148 
18879 19092 
18897 19008 
18897 19008 
18915 18980 
18915 18980 
18915 18980 
18915 18980 
18924 18910 
18924 18910 
18924 18910 
18924 18910 
18924 18910 
19059 18812 
19068 18742 
19068 18742 
19086 18714 
19086 18714 
19086 18714 
19086 18714 
19086 18714 
19086 18714 
19158 18658 
19158 18658 
19167 18588 
19167 18588 
19230 18546 
19230 18546 
19329 18392 
19338 18322 
19338 18322 
19383 18252 
19383 18252 
19500 18126 
19500 18126 
19536 18070 
19554 17986 
19554 17986 
19554 17986 
19554 17986 
19554 17986 
19554 17986 
19707 17804 
19716 17790 
19716 17790 
20157 17762 
20166 17748 
20166 17748 
20319 17692 
20382 17650 
20409 17608 
20409 17608 
20418 17594 
20445 17552 
20454 17538 
20454 17538 
20454 17538 
20463 17524 
20463 17524 
20472 17510 
20472 17510 
20481 17496 
20481 17496 
20481 17496 
20481 17496 
20490 17426 
20490 17426 
20490 17426 
20580 17342 
20616 17286 
20625 17272 
20625 17272 
20634 17258 
20643 17244 
20643 17244 
20652 17230 
20751 17076 
20751 17076 
20787 17020 
20895 16852 
20904 16838 
20904 16838 
20904 16838 
20940 16782 
20958 16754 
20967 16740 
20967 16740 
21057 16656 
21111 16516 
21498 16502 
21633 16292 
21633 16292 
21633 16292 
21633 16292 
21759 16096 
21759 16096 
21759 16096 
21768 16082 
22209 16054 
22218 16040 
22218 16040 
22218 16040 
22254 15984 
22254 15984 
22272 15956 
22272 15956 
22272 15956 
22272 15956 
22281 15942 
22281 15942 
22371 15858 
22425 15718 
22425 15718 
22425 15718 
22425 15718 
22587 15522 
22587 15522 
22830 15382 
22839 15368 
22983 15144 
22983 15144 
23046 15046 
23046 15046 
23055 15032 
23325 14612 
