1 8 38 31 44 18 7 28 6 37 19 27 17 43 30 50 52 56 58 51 54 55 53 49 57 36 46 33 20 47 21 32 39 48 5 42 24 10 45 35 4 26 2 29 34 41 16 22 3 23 14 25 13 11 12 15 40 9 
1 8 38 31 44 18 7 28 6 37 19 27 17 43 30 50 52 56 58 53 55 54 51 49 57 36 46 33 20 47 21 32 39 48 5 42 24 10 45 35 4 26 2 29 34 41 16 22 3 23 14 25 13 11 12 15 40 9 
1 8 38 31 44 18 7 28 6 37 19 27 17 43 30 50 52 54 55 53 49 51 58 56 57 36 46 33 20 47 21 32 39 48 5 42 24 10 45 35 4 26 2 29 34 41 16 22 3 23 14 25 13 11 12 15 40 9 
1 8 38 31 44 18 7 28 6 37 19 27 17 43 30 50 52 56 58 51 49 53 55 54 57 36 46 33 20 47 21 32 39 48 5 42 24 10 45 35 4 26 2 29 34 41 16 22 3 23 14 25 13 11 12 15 40 9 
1 8 38 31 44 18 7 28 6 37 19 27 17 43 30 50 52 56 54 55 53 58 51 49 57 36 46 33 20 47 21 32 39 48 5 42 24 10 45 35 4 26 2 29 34 41 16 22 3 23 14 25 13 11 12 15 40 9 
1 8 38 31 44 18 7 28 6 37 19 27 17 43 30 50 52 49 51 58 53 55 54 56 57 36 46 33 20 47 21 32 39 48 5 42 24 10 45 35 4 26 2 29 34 41 16 22 3 23 14 25 13 11 12 15 40 9 
1 8 38 31 44 18 7 28 6 37 19 27 17 43 30 50 52 55 53 49 51 58 56 54 57 36 46 33 20 47 21 32 39 48 5 42 24 10 45 35 4 26 2 29 34 41 16 22 3 23 14 25 13 11 12 15 40 9 
1 8 38 31 44 18 7 28 6 37 19 27 17 43 30 50 52 58 51 49 53 55 54 56 57 36 46 33 20 47 21 32 39 48 5 42 24 10 45 35 4 26 2 29 34 41 16 22 3 23 14 25 13 11 12 15 40 9 
1 8 38 31 44 18 7 28 6 37 19 27 17 43 30 50 52 54 56 58 51 49 53 55 57 36 46 33 20 47 21 32 39 48 5 42 24 10 45 35 4 26 2 29 34 41 16 22 3 23 14 25 13 11 12 15 40 9 
1 8 38 31 44 18 7 28 6 37 19 27 17 43 30 50 54 55 53 58 51 49 52 56 57 36 46 33 20 47 21 32 39 48 5 42 24 10 45 35 4 26 2 29 34 41 16 22 3 23 14 25 13 11 12 15 40 9 
1 8 38 31 44 18 7 28 6 37 19 27 17 43 30 50 54 52 55 53 49 51 58 56 57 36 46 33 20 47 21 32 39 48 5 42 24 10 45 35 4 26 2 29 34 41 16 22 3 23 14 25 13 11 12 15 40 9 
1 8 38 31 44 18 7 28 6 37 19 27 17 43 30 50 52 55 53 58 51 49 54 56 57 36 46 33 20 47 21 32 39 48 5 42 24 10 45 35 4 26 2 29 34 41 16 22 3 23 14 25 13 11 12 15 40 9 
1 8 38 31 44 18 7 28 6 37 19 27 17 43 30 50 54 55 53 49 51 58 52 56 57 36 46 33 20 47 21 32 39 48 5 42 24 10 45 35 4 26 2 29 34 41 16 22 3 23 14 25 13 11 12 15 40 9 
1 8 38 31 44 18 7 28 6 37 19 27 17 43 30 50 54 52 56 58 51 49 53 55 57 36 46 33 20 47 21 32 39 48 5 42 24 10 45 35 4 26 2 29 34 41 16 22 3 23 14 25 13 11 12 15 40 9 
1 8 38 31 44 18 7 28 6 37 19 27 17 43 30 50 52 56 54 49 51 58 53 55 57 36 46 33 20 47 21 32 39 48 5 42 24 10 45 35 4 26 2 29 34 41 16 22 3 23 14 25 13 11 12 15 40 9 
1 8 38 31 44 18 7 28 6 37 19 27 17 43 30 50 54 55 53 49 51 58 56 52 57 36 46 33 20 47 21 32 39 48 5 42 24 10 45 35 4 26 2 29 34 41 16 22 3 23 14 25 13 11 12 15 40 9 
1 8 38 31 44 18 7 28 6 37 19 27 17 43 30 50 54 56 52 55 53 58 51 49 57 36 46 33 20 47 21 32 39 48 5 42 24 10 45 35 4 26 2 29 34 41 16 22 3 23 14 25 13 11 12 15 40 9 
1 8 38 31 44 18 7 28 6 37 19 27 17 43 30 50 52 55 53 49 51 58 54 56 57 36 46 33 20 47 21 32 39 48 5 42 24 10 45 35 4 26 2 29 34 41 16 22 3 23 14 25 13 11 12 15 40 9 
1 8 38 31 44 18 7 28 6 37 19 27 17 43 30 50 52 54 55 53 58 51 49 56 57 36 46 33 20 47 21 32 39 48 5 42 24 10 45 35 4 26 2 29 34 41 16 22 3 23 14 25 13 11 12 15 40 9 
1 8 38 31 44 18 7 28 6 37 19 27 17 43 30 50 52 56 49 51 58 53 55 54 57 36 46 33 20 47 21 32 39 48 5 42 24 10 45 35 4 26 2 29 34 41 16 22 3 23 14 25 13 11 12 15 40 9 
1 8 38 31 44 18 7 28 6 37 19 27 17 43 30 50 52 56 54 58 51 49 53 55 57 36 46 33 20 47 21 32 39 48 5 42 24 10 45 35 4 26 2 29 34 41 16 22 3 23 14 25 13 11 12 15 40 9 
1 8 38 31 44 18 7 28 6 37 19 27 17 43 30 50 54 49 51 58 53 55 52 56 57 36 46 33 20 47 21 32 39 48 5 42 24 10 45 35 4 26 2 29 34 41 16 22 3 23 14 25 13 11 12 15 40 9 
1 8 38 31 44 18 7 28 6 37 19 27 17 43 30 50 54 56 52 49 51 58 53 55 57 36 46 33 20 47 21 32 39 48 5 42 24 10 45 35 4 26 2 29 34 41 16 22 3 23 14 25 13 11 12 15 40 9 
1 8 38 31 44 18 7 28 6 37 19 27 17 43 30 50 52 54 55 53 56 58 51 49 57 36 46 33 20 47 21 32 39 48 5 42 24 10 45 35 4 26 2 29 34 41 16 22 3 23 14 25 13 11 12 15 40 9 
1 8 38 31 44 18 7 28 6 37 19 27 17 43 30 50 52 49 51 58 56 53 55 54 57 36 46 33 20 47 21 32 39 48 5 42 24 10 45 35 4 26 2 29 34 41 16 22 3 23 14 25 13 11 12 15 40 9 
1 8 38 31 44 18 7 28 6 37 19 27 17 43 30 50 54 52 49 51 58 53 55 56 57 36 46 33 20 47 21 32 39 48 5 42 24 10 45 35 4 26 2 29 34 41 16 22 3 23 14 25 13 11 12 15 40 9 
1 8 38 31 44 18 7 28 6 37 19 27 17 43 30 50 52 55 54 56 53 58 51 49 57 36 46 33 20 47 21 32 39 48 5 42 24 10 45 35 4 26 2 29 34 41 16 22 3 23 14 25 13 11 12 15 40 9 
1 8 38 31 44 18 7 28 6 37 19 27 17 43 30 50 52 56 53 55 54 58 51 49 57 36 46 33 20 47 21 32 39 48 5 42 24 10 45 35 4 26 2 29 34 41 16 22 3 23 14 25 13 11 12 15 40 9 
1 8 38 31 44 18 7 28 6 37 19 27 17 43 30 50 52 55 53 56 58 51 49 54 57 36 46 33 20 47 21 32 39 48 5 42 24 10 45 35 4 26 2 29 34 41 16 22 3 23 14 25 13 11 12 15 40 9 
1 8 38 31 44 18 7 28 6 37 19 27 17 43 30 50 52 55 54 49 51 58 53 56 57 36 46 33 20 47 21 32 39 48 5 42 24 10 45 35 4 26 2 29 34 41 16 22 3 23 14 25 13 11 12 15 40 9 
1 8 38 31 44 18 7 28 6 37 19 27 17 43 30 50 52 58 51 49 54 55 53 56 57 36 46 33 20 47 21 32 39 48 5 42 24 10 45 35 4 26 2 29 34 41 16 22 3 23 14 25 13 11 12 15 40 9 
1 8 38 31 44 18 7 28 6 37 19 27 17 43 30 50 52 54 49 51 58 56 53 55 57 36 46 33 20 47 21 32 39 48 5 42 24 10 45 35 4 26 2 29 34 41 16 22 3 23 14 25 13 11 12 15 40 9 
1 8 38 31 44 18 7 28 6 37 19 27 17 43 30 50 52 56 53 58 51 49 54 55 57 36 46 33 20 47 21 32 39 48 5 42 24 10 45 35 4 26 2 29 34 41 16 22 3 23 14 25 13 11 12 15 40 9 
1 8 38 31 44 18 7 28 6 37 19 27 17 43 30 50 52 49 51 58 54 55 53 56 57 36 46 33 20 47 21 32 39 48 5 42 24 10 45 35 4 26 2 29 34 41 16 22 3 23 14 25 13 11 12 15 40 9 
1 8 38 31 44 18 7 28 6 37 19 27 17 43 30 50 52 49 51 58 53 56 54 55 57 36 46 33 20 47 21 32 39 48 5 42 24 10 45 35 4 26 2 29 34 41 16 22 3 23 14 25 13 11 12 15 40 9 
1 8 38 31 44 18 7 28 6 37 19 27 17 43 30 50 54 52 55 53 56 58 51 49 57 36 46 33 20 47 21 32 39 48 5 42 24 10 45 35 4 26 2 29 34 41 16 22 3 23 14 25 13 11 12 15 40 9 
1 8 38 31 44 18 7 28 6 37 19 27 17 43 30 50 54 55 52 56 53 58 51 49 57 36 46 33 20 47 21 32 39 48 5 42 24 10 45 35 4 26 2 29 34 41 16 22 3 23 14 25 13 11 12 15 40 9 
1 8 38 31 44 18 7 28 6 37 19 27 17 43 30 50 54 55 53 56 52 58 51 49 57 36 46 33 20 47 21 32 39 48 5 42 24 10 45 35 4 26 2 29 34 41 16 22 3 23 14 25 13 11 12 15 40 9 
1 8 38 31 44 18 7 28 6 37 19 27 17 43 30 50 52 55 54 58 51 49 53 56 57 36 46 33 20 47 21 32 39 48 5 42 24 10 45 35 4 26 2 29 34 41 16 22 3 23 14 25 13 11 12 15 40 9 
1 8 38 31 44 18 7 28 6 37 19 27 17 43 30 50 52 58 51 49 53 56 54 55 57 36 46 33 20 47 21 32 39 48 5 42 24 10 45 35 4 26 2 29 34 41 16 22 3 23 14 25 13 11 12 15 40 9 
1 8 38 31 44 18 7 28 6 37 19 27 17 43 30 50 52 56 53 49 51 58 54 55 57 36 46 33 20 47 21 32 39 48 5 42 24 10 45 35 4 26 2 29 34 41 16 22 3 23 14 25 13 11 12 15 40 9 
1 8 38 31 44 18 7 28 6 37 19 27 17 43 30 50 54 55 52 49 51 58 53 56 57 36 46 33 20 47 21 32 39 48 5 42 24 10 45 35 4 26 2 29 34 41 16 22 3 23 14 25 13 11 12 15 40 9 
1 8 38 31 44 18 7 28 6 37 19 27 17 43 30 50 54 52 49 51 58 56 53 55 57 36 46 33 20 47 21 32 39 48 5 42 24 10 45 35 4 26 2 29 34 41 16 22 3 23 14 25 13 11 12 15 40 9 
1 8 38 31 44 18 7 28 6 37 19 27 17 43 30 50 52 54 55 49 51 58 53 56 57 36 46 33 20 47 21 32 39 48 5 42 24 10 45 35 4 26 2 29 34 41 16 22 3 23 14 25 13 11 12 15 40 9 
1 8 38 31 44 18 7 28 6 37 19 27 17 43 30 50 52 54 55 58 51 49 53 56 57 36 46 33 20 47 21 32 39 48 5 42 24 10 45 35 4 26 2 29 34 41 16 22 3 23 14 25 13 11 12 15 40 9 
1 8 38 31 44 18 7 28 6 37 19 27 17 43 30 50 52 56 53 49 51 58 55 54 57 36 46 33 20 47 21 32 39 48 5 42 24 10 45 35 4 26 2 29 34 41 16 22 3 23 14 25 13 11 12 15 40 9 
1 8 38 31 44 18 7 28 6 37 19 27 17 43 30 50 52 56 53 58 51 49 55 54 57 36 46 33 20 47 21 32 39 48 5 42 24 10 45 35 4 26 2 29 34 41 16 22 3 23 14 25 13 11 12 15 40 9 
1 8 38 31 44 18 7 28 6 37 19 27 17 43 30 50 52 55 53 56 54 58 51 49 57 36 46 33 20 47 21 32 39 48 5 42 24 10 45 35 4 26 2 29 34 41 16 22 3 23 14 25 13 11 12 15 40 9 
1 8 38 31 44 18 7 28 6 37 19 27 17 43 30 50 52 54 55 56 53 58 51 49 57 36 46 33 20 47 21 32 39 48 5 42 24 10 45 35 4 26 2 29 34 41 16 22 3 23 14 25 13 11 12 15 40 9 
1 8 38 31 44 18 7 28 6 37 19 27 17 43 30 50 54 55 52 58 51 49 53 56 57 36 46 33 20 47 21 32 39 48 5 42 24 10 45 35 4 26 2 29 34 41 16 22 3 23 14 25 13 11 12 15 40 9 
1 8 38 31 44 18 7 28 6 37 19 27 17 43 30 50 52 58 51 49 54 56 53 55 57 36 46 33 20 47 21 32 39 48 5 42 24 10 45 35 4 26 2 29 34 41 16 22 3 23 14 25 13 11 12 15 40 9 
1 8 38 31 44 18 7 28 6 37 19 27 17 43 30 50 54 55 53 56 58 51 49 52 57 36 46 33 20 47 21 32 39 48 5 42 24 10 45 35 4 26 2 29 34 41 16 22 3 23 14 25 13 11 12 15 40 9 
1 8 38 31 44 18 7 28 6 37 19 27 17 43 30 50 52 49 51 58 54 56 53 55 57 36 46 33 20 47 21 32 39 48 5 42 24 10 45 35 4 26 2 29 34 41 16 22 3 23 14 25 13 11 12 15 40 9 
1 8 38 31 44 18 7 28 6 37 19 27 17 43 30 50 52 49 51 58 53 56 55 54 57 36 46 33 20 47 21 32 39 48 5 42 24 10 45 35 4 26 2 29 34 41 16 22 3 23 14 25 13 11 12 15 40 9 
1 8 38 31 44 18 7 28 6 37 19 27 17 43 30 50 52 54 56 53 55 58 51 49 57 36 46 33 20 47 21 32 39 48 5 42 24 10 45 35 4 26 2 29 34 41 16 22 3 23 14 25 13 11 12 15 40 9 
1 8 38 31 44 18 7 28 6 37 19 27 17 43 30 50 52 54 49 51 58 55 53 56 57 36 46 33 20 47 21 32 39 48 5 42 24 10 45 35 4 26 2 29 34 41 16 22 3 23 14 25 13 11 12 15 40 9 
1 8 38 31 44 18 7 28 6 37 19 27 17 43 30 50 52 56 53 55 58 51 49 54 57 36 46 33 20 47 21 32 39 48 5 42 24 10 45 35 4 26 2 29 34 41 16 22 3 23 14 25 13 11 12 15 40 9 
1 8 38 31 44 18 7 28 6 37 19 27 17 43 30 50 52 49 51 58 55 53 56 54 57 36 46 33 20 47 21 32 39 48 5 42 24 10 45 35 4 26 2 29 34 41 16 22 3 23 14 25 13 11 12 15 40 9 
1 8 38 31 44 18 7 28 6 37 19 27 17 43 30 50 54 56 53 55 52 58 51 49 57 36 46 33 20 47 21 32 39 48 5 42 24 10 45 35 4 26 2 29 34 41 16 22 3 23 14 25 13 11 12 15 40 9 
1 8 38 31 44 18 7 28 6 37 19 27 17 43 30 50 52 58 51 49 56 53 55 54 57 36 46 33 20 47 21 32 39 48 5 42 24 10 45 35 4 26 2 29 34 41 16 22 3 23 14 25 13 11 12 15 40 9 
1 8 38 31 44 18 7 28 6 37 19 27 17 43 30 50 52 58 51 49 53 56 55 54 57 36 46 33 20 47 21 32 39 48 5 42 24 10 45 35 4 26 2 29 34 41 16 22 3 23 14 25 13 11 12 15 40 9 
1 8 38 31 44 18 7 28 6 37 19 27 17 43 30 50 54 49 51 58 52 55 53 56 57 36 46 33 20 47 21 32 39 48 5 42 24 10 45 35 4 26 2 29 34 41 16 22 3 23 14 25 13 11 12 15 40 9 
1 8 38 31 44 18 7 28 6 37 19 27 17 43 30 50 54 49 51 58 52 56 53 55 57 36 46 33 20 47 21 32 39 48 5 42 24 10 45 35 4 26 2 29 34 41 16 22 3 23 14 25 13 11 12 15 40 9 
1 8 38 31 44 18 7 28 6 37 19 27 17 43 30 50 54 49 51 58 53 56 52 55 57 36 46 33 20 47 21 32 39 48 5 42 24 10 45 35 4 26 2 29 34 41 16 22 3 23 14 25 13 11 12 15 40 9 
1 8 38 31 44 18 7 28 6 37 19 27 17 43 30 50 54 58 51 49 52 55 53 56 57 36 46 33 20 47 21 32 39 48 5 42 24 10 45 35 4 26 2 29 34 41 16 22 3 23 14 25 13 11 12 15 40 9 
1 8 38 31 44 18 7 28 6 37 19 27 17 43 30 50 54 56 53 58 51 49 52 55 57 36 46 33 20 47 21 32 39 48 5 42 24 10 45 35 4 26 2 29 34 41 16 22 3 23 14 25 13 11 12 15 40 9 
1 8 38 31 44 18 7 28 6 37 19 27 17 43 30 50 54 58 51 49 52 56 53 55 57 36 46 33 20 47 21 32 39 48 5 42 24 10 45 35 4 26 2 29 34 41 16 22 3 23 14 25 13 11 12 15 40 9 
1 8 38 31 44 18 7 28 6 37 19 27 17 43 30 50 54 52 56 53 55 58 51 49 57 36 46 33 20 47 21 32 39 48 5 42 24 10 45 35 4 26 2 29 34 41 16 22 3 23 14 25 13 11 12 15 40 9 
1 8 38 31 44 18 7 28 6 37 19 27 17 43 30 50 52 54 58 51 49 55 53 56 57 36 46 33 20 47 21 32 39 48 5 42 24 10 45 35 4 26 2 29 34 41 16 22 3 23 14 25 13 11 12 15 40 9 
1 8 38 31 44 18 7 28 6 37 19 27 17 43 30 50 52 55 49 51 58 53 56 54 57 36 46 33 20 47 21 32 39 48 5 42 24 10 45 35 4 26 2 29 34 41 16 22 3 23 14 25 13 11 12 15 40 9 
1 8 38 31 44 18 7 28 6 37 19 27 17 43 30 50 52 55 58 51 49 53 56 54 57 36 46 33 20 47 21 32 39 48 5 42 24 10 45 35 4 26 2 29 34 41 16 22 3 23 14 25 13 11 12 15 40 9 
1 8 38 31 44 18 7 28 6 37 19 27 17 43 30 50 52 58 51 49 55 53 56 54 57 36 46 33 20 47 21 32 39 48 5 42 24 10 45 35 4 26 2 29 34 41 16 22 3 23 14 25 13 11 12 15 40 9 
1 8 38 31 44 18 7 28 6 37 19 27 17 43 30 50 52 54 56 53 49 51 58 55 57 36 46 33 20 47 21 32 39 48 5 42 24 10 45 35 4 26 2 29 34 41 16 22 3 23 14 25 13 11 12 15 40 9 
1 8 38 31 44 18 7 28 6 37 19 27 17 43 30 50 52 54 56 53 58 51 49 55 57 36 46 33 20 47 21 32 39 48 5 42 24 10 45 35 4 26 2 29 34 41 16 22 3 23 14 25 13 11 12 15 40 9 
1 8 38 31 44 18 7 28 6 37 19 27 17 43 30 50 52 56 53 55 49 51 58 54 57 36 46 33 20 47 21 32 39 48 5 42 24 10 45 35 4 26 2 29 34 41 16 22 3 23 14 25 13 11 12 15 40 9 
1 8 38 31 44 18 7 28 6 37 19 27 17 43 30 50 54 52 49 51 58 55 53 56 57 36 46 33 20 47 21 32 39 48 5 42 24 10 45 35 4 26 2 29 34 41 16 22 3 23 14 25 13 11 12 15 40 9 
1 8 38 31 44 18 7 28 6 37 19 27 17 43 30 50 54 49 51 58 56 53 55 52 57 36 46 33 20 47 21 32 39 48 5 42 24 10 45 35 4 26 2 29 34 41 16 22 3 23 14 25 13 11 12 15 40 9 
1 8 38 31 44 18 7 28 6 37 19 27 17 43 30 50 54 56 53 49 51 58 52 55 57 36 46 33 20 47 21 32 39 48 5 42 24 10 45 35 4 26 2 29 34 41 16 22 3 23 14 25 13 11 12 15 40 9 
1 8 38 31 44 18 7 28 6 37 19 27 17 43 30 50 54 58 51 49 53 56 52 55 57 36 46 33 20 47 21 32 39 48 5 42 24 10 45 35 4 26 2 29 34 41 16 22 3 23 14 25 13 11 12 15 40 9 
1 8 38 31 44 18 7 28 6 37 19 27 17 43 30 50 52 55 56 53 58 51 49 54 57 36 46 33 20 47 21 32 39 48 5 42 24 10 45 35 4 26 2 29 34 41 16 22 3 23 14 25 13 11 12 15 40 9 
1 8 38 31 44 18 7 28 6 37 19 27 17 43 30 50 52 54 49 51 58 53 56 55 57 36 46 33 20 47 21 32 39 48 5 42 24 10 45 35 4 26 2 29 34 41 16 22 3 23 14 25 13 11 12 15 40 9 
1 8 38 31 44 18 7 28 6 37 19 27 17 43 30 50 54 52 55 49 51 58 53 56 57 36 46 33 20 47 21 32 39 48 5 42 24 10 45 35 4 26 2 29 34 41 16 22 3 23 14 25 13 11 12 15 40 9 
1 8 38 31 44 18 7 28 6 37 19 27 17 43 30 50 54 52 55 58 51 49 53 56 57 36 46 33 20 47 21 32 39 48 5 42 24 10 45 35 4 26 2 29 34 41 16 22 3 23 14 25 13 11 12 15 40 9 
1 8 38 31 44 18 7 28 6 37 19 27 17 43 30 50 54 52 58 51 49 55 53 56 57 36 46 33 20 47 21 32 39 48 5 42 24 10 45 35 4 26 2 29 34 41 16 22 3 23 14 25 13 11 12 15 40 9 
1 8 38 31 44 18 7 28 6 37 19 27 17 43 30 50 54 52 56 53 49 51 58 55 57 36 46 33 20 47 21 32 39 48 5 42 24 10 45 35 4 26 2 29 34 41 16 22 3 23 14 25 13 11 12 15 40 9 
1 8 38 31 44 18 7 28 6 37 19 27 17 43 30 50 54 52 56 53 58 51 49 55 57 36 46 33 20 47 21 32 39 48 5 42 24 10 45 35 4 26 2 29 34 41 16 22 3 23 14 25 13 11 12 15 40 9 
1 8 38 31 44 18 7 28 6 37 19 27 17 43 30 50 54 52 55 56 53 58 51 49 57 36 46 33 20 47 21 32 39 48 5 42 24 10 45 35 4 26 2 29 34 41 16 22 3 23 14 25 13 11 12 15 40 9 
1 8 38 31 44 18 7 28 6 37 19 27 17 43 30 50 52 55 53 56 49 51 58 54 57 36 46 33 20 47 21 32 39 48 5 42 24 10 45 35 4 26 2 29 34 41 16 22 3 23 14 25 13 11 12 15 40 9 
1 8 38 31 44 18 7 28 6 37 19 27 17 43 30 50 52 54 58 51 49 56 53 55 57 36 46 33 20 47 21 32 39 48 5 42 24 10 45 35 4 26 2 29 34 41 16 22 3 23 14 25 13 11 12 15 40 9 
1 8 38 31 44 18 7 28 6 37 19 27 17 43 30 50 52 55 56 53 49 51 58 54 57 36 46 33 20 47 21 32 39 48 5 42 24 10 45 35 4 26 2 29 34 41 16 22 3 23 14 25 13 11 12 15 40 9 
1 8 38 31 44 18 7 28 6 37 19 27 17 43 30 50 52 54 58 51 49 53 56 55 57 36 46 33 20 47 21 32 39 48 5 42 24 10 45 35 4 26 2 29 34 41 16 22 3 23 14 25 13 11 12 15 40 9 
1 8 38 31 44 18 7 28 6 37 19 27 17 43 30 50 54 52 49 51 58 53 56 55 57 36 46 33 20 47 21 32 39 48 5 42 24 10 45 35 4 26 2 29 34 41 16 22 3 23 14 25 13 11 12 15 40 9 
1 8 38 31 44 18 7 28 6 37 19 27 17 43 30 50 54 55 49 51 58 53 56 52 57 36 46 33 20 47 21 32 39 48 5 42 24 10 45 35 4 26 2 29 34 41 16 22 3 23 14 25 13 11 12 15 40 9 
1 8 38 31 44 18 7 28 6 37 19 27 17 43 30 50 54 55 58 51 49 53 56 52 57 36 46 33 20 47 21 32 39 48 5 42 24 10 45 35 4 26 2 29 34 41 16 22 3 23 14 25 13 11 12 15 40 9 
1 8 38 31 44 18 7 28 6 37 19 27 17 43 30 50 51 58 56 53 55 54 52 49 57 36 46 33 20 47 21 32 39 48 5 42 24 10 45 35 4 26 2 29 34 41 16 22 3 23 14 25 13 11 12 15 40 9 
1 8 38 31 44 18 7 28 6 37 19 27 17 43 30 50 54 52 58 51 49 56 53 55 57 36 46 33 20 47 21 32 39 48 5 42 24 10 45 35 4 26 2 29 34 41 16 22 3 23 14 25 13 11 12 15 40 9 
1 8 38 31 44 18 7 28 6 37 19 27 17 43 30 50 54 52 58 51 49 53 56 55 57 36 46 33 20 47 21 32 39 48 5 42 24 10 45 35 4 26 2 29 34 41 16 22 3 23 14 25 13 11 12 15 40 9 
1 8 38 31 44 18 7 28 6 37 19 27 17 43 30 50 54 55 56 53 58 51 49 52 57 36 46 33 20 47 21 32 39 48 5 42 24 10 45 35 4 26 2 29 34 41 16 22 3 23 14 25 13 11 12 15 40 9 
1 8 38 31 44 18 7 28 6 37 19 27 17 43 30 50 54 49 51 58 55 53 56 52 57 36 46 33 20 47 21 32 39 48 5 42 24 10 45 35 4 26 2 29 34 41 16 22 3 23 14 25 13 11 12 15 40 9 
1 8 38 31 44 18 7 28 6 37 19 27 17 43 30 50 51 49 52 58 56 53 55 54 57 36 46 33 20 47 21 32 39 48 5 42 24 10 45 35 4 26 2 29 34 41 16 22 3 23 14 25 13 11 12 15 40 9 
1 8 38 31 44 18 7 28 6 37 19 27 17 43 30 50 51 58 56 53 49 52 55 54 57 36 46 33 20 47 21 32 39 48 5 42 24 10 45 35 4 26 2 29 34 41 16 22 3 23 14 25 13 11 12 15 40 9 
1 8 38 31 44 18 7 28 6 37 19 27 17 43 30 50 54 56 53 55 58 51 49 52 57 36 46 33 20 47 21 32 39 48 5 42 24 10 45 35 4 26 2 29 34 41 16 22 3 23 14 25 13 11 12 15 40 9 
1 8 38 31 44 18 7 28 6 37 19 27 17 43 30 50 51 58 56 53 49 52 54 55 57 36 46 33 20 47 21 32 39 48 5 42 24 10 45 35 4 26 2 29 34 41 16 22 3 23 14 25 13 11 12 15 40 9 
1 8 38 31 44 18 7 28 6 37 19 27 17 43 30 50 54 55 53 56 49 51 58 52 57 36 46 33 20 47 21 32 39 48 5 42 24 10 45 35 4 26 2 29 34 41 16 22 3 23 14 25 13 11 12 15 40 9 
1 8 38 31 44 18 7 28 6 37 19 27 17 43 30 50 54 55 56 53 49 51 58 52 57 36 46 33 20 47 21 32 39 48 5 42 24 10 45 35 4 26 2 29 34 41 16 22 3 23 14 25 13 11 12 15 40 9 
1 8 38 31 44 18 7 28 6 37 19 27 17 43 30 50 52 56 53 55 54 49 51 58 57 36 46 33 20 47 21 32 39 48 5 42 24 10 45 35 4 26 2 29 34 41 16 22 3 23 14 25 13 11 12 15 40 9 
1 8 38 31 44 18 7 28 6 37 19 27 17 43 30 50 51 58 56 53 55 52 54 49 57 36 46 33 20 47 21 32 39 48 5 42 24 10 45 35 4 26 2 29 34 41 16 22 3 23 14 25 13 11 12 15 40 9 
1 8 38 31 44 18 7 28 6 37 19 27 17 43 30 50 51 49 53 56 58 52 55 54 57 36 46 33 20 47 21 32 39 48 5 42 24 10 45 35 4 26 2 29 34 41 16 22 3 23 14 25 13 11 12 15 40 9 
1 8 38 31 44 18 7 28 6 37 19 27 17 43 30 50 51 58 52 56 53 55 54 49 57 36 46 33 20 47 21 32 39 48 5 42 24 10 45 35 4 26 2 29 34 41 16 22 3 23 14 25 13 11 12 15 40 9 
1 8 38 31 44 18 7 28 6 37 19 27 17 43 30 50 51 58 53 56 52 55 54 49 57 36 46 33 20 47 21 32 39 48 5 42 24 10 45 35 4 26 2 29 34 41 16 22 3 23 14 25 13 11 12 15 40 9 
1 8 38 31 44 18 7 28 6 37 19 27 17 43 30 50 54 56 53 49 51 58 55 52 57 36 46 33 20 47 21 32 39 48 5 42 24 10 45 35 4 26 2 29 34 41 16 22 3 23 14 25 13 11 12 15 40 9 
1 8 38 31 44 18 7 28 6 37 19 27 17 43 30 50 54 56 53 55 49 51 58 52 57 36 46 33 20 47 21 32 39 48 5 42 24 10 45 35 4 26 2 29 34 41 16 22 3 23 14 25 13 11 12 15 40 9 
1 8 38 31 44 18 7 28 6 37 19 27 17 43 30 50 54 56 53 58 51 49 55 52 57 36 46 33 20 47 21 32 39 48 5 42 24 10 45 35 4 26 2 29 34 41 16 22 3 23 14 25 13 11 12 15 40 9 
1 8 38 31 44 18 7 28 6 37 19 27 17 43 30 50 51 49 53 56 58 52 54 55 57 36 46 33 20 47 21 32 39 48 5 42 24 10 45 35 4 26 2 29 34 41 16 22 3 23 14 25 13 11 12 15 40 9 
1 8 38 31 44 18 7 28 6 37 19 27 17 43 30 50 54 58 51 49 55 53 56 52 57 36 46 33 20 47 21 32 39 48 5 42 24 10 45 35 4 26 2 29 34 41 16 22 3 23 14 25 13 11 12 15 40 9 
1 8 38 31 44 18 7 28 6 37 19 27 17 43 30 50 51 58 53 56 54 55 52 49 57 36 46 33 20 47 21 32 39 48 5 42 24 10 45 35 4 26 2 29 34 41 16 22 3 23 14 25 13 11 12 15 40 9 
1 8 38 31 44 18 7 28 6 37 19 27 17 43 30 50 51 58 54 55 53 56 52 49 57 36 46 33 20 47 21 32 39 48 5 42 24 10 45 35 4 26 2 29 34 41 16 22 3 23 14 25 13 11 12 15 40 9 
1 8 38 31 44 18 7 28 6 37 19 27 17 43 30 50 51 58 52 49 54 55 53 56 57 36 46 33 20 47 21 32 39 48 5 42 24 10 45 35 4 26 2 29 34 41 16 22 3 23 14 25 13 11 12 15 40 9 
1 8 38 31 44 18 7 28 6 37 19 27 17 43 30 50 51 58 56 53 55 52 49 54 57 36 46 33 20 47 21 32 39 48 5 42 24 10 45 35 4 26 2 29 34 41 16 22 3 23 14 25 13 11 12 15 40 9 
1 8 38 31 44 18 7 28 6 37 19 27 17 43 30 50 51 58 53 56 52 49 54 55 57 36 46 33 20 47 21 32 39 48 5 42 24 10 45 35 4 26 2 29 34 41 16 22 3 23 14 25 13 11 12 15 40 9 
1 8 38 31 44 18 7 28 6 37 19 27 17 43 30 50 54 49 51 58 53 56 55 52 57 36 46 33 20 47 21 32 39 48 5 42 24 10 45 35 4 26 2 29 34 41 16 22 3 23 14 25 13 11 12 15 40 9 
1 8 38 31 44 18 7 28 6 37 19 27 17 43 30 50 52 55 54 56 53 49 51 58 57 36 46 33 20 47 21 32 39 48 5 42 24 10 45 35 4 26 2 29 34 41 16 22 3 23 14 25 13 11 12 15 40 9 
1 8 38 31 44 18 7 28 6 37 19 27 17 43 30 50 51 58 52 55 54 56 53 49 57 36 46 33 20 47 21 32 39 48 5 42 24 10 45 35 4 26 2 29 34 41 16 22 3 23 14 25 13 11 12 15 40 9 
1 8 38 31 44 18 7 28 6 37 19 27 17 43 30 50 51 58 54 55 52 56 53 49 57 36 46 33 20 47 21 32 39 48 5 42 24 10 45 35 4 26 2 29 34 41 16 22 3 23 14 25 13 11 12 15 40 9 
1 8 38 31 44 18 7 28 6 37 19 27 17 43 30 50 51 49 54 55 52 58 53 56 57 36 46 33 20 47 21 32 39 48 5 42 24 10 45 35 4 26 2 29 34 41 16 22 3 23 14 25 13 11 12 15 40 9 
1 8 38 31 44 18 7 28 6 37 19 27 17 43 30 50 51 58 52 55 54 49 53 56 57 36 46 33 20 47 21 32 39 48 5 42 24 10 45 35 4 26 2 29 34 41 16 22 3 23 14 25 13 11 12 15 40 9 
1 8 38 31 44 18 7 28 6 37 19 27 17 43 30 50 54 55 53 56 52 49 51 58 57 36 46 33 20 47 21 32 39 48 5 42 24 10 45 35 4 26 2 29 34 41 16 22 3 23 14 25 13 11 12 15 40 9 
1 8 38 31 44 18 7 28 6 37 19 27 17 43 30 50 51 49 54 52 58 56 53 55 57 36 46 33 20 47 21 32 39 48 5 42 24 10 45 35 4 26 2 29 34 41 16 22 3 23 14 25 13 11 12 15 40 9 
1 8 38 31 44 18 7 28 6 37 19 27 17 43 30 50 51 58 56 53 49 54 52 55 57 36 46 33 20 47 21 32 39 48 5 42 24 10 45 35 4 26 2 29 34 41 16 22 3 23 14 25 13 11 12 15 40 9 
1 8 38 31 44 18 7 28 6 37 19 27 17 43 30 50 51 58 52 56 53 49 54 55 57 36 46 33 20 47 21 32 39 48 5 42 24 10 45 35 4 26 2 29 34 41 16 22 3 23 14 25 13 11 12 15 40 9 
1 8 38 31 44 18 7 28 6 37 19 27 17 43 30 50 51 58 56 53 55 54 49 52 57 36 46 33 20 47 21 32 39 48 5 42 24 10 45 35 4 26 2 29 34 41 16 22 3 23 14 25 13 11 12 15 40 9 
1 8 38 31 44 18 7 28 6 37 19 27 17 43 30 50 51 49 52 55 53 56 58 54 57 36 46 33 20 47 21 32 39 48 5 42 24 10 45 35 4 26 2 29 34 41 16 22 3 23 14 25 13 11 12 15 40 9 
1 8 38 31 44 18 7 28 6 37 19 27 17 43 30 50 51 49 52 55 54 58 53 56 57 36 46 33 20 47 21 32 39 48 5 42 24 10 45 35 4 26 2 29 34 41 16 22 3 23 14 25 13 11 12 15 40 9 
1 8 38 31 44 18 7 28 6 37 19 27 17 43 30 50 51 49 52 58 54 55 53 56 57 36 46 33 20 47 21 32 39 48 5 42 24 10 45 35 4 26 2 29 34 41 16 22 3 23 14 25 13 11 12 15 40 9 
1 8 38 31 44 18 7 28 6 37 19 27 17 43 30 50 51 58 54 55 52 49 53 56 57 36 46 33 20 47 21 32 39 48 5 42 24 10 45 35 4 26 2 29 34 41 16 22 3 23 14 25 13 11 12 15 40 9 
1 8 38 31 44 18 7 28 6 37 19 27 17 43 30 50 51 49 52 54 58 56 53 55 57 36 46 33 20 47 21 32 39 48 5 42 24 10 45 35 4 26 2 29 34 41 16 22 3 23 14 25 13 11 12 15 40 9 
1 8 38 31 44 18 7 28 6 37 19 27 17 43 30 50 51 49 52 58 53 56 54 55 57 36 46 33 20 47 21 32 39 48 5 42 24 10 45 35 4 26 2 29 34 41 16 22 3 23 14 25 13 11 12 15 40 9 
1 8 38 31 44 18 7 28 6 37 19 27 17 43 30 50 51 58 52 49 53 56 54 55 57 36 46 33 20 47 21 32 39 48 5 42 24 10 45 35 4 26 2 29 34 41 16 22 3 23 14 25 13 11 12 15 40 9 
1 8 38 31 44 18 7 28 6 37 19 27 17 43 30 50 51 49 52 56 53 58 54 55 57 36 46 33 20 47 21 32 39 48 5 42 24 10 45 35 4 26 2 29 34 41 16 22 3 23 14 25 13 11 12 15 40 9 
1 8 38 31 44 18 7 28 6 37 19 27 17 43 30 50 51 58 53 56 52 54 55 49 57 36 46 33 20 47 21 32 39 48 5 42 24 10 45 35 4 26 2 29 34 41 16 22 3 23 14 25 13 11 12 15 40 9 
1 8 38 31 44 18 7 28 6 37 19 27 17 43 30 50 51 58 55 54 52 56 53 49 57 36 46 33 20 47 21 32 39 48 5 42 24 10 45 35 4 26 2 29 34 41 16 22 3 23 14 25 13 11 12 15 40 9 
1 8 38 31 44 18 7 28 6 37 19 27 17 43 30 50 54 58 51 49 56 53 55 52 57 36 46 33 20 47 21 32 39 48 5 42 24 10 45 35 4 26 2 29 34 41 16 22 3 23 14 25 13 11 12 15 40 9 
1 8 38 31 44 18 7 28 6 37 19 27 17 43 30 50 54 58 51 49 53 56 55 52 57 36 46 33 20 47 21 32 39 48 5 42 24 10 45 35 4 26 2 29 34 41 16 22 3 23 14 25 13 11 12 15 40 9 
1 8 38 31 44 18 7 28 6 37 19 27 17 43 30 50 52 55 53 56 54 49 51 58 57 36 46 33 20 47 21 32 39 48 5 42 24 10 45 35 4 26 2 29 34 41 16 22 3 23 14 25 13 11 12 15 40 9 
1 8 38 31 44 18 7 28 6 37 19 27 17 43 30 50 54 55 52 56 53 49 51 58 57 36 46 33 20 47 21 32 39 48 5 42 24 10 45 35 4 26 2 29 34 41 16 22 3 23 14 25 13 11 12 15 40 9 
1 8 38 31 44 18 7 28 6 37 19 27 17 43 30 50 51 49 52 54 55 58 53 56 57 36 46 33 20 47 21 32 39 48 5 42 24 10 45 35 4 26 2 29 34 41 16 22 3 23 14 25 13 11 12 15 40 9 
1 8 38 31 44 18 7 28 6 37 19 27 17 43 30 50 51 58 49 52 54 55 53 56 57 36 46 33 20 47 21 32 39 48 5 42 24 10 45 35 4 26 2 29 34 41 16 22 3 23 14 25 13 11 12 15 40 9 
1 8 38 31 44 18 7 28 6 37 19 27 17 43 30 50 51 58 55 54 52 49 53 56 57 36 46 33 20 47 21 32 39 48 5 42 24 10 45 35 4 26 2 29 34 41 16 22 3 23 14 25 13 11 12 15 40 9 
1 8 38 31 44 18 7 28 6 37 19 27 17 43 30 50 51 58 56 53 55 49 52 54 57 36 46 33 20 47 21 32 39 48 5 42 24 10 45 35 4 26 2 29 34 41 16 22 3 23 14 25 13 11 12 15 40 9 
1 8 38 31 44 18 7 28 6 37 19 27 17 43 30 50 51 49 52 56 53 58 55 54 57 36 46 33 20 47 21 32 39 48 5 42 24 10 45 35 4 26 2 29 34 41 16 22 3 23 14 25 13 11 12 15 40 9 
1 8 38 31 44 18 7 28 6 37 19 27 17 43 30 50 51 49 54 55 53 56 58 52 57 36 46 33 20 47 21 32 39 48 5 42 24 10 45 35 4 26 2 29 34 41 16 22 3 23 14 25 13 11 12 15 40 9 
1 8 38 31 44 18 7 28 6 37 19 27 17 43 30 50 51 58 49 52 56 53 55 54 57 36 46 33 20 47 21 32 39 48 5 42 24 10 45 35 4 26 2 29 34 41 16 22 3 23 14 25 13 11 12 15 40 9 
1 8 38 31 44 18 7 28 6 37 19 27 17 43 30 50 51 58 52 55 53 56 54 49 57 36 46 33 20 47 21 32 39 48 5 42 24 10 45 35 4 26 2 29 34 41 16 22 3 23 14 25 13 11 12 15 40 9 
1 8 38 31 44 18 7 28 6 37 19 27 17 43 30 50 51 58 53 56 52 49 55 54 57 36 46 33 20 47 21 32 39 48 5 42 24 10 45 35 4 26 2 29 34 41 16 22 3 23 14 25 13 11 12 15 40 9 
1 8 38 31 44 18 7 28 6 37 19 27 17 43 30 50 51 58 56 53 49 54 55 52 57 36 46 33 20 47 21 32 39 48 5 42 24 10 45 35 4 26 2 29 34 41 16 22 3 23 14 25 13 11 12 15 40 9 
1 8 38 31 44 18 7 28 6 37 19 27 17 43 30 50 51 49 53 56 58 54 52 55 57 36 46 33 20 47 21 32 39 48 5 42 24 10 45 35 4 26 2 29 34 41 16 22 3 23 14 25 13 11 12 15 40 9 
1 8 38 31 44 18 7 28 6 37 19 27 17 43 30 50 51 49 53 56 52 58 54 55 57 36 46 33 20 47 21 32 39 48 5 42 24 10 45 35 4 26 2 29 34 41 16 22 3 23 14 25 13 11 12 15 40 9 
1 8 38 31 44 18 7 28 6 37 19 27 17 43 30 50 51 58 54 56 53 55 52 49 57 36 46 33 20 47 21 32 39 48 5 42 24 10 45 35 4 26 2 29 34 41 16 22 3 23 14 25 13 11 12 15 40 9 
1 8 38 31 44 18 7 28 6 37 19 27 17 43 30 50 51 58 53 56 55 54 52 49 57 36 46 33 20 47 21 32 39 48 5 42 24 10 45 35 4 26 2 29 34 41 16 22 3 23 14 25 13 11 12 15 40 9 
1 8 38 31 44 18 7 28 6 37 19 27 17 43 30 50 51 58 54 49 52 55 53 56 57 36 46 33 20 47 21 32 39 48 5 42 24 10 45 35 4 26 2 29 34 41 16 22 3 23 14 25 13 11 12 15 40 9 
1 8 38 31 44 18 7 28 6 37 19 27 17 43 30 50 51 58 52 49 54 56 53 55 57 36 46 33 20 47 21 32 39 48 5 42 24 10 45 35 4 26 2 29 34 41 16 22 3 23 14 25 13 11 12 15 40 9 
1 8 38 31 44 18 7 28 6 37 19 27 17 43 30 50 51 58 53 56 54 49 52 55 57 36 46 33 20 47 21 32 39 48 5 42 24 10 45 35 4 26 2 29 34 41 16 22 3 23 14 25 13 11 12 15 40 9 
1 8 38 31 44 18 7 28 6 37 19 27 17 43 30 50 51 58 54 49 52 56 53 55 57 36 46 33 20 47 21 32 39 48 5 42 24 10 45 35 4 26 2 29 34 41 16 22 3 23 14 25 13 11 12 15 40 9 
1 8 38 31 44 18 7 28 6 37 19 27 17 43 30 50 51 49 53 56 58 55 52 54 57 36 46 33 20 47 21 32 39 48 5 42 24 10 45 35 4 26 2 29 34 41 16 22 3 23 14 25 13 11 12 15 40 9 
1 8 38 31 44 18 7 28 6 37 19 27 17 43 30 50 51 49 55 53 56 58 52 54 57 36 46 33 20 47 21 32 39 48 5 42 24 10 45 35 4 26 2 29 34 41 16 22 3 23 14 25 13 11 12 15 40 9 
1 8 38 31 44 18 7 28 6 37 19 27 17 43 30 50 51 49 55 54 52 58 53 56 57 36 46 33 20 47 21 32 39 48 5 42 24 10 45 35 4 26 2 29 34 41 16 22 3 23 14 25 13 11 12 15 40 9 
1 8 38 31 44 18 7 28 6 37 19 27 17 43 30 50 51 49 58 52 54 55 53 56 57 36 46 33 20 47 21 32 39 48 5 42 24 10 45 35 4 26 2 29 34 41 16 22 3 23 14 25 13 11 12 15 40 9 
1 8 38 31 44 18 7 28 6 37 19 27 17 43 30 50 51 49 58 56 53 55 52 54 57 36 46 33 20 47 21 32 39 48 5 42 24 10 45 35 4 26 2 29 34 41 16 22 3 23 14 25 13 11 12 15 40 9 
1 8 38 31 44 18 7 28 6 37 19 27 17 43 30 50 51 58 52 54 55 49 53 56 57 36 46 33 20 47 21 32 39 48 5 42 24 10 45 35 4 26 2 29 34 41 16 22 3 23 14 25 13 11 12 15 40 9 
1 8 38 31 44 18 7 28 6 37 19 27 17 43 30 50 51 58 55 53 56 52 54 49 57 36 46 33 20 47 21 32 39 48 5 42 24 10 45 35 4 26 2 29 34 41 16 22 3 23 14 25 13 11 12 15 40 9 
1 8 38 31 44 18 7 28 6 37 19 27 17 43 30 50 51 58 56 53 49 55 52 54 57 36 46 33 20 47 21 32 39 48 5 42 24 10 45 35 4 26 2 29 34 41 16 22 3 23 14 25 13 11 12 15 40 9 
1 8 38 31 44 18 7 28 6 37 19 27 17 43 30 50 51 49 53 56 52 58 55 54 57 36 46 33 20 47 21 32 39 48 5 42 24 10 45 35 4 26 2 29 34 41 16 22 3 23 14 25 13 11 12 15 40 9 
1 8 38 31 44 18 7 28 6 37 19 27 17 43 30 50 51 49 58 52 56 53 55 54 57 36 46 33 20 47 21 32 39 48 5 42 24 10 45 35 4 26 2 29 34 41 16 22 3 23 14 25 13 11 12 15 40 9 
1 8 38 31 44 18 7 28 6 37 19 27 17 43 30 50 51 49 58 53 56 52 55 54 57 36 46 33 20 47 21 32 39 48 5 42 24 10 45 35 4 26 2 29 34 41 16 22 3 23 14 25 13 11 12 15 40 9 
1 8 38 31 44 18 7 28 6 37 19 27 17 43 30 50 51 58 49 53 56 52 55 54 57 36 46 33 20 47 21 32 39 48 5 42 24 10 45 35 4 26 2 29 34 41 16 22 3 23 14 25 13 11 12 15 40 9 
1 8 38 31 44 18 7 28 6 37 19 27 17 43 30 50 51 58 52 56 53 49 55 54 57 36 46 33 20 47 21 32 39 48 5 42 24 10 45 35 4 26 2 29 34 41 16 22 3 23 14 25 13 11 12 15 40 9 
1 8 38 31 44 18 7 28 6 37 19 27 17 43 30 50 51 49 58 53 56 52 54 55 57 36 46 33 20 47 21 32 39 48 5 42 24 10 45 35 4 26 2 29 34 41 16 22 3 23 14 25 13 11 12 15 40 9 
1 8 38 31 44 18 7 28 6 37 19 27 17 43 30 50 51 58 49 53 56 52 54 55 57 36 46 33 20 47 21 32 39 48 5 42 24 10 45 35 4 26 2 29 34 41 16 22 3 23 14 25 13 11 12 15 40 9 
1 8 38 31 44 18 7 28 6 37 19 27 17 43 30 50 51 58 55 53 56 54 52 49 57 36 46 33 20 47 21 32 39 48 5 42 24 10 45 35 4 26 2 29 34 41 16 22 3 23 14 25 13 11 12 15 40 9 
1 8 38 31 44 18 7 28 6 37 19 27 17 43 30 50 56 53 55 54 52 58 51 49 57 36 46 33 20 47 21 32 39 48 5 42 24 10 45 35 4 26 2 29 34 41 16 22 3 23 14 25 13 11 12 15 40 9 
1 8 38 31 44 18 7 28 6 37 19 27 17 43 30 50 52 54 55 53 56 49 51 58 57 36 46 33 20 47 21 32 39 48 5 42 24 10 45 35 4 26 2 29 34 41 16 22 3 23 14 25 13 11 12 15 40 9 
1 8 38 31 44 18 7 28 6 37 19 27 17 43 30 50 51 49 53 56 58 54 55 52 57 36 46 33 20 47 21 32 39 48 5 42 24 10 45 35 4 26 2 29 34 41 16 22 3 23 14 25 13 11 12 15 40 9 
1 8 38 31 44 18 7 28 6 37 19 27 17 43 30 50 52 54 55 56 53 49 51 58 57 36 46 33 20 47 21 32 39 48 5 42 24 10 45 35 4 26 2 29 34 41 16 22 3 23 14 25 13 11 12 15 40 9 
1 8 38 31 44 18 7 28 6 37 19 27 17 43 30 50 51 58 52 54 55 53 56 49 57 36 46 33 20 47 21 32 39 48 5 42 24 10 45 35 4 26 2 29 34 41 16 22 3 23 14 25 13 11 12 15 40 9 
1 8 38 31 44 18 7 28 6 37 19 27 17 43 30 50 51 58 52 54 55 56 53 49 57 36 46 33 20 47 21 32 39 48 5 42 24 10 45 35 4 26 2 29 34 41 16 22 3 23 14 25 13 11 12 15 40 9 
1 8 38 31 44 18 7 28 6 37 19 27 17 43 30 50 51 58 55 53 56 52 49 54 57 36 46 33 20 47 21 32 39 48 5 42 24 10 45 35 4 26 2 29 34 41 16 22 3 23 14 25 13 11 12 15 40 9 
1 8 38 31 44 18 7 28 6 37 19 27 17 43 30 50 54 56 53 55 52 49 51 58 57 36 46 33 20 47 21 32 39 48 5 42 24 10 45 35 4 26 2 29 34 41 16 22 3 23 14 25 13 11 12 15 40 9 
1 8 38 31 44 18 7 28 6 37 19 27 17 43 30 50 51 49 54 58 52 55 53 56 57 36 46 33 20 47 21 32 39 48 5 42 24 10 45 35 4 26 2 29 34 41 16 22 3 23 14 25 13 11 12 15 40 9 
1 8 38 31 44 18 7 28 6 37 19 27 17 43 30 50 51 49 54 56 53 58 52 55 57 36 46 33 20 47 21 32 39 48 5 42 24 10 45 35 4 26 2 29 34 41 16 22 3 23 14 25 13 11 12 15 40 9 
1 8 38 31 44 18 7 28 6 37 19 27 17 43 30 50 56 53 58 51 49 52 55 54 57 36 46 33 20 47 21 32 39 48 5 42 24 10 45 35 4 26 2 29 34 41 16 22 3 23 14 25 13 11 12 15 40 9 
1 8 38 31 44 18 7 28 6 37 19 27 17 43 30 50 51 49 54 58 52 56 53 55 57 36 46 33 20 47 21 32 39 48 5 42 24 10 45 35 4 26 2 29 34 41 16 22 3 23 14 25 13 11 12 15 40 9 
1 8 38 31 44 18 7 28 6 37 19 27 17 43 30 50 51 49 54 58 53 56 52 55 57 36 46 33 20 47 21 32 39 48 5 42 24 10 45 35 4 26 2 29 34 41 16 22 3 23 14 25 13 11 12 15 40 9 
1 8 38 31 44 18 7 28 6 37 19 27 17 43 30 50 51 58 54 49 53 56 52 55 57 36 46 33 20 47 21 32 39 48 5 42 24 10 45 35 4 26 2 29 34 41 16 22 3 23 14 25 13 11 12 15 40 9 
1 8 38 31 44 18 7 28 6 37 19 27 17 43 30 50 56 53 58 51 49 52 54 55 57 36 46 33 20 47 21 32 39 48 5 42 24 10 45 35 4 26 2 29 34 41 16 22 3 23 14 25 13 11 12 15 40 9 
1 8 38 31 44 18 7 28 6 37 19 27 17 43 30 50 52 54 56 53 55 49 51 58 57 36 46 33 20 47 21 32 39 48 5 42 24 10 45 35 4 26 2 29 34 41 16 22 3 23 14 25 13 11 12 15 40 9 
1 8 38 31 44 18 7 28 6 37 19 27 17 43 30 50 51 49 52 58 54 56 53 55 57 36 46 33 20 47 21 32 39 48 5 42 24 10 45 35 4 26 2 29 34 41 16 22 3 23 14 25 13 11 12 15 40 9 
1 8 38 31 44 18 7 28 6 37 19 27 17 43 30 50 51 58 52 49 56 53 55 54 57 36 46 33 20 47 21 32 39 48 5 42 24 10 45 35 4 26 2 29 34 41 16 22 3 23 14 25 13 11 12 15 40 9 
1 8 38 31 44 18 7 28 6 37 19 27 17 43 30 50 51 58 53 56 49 52 55 54 57 36 46 33 20 47 21 32 39 48 5 42 24 10 45 35 4 26 2 29 34 41 16 22 3 23 14 25 13 11 12 15 40 9 
1 8 38 31 44 18 7 28 6 37 19 27 17 43 30 50 51 58 54 56 53 49 52 55 57 36 46 33 20 47 21 32 39 48 5 42 24 10 45 35 4 26 2 29 34 41 16 22 3 23 14 25 13 11 12 15 40 9 
1 8 38 31 44 18 7 28 6 37 19 27 17 43 30 50 51 49 52 58 53 56 55 54 57 36 46 33 20 47 21 32 39 48 5 42 24 10 45 35 4 26 2 29 34 41 16 22 3 23 14 25 13 11 12 15 40 9 
1 8 38 31 44 18 7 28 6 37 19 27 17 43 30 50 51 49 53 56 58 55 54 52 57 36 46 33 20 47 21 32 39 48 5 42 24 10 45 35 4 26 2 29 34 41 16 22 3 23 14 25 13 11 12 15 40 9 
1 8 38 31 44 18 7 28 6 37 19 27 17 43 30 50 51 49 58 56 53 55 54 52 57 36 46 33 20 47 21 32 39 48 5 42 24 10 45 35 4 26 2 29 34 41 16 22 3 23 14 25 13 11 12 15 40 9 
1 8 38 31 44 18 7 28 6 37 19 27 17 43 30 50 51 58 52 49 53 56 55 54 57 36 46 33 20 47 21 32 39 48 5 42 24 10 45 35 4 26 2 29 34 41 16 22 3 23 14 25 13 11 12 15 40 9 
1 8 38 31 44 18 7 28 6 37 19 27 17 43 30 50 51 58 52 54 56 53 55 49 57 36 46 33 20 47 21 32 39 48 5 42 24 10 45 35 4 26 2 29 34 41 16 22 3 23 14 25 13 11 12 15 40 9 
1 8 38 31 44 18 7 28 6 37 19 27 17 43 30 50 51 58 53 56 49 52 54 55 57 36 46 33 20 47 21 32 39 48 5 42 24 10 45 35 4 26 2 29 34 41 16 22 3 23 14 25 13 11 12 15 40 9 
1 8 38 31 44 18 7 28 6 37 19 27 17 43 30 50 51 58 53 56 54 52 55 49 57 36 46 33 20 47 21 32 39 48 5 42 24 10 45 35 4 26 2 29 34 41 16 22 3 23 14 25 13 11 12 15 40 9 
1 8 38 31 44 18 7 28 6 37 19 27 17 43 30 50 51 58 55 52 54 56 53 49 57 36 46 33 20 47 21 32 39 48 5 42 24 10 45 35 4 26 2 29 34 41 16 22 3 23 14 25 13 11 12 15 40 9 
1 8 38 31 44 18 7 28 6 37 19 27 17 43 30 50 51 58 56 53 49 55 54 52 57 36 46 33 20 47 21 32 39 48 5 42 24 10 45 35 4 26 2 29 34 41 16 22 3 23 14 25 13 11 12 15 40 9 
1 8 38 31 44 18 7 28 6 37 19 27 17 43 30 50 51 58 54 52 56 53 55 49 57 36 46 33 20 47 21 32 39 48 5 42 24 10 45 35 4 26 2 29 34 41 16 22 3 23 14 25 13 11 12 15 40 9 
1 8 38 31 44 18 7 28 6 37 19 27 17 43 30 50 51 49 54 52 55 58 53 56 57 36 46 33 20 47 21 32 39 48 5 42 24 10 45 35 4 26 2 29 34 41 16 22 3 23 14 25 13 11 12 15 40 9 
1 8 38 31 44 18 7 28 6 37 19 27 17 43 30 50 51 49 54 52 58 55 53 56 57 36 46 33 20 47 21 32 39 48 5 42 24 10 45 35 4 26 2 29 34 41 16 22 3 23 14 25 13 11 12 15 40 9 
1 8 38 31 44 18 7 28 6 37 19 27 17 43 30 50 51 58 49 54 52 55 53 56 57 36 46 33 20 47 21 32 39 48 5 42 24 10 45 35 4 26 2 29 34 41 16 22 3 23 14 25 13 11 12 15 40 9 
1 8 38 31 44 18 7 28 6 37 19 27 17 43 30 50 51 58 52 54 49 55 53 56 57 36 46 33 20 47 21 32 39 48 5 42 24 10 45 35 4 26 2 29 34 41 16 22 3 23 14 25 13 11 12 15 40 9 
1 8 38 31 44 18 7 28 6 37 19 27 17 43 30 50 51 58 55 52 54 49 53 56 57 36 46 33 20 47 21 32 39 48 5 42 24 10 45 35 4 26 2 29 34 41 16 22 3 23 14 25 13 11 12 15 40 9 
1 8 38 31 44 18 7 28 6 37 19 27 17 43 30 50 51 58 52 56 53 55 49 54 57 36 46 33 20 47 21 32 39 48 5 42 24 10 45 35 4 26 2 29 34 41 16 22 3 23 14 25 13 11 12 15 40 9 
1 8 38 31 44 18 7 28 6 37 19 27 17 43 30 50 51 58 53 56 52 55 49 54 57 36 46 33 20 47 21 32 39 48 5 42 24 10 45 35 4 26 2 29 34 41 16 22 3 23 14 25 13 11 12 15 40 9 
1 8 38 31 44 18 7 28 6 37 19 27 17 43 30 50 51 58 55 52 56 53 49 54 57 36 46 33 20 47 21 32 39 48 5 42 24 10 45 35 4 26 2 29 34 41 16 22 3 23 14 25 13 11 12 15 40 9 
1 8 38 31 44 18 7 28 6 37 19 27 17 43 30 50 51 49 54 52 56 53 58 55 57 36 46 33 20 47 21 32 39 48 5 42 24 10 45 35 4 26 2 29 34 41 16 22 3 23 14 25 13 11 12 15 40 9 
1 8 38 31 44 18 7 28 6 37 19 27 17 43 30 50 51 58 49 54 52 56 53 55 57 36 46 33 20 47 21 32 39 48 5 42 24 10 45 35 4 26 2 29 34 41 16 22 3 23 14 25 13 11 12 15 40 9 
1 8 38 31 44 18 7 28 6 37 19 27 17 43 30 50 51 58 53 56 52 54 49 55 57 36 46 33 20 47 21 32 39 48 5 42 24 10 45 35 4 26 2 29 34 41 16 22 3 23 14 25 13 11 12 15 40 9 
1 8 38 31 44 18 7 28 6 37 19 27 17 43 30 50 51 49 52 54 58 55 53 56 57 36 46 33 20 47 21 32 39 48 5 42 24 10 45 35 4 26 2 29 34 41 16 22 3 23 14 25 13 11 12 15 40 9 
1 8 38 31 44 18 7 28 6 37 19 27 17 43 30 50 51 49 52 55 58 53 56 54 57 36 46 33 20 47 21 32 39 48 5 42 24 10 45 35 4 26 2 29 34 41 16 22 3 23 14 25 13 11 12 15 40 9 
1 8 38 31 44 18 7 28 6 37 19 27 17 43 30 50 51 49 52 58 55 53 56 54 57 36 46 33 20 47 21 32 39 48 5 42 24 10 45 35 4 26 2 29 34 41 16 22 3 23 14 25 13 11 12 15 40 9 
1 8 38 31 44 18 7 28 6 37 19 27 17 43 30 50 51 58 49 52 55 53 56 54 57 36 46 33 20 47 21 32 39 48 5 42 24 10 45 35 4 26 2 29 34 41 16 22 3 23 14 25 13 11 12 15 40 9 
1 8 38 31 44 18 7 28 6 37 19 27 17 43 30 50 51 58 52 49 55 53 56 54 57 36 46 33 20 47 21 32 39 48 5 42 24 10 45 35 4 26 2 29 34 41 16 22 3 23 14 25 13 11 12 15 40 9 
1 8 38 31 44 18 7 28 6 37 19 27 17 43 30 50 51 58 54 52 49 55 53 56 57 36 46 33 20 47 21 32 39 48 5 42 24 10 45 35 4 26 2 29 34 41 16 22 3 23 14 25 13 11 12 15 40 9 
1 8 38 31 44 18 7 28 6 37 19 27 17 43 30 50 51 58 55 52 49 53 56 54 57 36 46 33 20 47 21 32 39 48 5 42 24 10 45 35 4 26 2 29 34 41 16 22 3 23 14 25 13 11 12 15 40 9 
1 8 38 31 44 18 7 28 6 37 19 27 17 43 30 50 56 53 49 51 58 52 55 54 57 36 46 33 20 47 21 32 39 48 5 42 24 10 45 35 4 26 2 29 34 41 16 22 3 23 14 25 13 11 12 15 40 9 
1 8 38 31 44 18 7 28 6 37 19 27 17 43 30 50 51 49 52 54 56 53 58 55 57 36 46 33 20 47 21 32 39 48 5 42 24 10 45 35 4 26 2 29 34 41 16 22 3 23 14 25 13 11 12 15 40 9 
1 8 38 31 44 18 7 28 6 37 19 27 17 43 30 50 51 49 52 56 53 55 58 54 57 36 46 33 20 47 21 32 39 48 5 42 24 10 45 35 4 26 2 29 34 41 16 22 3 23 14 25 13 11 12 15 40 9 
1 8 38 31 44 18 7 28 6 37 19 27 17 43 30 50 51 49 54 58 56 53 55 52 57 36 46 33 20 47 21 32 39 48 5 42 24 10 45 35 4 26 2 29 34 41 16 22 3 23 14 25 13 11 12 15 40 9 
1 8 38 31 44 18 7 28 6 37 19 27 17 43 30 50 51 58 49 52 54 56 53 55 57 36 46 33 20 47 21 32 39 48 5 42 24 10 45 35 4 26 2 29 34 41 16 22 3 23 14 25 13 11 12 15 40 9 
1 8 38 31 44 18 7 28 6 37 19 27 17 43 30 50 51 58 53 56 54 52 49 55 57 36 46 33 20 47 21 32 39 48 5 42 24 10 45 35 4 26 2 29 34 41 16 22 3 23 14 25 13 11 12 15 40 9 
1 8 38 31 44 18 7 28 6 37 19 27 17 43 30 50 56 53 49 51 58 52 54 55 57 36 46 33 20 47 21 32 39 48 5 42 24 10 45 35 4 26 2 29 34 41 16 22 3 23 14 25 13 11 12 15 40 9 
1 8 38 31 44 18 7 28 6 37 19 27 17 43 30 50 51 49 53 56 54 58 52 55 57 36 46 33 20 47 21 32 39 48 5 42 24 10 45 35 4 26 2 29 34 41 16 22 3 23 14 25 13 11 12 15 40 9 
1 8 38 31 44 18 7 28 6 37 19 27 17 43 30 50 51 49 56 53 58 52 55 54 57 36 46 33 20 47 21 32 39 48 5 42 24 10 45 35 4 26 2 29 34 41 16 22 3 23 14 25 13 11 12 15 40 9 
1 8 38 31 44 18 7 28 6 37 19 27 17 43 30 50 51 58 53 56 55 52 54 49 57 36 46 33 20 47 21 32 39 48 5 42 24 10 45 35 4 26 2 29 34 41 16 22 3 23 14 25 13 11 12 15 40 9 
1 8 38 31 44 18 7 28 6 37 19 27 17 43 30 50 51 49 56 53 58 52 54 55 57 36 46 33 20 47 21 32 39 48 5 42 24 10 45 35 4 26 2 29 34 41 16 22 3 23 14 25 13 11 12 15 40 9 
1 8 38 31 44 18 7 28 6 37 19 27 17 43 30 50 54 52 56 53 55 49 51 58 57 36 46 33 20 47 21 32 39 48 5 42 24 10 45 35 4 26 2 29 34 41 16 22 3 23 14 25 13 11 12 15 40 9 
1 8 38 31 44 18 7 28 6 37 19 27 17 43 30 50 51 58 53 56 55 52 49 54 57 36 46 33 20 47 21 32 39 48 5 42 24 10 45 35 4 26 2 29 34 41 16 22 3 23 14 25 13 11 12 15 40 9 
1 8 38 31 44 18 7 28 6 37 19 27 17 43 30 50 51 58 56 53 55 49 54 52 57 36 46 33 20 47 21 32 39 48 5 42 24 10 45 35 4 26 2 29 34 41 16 22 3 23 14 25 13 11 12 15 40 9 
1 8 38 31 44 18 7 28 6 37 19 27 17 43 30 50 51 49 54 55 58 53 56 52 57 36 46 33 20 47 21 32 39 48 5 42 24 10 45 35 4 26 2 29 34 41 16 22 3 23 14 25 13 11 12 15 40 9 
1 8 38 31 44 18 7 28 6 37 19 27 17 43 30 50 51 49 55 52 54 58 53 56 57 36 46 33 20 47 21 32 39 48 5 42 24 10 45 35 4 26 2 29 34 41 16 22 3 23 14 25 13 11 12 15 40 9 
1 8 38 31 44 18 7 28 6 37 19 27 17 43 30 50 51 49 55 52 58 53 56 54 57 36 46 33 20 47 21 32 39 48 5 42 24 10 45 35 4 26 2 29 34 41 16 22 3 23 14 25 13 11 12 15 40 9 
1 8 38 31 44 18 7 28 6 37 19 27 17 43 30 50 51 49 58 52 55 53 56 54 57 36 46 33 20 47 21 32 39 48 5 42 24 10 45 35 4 26 2 29 34 41 16 22 3 23 14 25 13 11 12 15 40 9 
1 8 38 31 44 18 7 28 6 37 19 27 17 43 30 50 51 49 58 54 52 55 53 56 57 36 46 33 20 47 21 32 39 48 5 42 24 10 45 35 4 26 2 29 34 41 16 22 3 23 14 25 13 11 12 15 40 9 
1 8 38 31 44 18 7 28 6 37 19 27 17 43 30 50 51 58 49 54 55 53 56 52 57 36 46 33 20 47 21 32 39 48 5 42 24 10 45 35 4 26 2 29 34 41 16 22 3 23 14 25 13 11 12 15 40 9 
1 8 38 31 44 18 7 28 6 37 19 27 17 43 30 50 51 58 52 55 49 53 56 54 57 36 46 33 20 47 21 32 39 48 5 42 24 10 45 35 4 26 2 29 34 41 16 22 3 23 14 25 13 11 12 15 40 9 
1 8 38 31 44 18 7 28 6 37 19 27 17 43 30 50 51 58 54 52 55 49 53 56 57 36 46 33 20 47 21 32 39 48 5 42 24 10 45 35 4 26 2 29 34 41 16 22 3 23 14 25 13 11 12 15 40 9 
1 8 38 31 44 18 7 28 6 37 19 27 17 43 30 50 51 58 55 54 49 53 56 52 57 36 46 33 20 47 21 32 39 48 5 42 24 10 45 35 4 26 2 29 34 41 16 22 3 23 14 25 13 11 12 15 40 9 
1 8 38 31 44 18 7 28 6 37 19 27 17 43 30 50 51 49 53 56 52 55 58 54 57 36 46 33 20 47 21 32 39 48 5 42 24 10 45 35 4 26 2 29 34 41 16 22 3 23 14 25 13 11 12 15 40 9 
1 8 38 31 44 18 7 28 6 37 19 27 17 43 30 50 51 49 53 56 54 52 58 55 57 36 46 33 20 47 21 32 39 48 5 42 24 10 45 35 4 26 2 29 34 41 16 22 3 23 14 25 13 11 12 15 40 9 
1 8 38 31 44 18 7 28 6 37 19 27 17 43 30 50 51 49 55 52 56 53 58 54 57 36 46 33 20 47 21 32 39 48 5 42 24 10 45 35 4 26 2 29 34 41 16 22 3 23 14 25 13 11 12 15 40 9 
1 8 38 31 44 18 7 28 6 37 19 27 17 43 30 50 51 49 55 53 56 52 58 54 57 36 46 33 20 47 21 32 39 48 5 42 24 10 45 35 4 26 2 29 34 41 16 22 3 23 14 25 13 11 12 15 40 9 
1 8 38 31 44 18 7 28 6 37 19 27 17 43 30 50 51 49 58 52 54 56 53 55 57 36 46 33 20 47 21 32 39 48 5 42 24 10 45 35 4 26 2 29 34 41 16 22 3 23 14 25 13 11 12 15 40 9 
1 8 38 31 44 18 7 28 6 37 19 27 17 43 30 50 51 49 58 53 56 54 52 55 57 36 46 33 20 47 21 32 39 48 5 42 24 10 45 35 4 26 2 29 34 41 16 22 3 23 14 25 13 11 12 15 40 9 
1 8 38 31 44 18 7 28 6 37 19 27 17 43 30 50 51 58 49 53 56 54 52 55 57 36 46 33 20 47 21 32 39 48 5 42 24 10 45 35 4 26 2 29 34 41 16 22 3 23 14 25 13 11 12 15 40 9 
1 8 38 31 44 18 7 28 6 37 19 27 17 43 30 50 51 58 52 54 56 53 49 55 57 36 46 33 20 47 21 32 39 48 5 42 24 10 45 35 4 26 2 29 34 41 16 22 3 23 14 25 13 11 12 15 40 9 
1 8 38 31 44 18 7 28 6 37 19 27 17 43 30 50 51 49 53 56 52 54 58 55 57 36 46 33 20 47 21 32 39 48 5 42 24 10 45 35 4 26 2 29 34 41 16 22 3 23 14 25 13 11 12 15 40 9 
1 8 38 31 44 18 7 28 6 37 19 27 17 43 30 50 51 49 58 54 52 56 53 55 57 36 46 33 20 47 21 32 39 48 5 42 24 10 45 35 4 26 2 29 34 41 16 22 3 23 14 25 13 11 12 15 40 9 
1 8 38 31 44 18 7 28 6 37 19 27 17 43 30 50 51 58 53 56 54 55 49 52 57 36 46 33 20 47 21 32 39 48 5 42 24 10 45 35 4 26 2 29 34 41 16 22 3 23 14 25 13 11 12 15 40 9 
1 8 38 31 44 18 7 28 6 37 19 27 17 43 30 50 51 58 54 52 56 53 49 55 57 36 46 33 20 47 21 32 39 48 5 42 24 10 45 35 4 26 2 29 34 41 16 22 3 23 14 25 13 11 12 15 40 9 
1 8 38 31 44 18 7 28 6 37 19 27 17 43 30 50 51 58 55 54 56 53 49 52 57 36 46 33 20 47 21 32 39 48 5 42 24 10 45 35 4 26 2 29 34 41 16 22 3 23 14 25 13 11 12 15 40 9 
1 8 38 31 44 18 7 28 6 37 19 27 17 43 30 50 56 53 55 52 54 58 51 49 57 36 46 33 20 47 21 32 39 48 5 42 24 10 45 35 4 26 2 29 34 41 16 22 3 23 14 25 13 11 12 15 40 9 
1 8 38 31 44 18 7 28 6 37 19 27 17 43 30 50 51 58 54 52 55 53 56 49 57 36 46 33 20 47 21 32 39 48 5 42 24 10 45 35 4 26 2 29 34 41 16 22 3 23 14 25 13 11 12 15 40 9 
1 8 38 31 44 18 7 28 6 37 19 27 17 43 30 50 51 58 54 52 55 56 53 49 57 36 46 33 20 47 21 32 39 48 5 42 24 10 45 35 4 26 2 29 34 41 16 22 3 23 14 25 13 11 12 15 40 9 
1 8 38 31 44 18 7 28 6 37 19 27 17 43 30 50 56 53 55 52 58 51 49 54 57 36 46 33 20 47 21 32 39 48 5 42 24 10 45 35 4 26 2 29 34 41 16 22 3 23 14 25 13 11 12 15 40 9 
1 8 38 31 44 18 7 28 6 37 19 27 17 43 30 50 56 53 58 51 49 54 52 55 57 36 46 33 20 47 21 32 39 48 5 42 24 10 45 35 4 26 2 29 34 41 16 22 3 23 14 25 13 11 12 15 40 9 
1 8 38 31 44 18 7 28 6 37 19 27 17 43 30 50 51 58 52 55 53 56 49 54 57 36 46 33 20 47 21 32 39 48 5 42 24 10 45 35 4 26 2 29 34 41 16 22 3 23 14 25 13 11 12 15 40 9 
1 8 38 31 44 18 7 28 6 37 19 27 17 43 30 50 56 53 55 52 49 51 58 54 57 36 46 33 20 47 21 32 39 48 5 42 24 10 45 35 4 26 2 29 34 41 16 22 3 23 14 25 13 11 12 15 40 9 
1 8 38 31 44 18 7 28 6 37 19 27 17 43 30 50 51 49 55 58 53 56 52 54 57 36 46 33 20 47 21 32 39 48 5 42 24 10 45 35 4 26 2 29 34 41 16 22 3 23 14 25 13 11 12 15 40 9 
1 8 38 31 44 18 7 28 6 37 19 27 17 43 30 50 51 49 58 55 53 56 52 54 57 36 46 33 20 47 21 32 39 48 5 42 24 10 45 35 4 26 2 29 34 41 16 22 3 23 14 25 13 11 12 15 40 9 
1 8 38 31 44 18 7 28 6 37 19 27 17 43 30 50 51 58 49 55 53 56 52 54 57 36 46 33 20 47 21 32 39 48 5 42 24 10 45 35 4 26 2 29 34 41 16 22 3 23 14 25 13 11 12 15 40 9 
1 8 38 31 44 18 7 28 6 37 19 27 17 43 30 50 51 58 52 54 49 56 53 55 57 36 46 33 20 47 21 32 39 48 5 42 24 10 45 35 4 26 2 29 34 41 16 22 3 23 14 25 13 11 12 15 40 9 
1 8 38 31 44 18 7 28 6 37 19 27 17 43 30 50 51 58 52 55 56 53 49 54 57 36 46 33 20 47 21 32 39 48 5 42 24 10 45 35 4 26 2 29 34 41 16 22 3 23 14 25 13 11 12 15 40 9 
1 8 38 31 44 18 7 28 6 37 19 27 17 43 30 50 51 58 53 56 49 54 52 55 57 36 46 33 20 47 21 32 39 48 5 42 24 10 45 35 4 26 2 29 34 41 16 22 3 23 14 25 13 11 12 15 40 9 
1 8 38 31 44 18 7 28 6 37 19 27 17 43 30 50 51 58 55 49 53 56 52 54 57 36 46 33 20 47 21 32 39 48 5 42 24 10 45 35 4 26 2 29 34 41 16 22 3 23 14 25 13 11 12 15 40 9 
1 8 38 31 44 18 7 28 6 37 19 27 17 43 30 50 51 49 54 52 58 53 56 55 57 36 46 33 20 47 21 32 39 48 5 42 24 10 45 35 4 26 2 29 34 41 16 22 3 23 14 25 13 11 12 15 40 9 
1 8 38 31 44 18 7 28 6 37 19 27 17 43 30 50 51 58 52 54 49 53 56 55 57 36 46 33 20 47 21 32 39 48 5 42 24 10 45 35 4 26 2 29 34 41 16 22 3 23 14 25 13 11 12 15 40 9 
1 8 38 31 44 18 7 28 6 37 19 27 17 43 30 50 51 58 53 56 55 54 49 52 57 36 46 33 20 47 21 32 39 48 5 42 24 10 45 35 4 26 2 29 34 41 16 22 3 23 14 25 13 11 12 15 40 9 
1 8 38 31 44 18 7 28 6 37 19 27 17 43 30 50 51 49 52 55 56 53 58 54 57 36 46 33 20 47 21 32 39 48 5 42 24 10 45 35 4 26 2 29 34 41 16 22 3 23 14 25 13 11 12 15 40 9 
1 8 38 31 44 18 7 28 6 37 19 27 17 43 30 50 51 49 53 56 54 55 58 52 57 36 46 33 20 47 21 32 39 48 5 42 24 10 45 35 4 26 2 29 34 41 16 22 3 23 14 25 13 11 12 15 40 9 
1 8 38 31 44 18 7 28 6 37 19 27 17 43 30 50 51 49 55 53 56 58 54 52 57 36 46 33 20 47 21 32 39 48 5 42 24 10 45 35 4 26 2 29 34 41 16 22 3 23 14 25 13 11 12 15 40 9 
1 8 38 31 44 18 7 28 6 37 19 27 17 43 30 50 51 49 55 54 56 53 58 52 57 36 46 33 20 47 21 32 39 48 5 42 24 10 45 35 4 26 2 29 34 41 16 22 3 23 14 25 13 11 12 15 40 9 
1 8 38 31 44 18 7 28 6 37 19 27 17 43 30 50 51 49 58 53 56 54 55 52 57 36 46 33 20 47 21 32 39 48 5 42 24 10 45 35 4 26 2 29 34 41 16 22 3 23 14 25 13 11 12 15 40 9 
1 8 38 31 44 18 7 28 6 37 19 27 17 43 30 50 51 58 49 53 56 54 55 52 57 36 46 33 20 47 21 32 39 48 5 42 24 10 45 35 4 26 2 29 34 41 16 22 3 23 14 25 13 11 12 15 40 9 
1 8 38 31 44 18 7 28 6 37 19 27 17 43 30 50 51 58 54 52 49 56 53 55 57 36 46 33 20 47 21 32 39 48 5 42 24 10 45 35 4 26 2 29 34 41 16 22 3 23 14 25 13 11 12 15 40 9 
1 8 38 31 44 18 7 28 6 37 19 27 17 43 30 50 51 49 52 54 58 53 56 55 57 36 46 33 20 47 21 32 39 48 5 42 24 10 45 35 4 26 2 29 34 41 16 22 3 23 14 25 13 11 12 15 40 9 
1 8 38 31 44 18 7 28 6 37 19 27 17 43 30 50 51 49 55 54 58 53 56 52 57 36 46 33 20 47 21 32 39 48 5 42 24 10 45 35 4 26 2 29 34 41 16 22 3 23 14 25 13 11 12 15 40 9 
1 8 38 31 44 18 7 28 6 37 19 27 17 43 30 50 51 49 58 54 55 53 56 52 57 36 46 33 20 47 21 32 39 48 5 42 24 10 45 35 4 26 2 29 34 41 16 22 3 23 14 25 13 11 12 15 40 9 
1 8 38 31 44 18 7 28 6 37 19 27 17 43 30 50 51 58 54 52 49 53 56 55 57 36 46 33 20 47 21 32 39 48 5 42 24 10 45 35 4 26 2 29 34 41 16 22 3 23 14 25 13 11 12 15 40 9 
1 8 38 31 44 18 7 28 6 37 19 27 17 43 30 50 51 58 54 55 49 53 56 52 57 36 46 33 20 47 21 32 39 48 5 42 24 10 45 35 4 26 2 29 34 41 16 22 3 23 14 25 13 11 12 15 40 9 
1 8 38 31 44 18 7 28 6 37 19 27 17 43 30 50 56 53 55 58 51 49 52 54 57 36 46 33 20 47 21 32 39 48 5 42 24 10 45 35 4 26 2 29 34 41 16 22 3 23 14 25 13 11 12 15 40 9 
1 8 38 31 44 18 7 28 6 37 19 27 17 43 30 50 51 58 55 53 56 54 49 52 57 36 46 33 20 47 21 32 39 48 5 42 24 10 45 35 4 26 2 29 34 41 16 22 3 23 14 25 13 11 12 15 40 9 
1 8 38 31 44 18 7 28 6 37 19 27 17 43 30 50 54 52 55 53 56 49 51 58 57 36 46 33 20 47 21 32 39 48 5 42 24 10 45 35 4 26 2 29 34 41 16 22 3 23 14 25 13 11 12 15 40 9 
1 8 38 31 44 18 7 28 6 37 19 27 17 43 30 50 56 53 55 54 49 51 58 52 57 36 46 33 20 47 21 32 39 48 5 42 24 10 45 35 4 26 2 29 34 41 16 22 3 23 14 25 13 11 12 15 40 9 
1 8 38 31 44 18 7 28 6 37 19 27 17 43 30 50 56 53 58 51 49 54 55 52 57 36 46 33 20 47 21 32 39 48 5 42 24 10 45 35 4 26 2 29 34 41 16 22 3 23 14 25 13 11 12 15 40 9 
1 8 38 31 44 18 7 28 6 37 19 27 17 43 30 50 54 52 55 56 53 49 51 58 57 36 46 33 20 47 21 32 39 48 5 42 24 10 45 35 4 26 2 29 34 41 16 22 3 23 14 25 13 11 12 15 40 9 
1 8 38 31 44 18 7 28 6 37 19 27 17 43 30 50 51 58 55 53 56 49 52 54 57 36 46 33 20 47 21 32 39 48 5 42 24 10 45 35 4 26 2 29 34 41 16 22 3 23 14 25 13 11 12 15 40 9 
1 8 38 31 44 18 7 28 6 37 19 27 17 43 30 50 56 53 49 51 58 54 52 55 57 36 46 33 20 47 21 32 39 48 5 42 24 10 45 35 4 26 2 29 34 41 16 22 3 23 14 25 13 11 12 15 40 9 
1 8 38 31 44 18 7 28 6 37 19 27 17 43 30 50 51 58 53 56 49 54 55 52 57 36 46 33 20 47 21 32 39 48 5 42 24 10 45 35 4 26 2 29 34 41 16 22 3 23 14 25 13 11 12 15 40 9 
1 8 38 31 44 18 7 28 6 37 19 27 17 43 30 50 51 58 53 56 55 49 52 54 57 36 46 33 20 47 21 32 39 48 5 42 24 10 45 35 4 26 2 29 34 41 16 22 3 23 14 25 13 11 12 15 40 9 
1 8 38 31 44 18 7 28 6 37 19 27 17 43 30 50 51 58 55 56 53 49 52 54 57 36 46 33 20 47 21 32 39 48 5 42 24 10 45 35 4 26 2 29 34 41 16 22 3 23 14 25 13 11 12 15 40 9 
1 8 38 31 44 18 7 28 6 37 19 27 17 43 30 50 56 53 55 54 58 51 49 52 57 36 46 33 20 47 21 32 39 48 5 42 24 10 45 35 4 26 2 29 34 41 16 22 3 23 14 25 13 11 12 15 40 9 
1 8 38 31 44 18 7 28 6 37 19 27 17 43 30 50 51 49 54 55 56 53 58 52 57 36 46 33 20 47 21 32 39 48 5 42 24 10 45 35 4 26 2 29 34 41 16 22 3 23 14 25 13 11 12 15 40 9 
1 8 38 31 44 18 7 28 6 37 19 27 17 43 30 50 51 49 56 53 55 52 58 54 57 36 46 33 20 47 21 32 39 48 5 42 24 10 45 35 4 26 2 29 34 41 16 22 3 23 14 25 13 11 12 15 40 9 
1 8 38 31 44 18 7 28 6 37 19 27 17 43 30 50 51 49 53 56 55 52 58 54 57 36 46 33 20 47 21 32 39 48 5 42 24 10 45 35 4 26 2 29 34 41 16 22 3 23 14 25 13 11 12 15 40 9 
1 8 38 31 44 18 7 28 6 37 19 27 17 43 30 50 51 49 56 53 58 54 52 55 57 36 46 33 20 47 21 32 39 48 5 42 24 10 45 35 4 26 2 29 34 41 16 22 3 23 14 25 13 11 12 15 40 9 
1 8 38 31 44 18 7 28 6 37 19 27 17 43 30 50 51 58 54 55 53 56 49 52 57 36 46 33 20 47 21 32 39 48 5 42 24 10 45 35 4 26 2 29 34 41 16 22 3 23 14 25 13 11 12 15 40 9 
1 8 38 31 44 18 7 28 6 37 19 27 17 43 30 50 51 58 54 55 56 53 49 52 57 36 46 33 20 47 21 32 39 48 5 42 24 10 45 35 4 26 2 29 34 41 16 22 3 23 14 25 13 11 12 15 40 9 
1 8 38 31 44 18 7 28 6 37 19 27 17 43 30 50 51 49 52 54 55 53 56 58 57 36 46 33 20 47 21 32 39 48 5 42 24 10 45 35 4 26 2 29 34 41 16 22 3 23 14 25 13 11 12 15 40 9 
1 8 38 31 44 18 7 28 6 37 19 27 17 43 30 50 56 53 49 51 58 55 52 54 57 36 46 33 20 47 21 32 39 48 5 42 24 10 45 35 4 26 2 29 34 41 16 22 3 23 14 25 13 11 12 15 40 9 
1 8 38 31 44 18 7 28 6 37 19 27 17 43 30 50 56 53 55 49 51 58 52 54 57 36 46 33 20 47 21 32 39 48 5 42 24 10 45 35 4 26 2 29 34 41 16 22 3 23 14 25 13 11 12 15 40 9 
1 8 38 31 44 18 7 28 6 37 19 27 17 43 30 50 56 53 58 51 49 55 52 54 57 36 46 33 20 47 21 32 39 48 5 42 24 10 45 35 4 26 2 29 34 41 16 22 3 23 14 25 13 11 12 15 40 9 
1 8 38 31 44 18 7 28 6 37 19 27 17 43 30 50 51 49 54 56 53 55 58 52 57 36 46 33 20 47 21 32 39 48 5 42 24 10 45 35 4 26 2 29 34 41 16 22 3 23 14 25 13 11 12 15 40 9 
1 8 38 31 44 18 7 28 6 37 19 27 17 43 30 50 51 49 54 56 53 58 55 52 57 36 46 33 20 47 21 32 39 48 5 42 24 10 45 35 4 26 2 29 34 41 16 22 3 23 14 25 13 11 12 15 40 9 
1 8 38 31 44 18 7 28 6 37 19 27 17 43 30 50 51 58 49 54 56 53 55 52 57 36 46 33 20 47 21 32 39 48 5 42 24 10 45 35 4 26 2 29 34 41 16 22 3 23 14 25 13 11 12 15 40 9 
1 8 38 31 44 18 7 28 6 37 19 27 17 43 30 50 51 58 53 56 54 49 55 52 57 36 46 33 20 47 21 32 39 48 5 42 24 10 45 35 4 26 2 29 34 41 16 22 3 23 14 25 13 11 12 15 40 9 
1 8 38 31 44 18 7 28 6 37 19 27 17 43 30 50 51 49 54 58 55 53 56 52 57 36 46 33 20 47 21 32 39 48 5 42 24 10 45 35 4 26 2 29 34 41 16 22 3 23 14 25 13 11 12 15 40 9 
1 8 38 31 44 18 7 28 6 37 19 27 17 43 30 50 51 58 54 49 55 53 56 52 57 36 46 33 20 47 21 32 39 48 5 42 24 10 45 35 4 26 2 29 34 41 16 22 3 23 14 25 13 11 12 15 40 9 
1 8 38 31 44 18 7 28 6 37 19 27 17 43 30 50 51 49 56 53 55 58 52 54 57 36 46 33 20 47 21 32 39 48 5 42 24 10 45 35 4 26 2 29 34 41 16 22 3 23 14 25 13 11 12 15 40 9 
1 8 38 31 44 18 7 28 6 37 19 27 17 43 30 50 51 49 56 53 58 55 52 54 57 36 46 33 20 47 21 32 39 48 5 42 24 10 45 35 4 26 2 29 34 41 16 22 3 23 14 25 13 11 12 15 40 9 
1 8 38 31 44 18 7 28 6 37 19 27 17 43 30 50 51 58 49 56 53 55 52 54 57 36 46 33 20 47 21 32 39 48 5 42 24 10 45 35 4 26 2 29 34 41 16 22 3 23 14 25 13 11 12 15 40 9 
1 8 38 31 44 18 7 28 6 37 19 27 17 43 30 50 51 58 53 56 49 55 52 54 57 36 46 33 20 47 21 32 39 48 5 42 24 10 45 35 4 26 2 29 34 41 16 22 3 23 14 25 13 11 12 15 40 9 
1 8 38 31 44 18 7 28 6 37 19 27 17 43 30 50 51 49 53 56 55 58 52 54 57 36 46 33 20 47 21 32 39 48 5 42 24 10 45 35 4 26 2 29 34 41 16 22 3 23 14 25 13 11 12 15 40 9 
1 8 38 31 44 18 7 28 6 37 19 27 17 43 30 50 51 49 55 56 53 58 52 54 57 36 46 33 20 47 21 32 39 48 5 42 24 10 45 35 4 26 2 29 34 41 16 22 3 23 14 25 13 11 12 15 40 9 
1 8 38 31 44 18 7 28 6 37 19 27 17 43 30 50 51 49 58 53 56 55 52 54 57 36 46 33 20 47 21 32 39 48 5 42 24 10 45 35 4 26 2 29 34 41 16 22 3 23 14 25 13 11 12 15 40 9 
1 8 38 31 44 18 7 28 6 37 19 27 17 43 30 50 51 58 49 53 56 55 52 54 57 36 46 33 20 47 21 32 39 48 5 42 24 10 45 35 4 26 2 29 34 41 16 22 3 23 14 25 13 11 12 15 40 9 
1 8 38 31 44 18 7 28 6 37 19 27 17 43 30 50 51 58 54 56 53 55 49 52 57 36 46 33 20 47 21 32 39 48 5 42 24 10 45 35 4 26 2 29 34 41 16 22 3 23 14 25 13 11 12 15 40 9 
1 8 38 31 44 18 7 28 6 37 19 27 17 43 30 50 56 53 49 51 58 54 55 52 57 36 46 33 20 47 21 32 39 48 5 42 24 10 45 35 4 26 2 29 34 41 16 22 3 23 14 25 13 11 12 15 40 9 
1 8 38 31 44 18 7 28 6 37 19 27 17 43 30 50 51 49 56 53 55 54 58 52 57 36 46 33 20 47 21 32 39 48 5 42 24 10 45 35 4 26 2 29 34 41 16 22 3 23 14 25 13 11 12 15 40 9 
1 8 38 31 44 18 7 28 6 37 19 27 17 43 30 50 51 49 56 53 58 54 55 52 57 36 46 33 20 47 21 32 39 48 5 42 24 10 45 35 4 26 2 29 34 41 16 22 3 23 14 25 13 11 12 15 40 9 
1 8 38 31 44 18 7 28 6 37 19 27 17 43 30 50 51 49 53 56 55 54 58 52 57 36 46 33 20 47 21 32 39 48 5 42 24 10 45 35 4 26 2 29 34 41 16 22 3 23 14 25 13 11 12 15 40 9 
1 8 38 31 44 18 7 28 6 37 19 27 17 43 30 50 56 53 49 51 58 55 54 52 57 36 46 33 20 47 21 32 39 48 5 42 24 10 45 35 4 26 2 29 34 41 16 22 3 23 14 25 13 11 12 15 40 9 
1 8 38 31 44 18 7 28 6 37 19 27 17 43 30 50 56 53 58 51 49 55 54 52 57 36 46 33 20 47 21 32 39 48 5 42 24 10 45 35 4 26 2 29 34 41 16 22 3 23 14 25 13 11 12 15 40 9 
1 8 38 31 44 18 7 28 6 37 19 27 17 43 30 50 51 49 53 56 54 58 55 52 57 36 46 33 20 47 21 32 39 48 5 42 24 10 45 35 4 26 2 29 34 41 16 22 3 23 14 25 13 11 12 15 40 9 
1 8 38 31 44 18 7 28 6 37 19 27 17 43 30 50 51 49 55 53 56 54 58 52 57 36 46 33 20 47 21 32 39 48 5 42 24 10 45 35 4 26 2 29 34 41 16 22 3 23 14 25 13 11 12 15 40 9 
1 8 38 31 44 18 7 28 6 37 19 27 17 43 30 50 51 49 58 54 56 53 55 52 57 36 46 33 20 47 21 32 39 48 5 42 24 10 45 35 4 26 2 29 34 41 16 22 3 23 14 25 13 11 12 15 40 9 
1 8 38 31 44 18 7 28 6 37 19 27 17 43 30 50 51 58 54 56 53 49 55 52 57 36 46 33 20 47 21 32 39 48 5 42 24 10 45 35 4 26 2 29 34 41 16 22 3 23 14 25 13 11 12 15 40 9 
1 8 38 31 44 18 7 28 6 37 19 27 17 43 30 50 51 49 56 53 58 55 54 52 57 36 46 33 20 47 21 32 39 48 5 42 24 10 45 35 4 26 2 29 34 41 16 22 3 23 14 25 13 11 12 15 40 9 
1 8 38 31 44 18 7 28 6 37 19 27 17 43 30 50 51 58 49 56 53 55 54 52 57 36 46 33 20 47 21 32 39 48 5 42 24 10 45 35 4 26 2 29 34 41 16 22 3 23 14 25 13 11 12 15 40 9 
1 8 38 31 44 18 7 28 6 37 19 27 17 43 30 50 51 58 53 56 49 55 54 52 57 36 46 33 20 47 21 32 39 48 5 42 24 10 45 35 4 26 2 29 34 41 16 22 3 23 14 25 13 11 12 15 40 9 
1 8 38 31 44 18 7 28 6 37 19 27 17 43 30 50 51 49 58 53 56 55 54 52 57 36 46 33 20 47 21 32 39 48 5 42 24 10 45 35 4 26 2 29 34 41 16 22 3 23 14 25 13 11 12 15 40 9 
1 8 38 31 44 18 7 28 6 37 19 27 17 43 30 50 51 58 49 53 56 55 54 52 57 36 46 33 20 47 21 32 39 48 5 42 24 10 45 35 4 26 2 29 34 41 16 22 3 23 14 25 13 11 12 15 40 9 
1 8 38 31 44 18 7 28 6 37 19 27 17 43 30 50 51 49 55 58 53 56 54 52 57 36 46 33 20 47 21 32 39 48 5 42 24 10 45 35 4 26 2 29 34 41 16 22 3 23 14 25 13 11 12 15 40 9 
1 8 38 31 44 18 7 28 6 37 19 27 17 43 30 50 51 49 58 55 53 56 54 52 57 36 46 33 20 47 21 32 39 48 5 42 24 10 45 35 4 26 2 29 34 41 16 22 3 23 14 25 13 11 12 15 40 9 
1 8 38 31 44 18 7 28 6 37 19 27 17 43 30 50 51 58 49 55 53 56 54 52 57 36 46 33 20 47 21 32 39 48 5 42 24 10 45 35 4 26 2 29 34 41 16 22 3 23 14 25 13 11 12 15 40 9 
1 8 38 31 44 18 7 28 6 37 19 27 17 43 30 50 51 58 54 49 56 53 55 52 57 36 46 33 20 47 21 32 39 48 5 42 24 10 45 35 4 26 2 29 34 41 16 22 3 23 14 25 13 11 12 15 40 9 
1 8 38 31 44 18 7 28 6 37 19 27 17 43 30 50 51 58 55 49 53 56 54 52 57 36 46 33 20 47 21 32 39 48 5 42 24 10 45 35 4 26 2 29 34 41 16 22 3 23 14 25 13 11 12 15 40 9 
1 8 38 31 44 18 7 28 6 37 19 27 17 43 30 50 51 49 54 58 53 56 55 52 57 36 46 33 20 47 21 32 39 48 5 42 24 10 45 35 4 26 2 29 34 41 16 22 3 23 14 25 13 11 12 15 40 9 
1 8 38 31 44 18 7 28 6 37 19 27 17 43 30 50 51 58 54 49 53 56 55 52 57 36 46 33 20 47 21 32 39 48 5 42 24 10 45 35 4 26 2 29 34 41 16 22 3 23 14 25 13 11 12 15 40 9 
1 8 38 31 44 18 7 28 6 37 19 27 17 43 30 50 51 49 54 52 55 53 56 58 57 36 46 33 20 47 21 32 39 48 5 42 24 10 45 35 4 26 2 29 34 41 16 22 3 23 14 25 13 11 12 15 40 9 
1 8 38 31 44 18 7 28 6 37 19 27 17 43 30 50 51 49 54 55 52 56 53 58 57 36 46 33 20 47 21 32 39 48 5 42 24 10 45 35 4 26 2 29 34 41 16 22 3 23 14 25 13 11 12 15 40 9 
1 8 38 31 44 18 7 28 6 37 19 27 17 43 30 50 51 49 54 55 53 56 52 58 57 36 46 33 20 47 21 32 39 48 5 42 24 10 45 35 4 26 2 29 34 41 16 22 3 23 14 25 13 11 12 15 40 9 
1 8 38 31 44 18 7 28 6 37 19 27 17 43 30 50 56 53 55 58 51 49 54 52 57 36 46 33 20 47 21 32 39 48 5 42 24 10 45 35 4 26 2 29 34 41 16 22 3 23 14 25 13 11 12 15 40 9 
1 8 38 31 44 18 7 28 6 37 19 27 17 43 30 50 51 49 52 55 54 56 53 58 57 36 46 33 20 47 21 32 39 48 5 42 24 10 45 35 4 26 2 29 34 41 16 22 3 23 14 25 13 11 12 15 40 9 
1 8 38 31 44 18 7 28 6 37 19 27 17 43 30 50 51 49 52 56 53 55 54 58 57 36 46 33 20 47 21 32 39 48 5 42 24 10 45 35 4 26 2 29 34 41 16 22 3 23 14 25 13 11 12 15 40 9 
1 8 38 31 44 18 7 28 6 37 19 27 17 43 30 50 51 58 55 53 56 49 54 52 57 36 46 33 20 47 21 32 39 48 5 42 24 10 45 35 4 26 2 29 34 41 16 22 3 23 14 25 13 11 12 15 40 9 
1 8 38 31 44 18 7 28 6 37 19 27 17 43 30 50 51 58 53 56 55 49 54 52 57 36 46 33 20 47 21 32 39 48 5 42 24 10 45 35 4 26 2 29 34 41 16 22 3 23 14 25 13 11 12 15 40 9 
1 8 38 31 44 18 7 28 6 37 19 27 17 43 30 50 51 58 55 56 53 49 54 52 57 36 46 33 20 47 21 32 39 48 5 42 24 10 45 35 4 26 2 29 34 41 16 22 3 23 14 25 13 11 12 15 40 9 
1 8 38 31 44 18 7 28 6 37 19 27 17 43 30 50 51 49 53 56 54 55 52 58 57 36 46 33 20 47 21 32 39 48 5 42 24 10 45 35 4 26 2 29 34 41 16 22 3 23 14 25 13 11 12 15 40 9 
1 8 38 31 44 18 7 28 6 37 19 27 17 43 30 50 51 49 53 56 52 55 54 58 57 36 46 33 20 47 21 32 39 48 5 42 24 10 45 35 4 26 2 29 34 41 16 22 3 23 14 25 13 11 12 15 40 9 
1 8 38 31 44 18 7 28 6 37 19 27 17 43 30 50 56 53 55 49 51 58 54 52 57 36 46 33 20 47 21 32 39 48 5 42 24 10 45 35 4 26 2 29 34 41 16 22 3 23 14 25 13 11 12 15 40 9 
1 8 38 31 44 18 7 28 6 37 19 27 17 43 30 50 51 49 56 53 55 58 54 52 57 36 46 33 20 47 21 32 39 48 5 42 24 10 45 35 4 26 2 29 34 41 16 22 3 23 14 25 13 11 12 15 40 9 
1 8 38 31 44 18 7 28 6 37 19 27 17 43 30 50 51 49 53 56 55 58 54 52 57 36 46 33 20 47 21 32 39 48 5 42 24 10 45 35 4 26 2 29 34 41 16 22 3 23 14 25 13 11 12 15 40 9 
1 8 38 31 44 18 7 28 6 37 19 27 17 43 30 50 51 49 55 56 53 58 54 52 57 36 46 33 20 47 21 32 39 48 5 42 24 10 45 35 4 26 2 29 34 41 16 22 3 23 14 25 13 11 12 15 40 9 
1 8 38 31 44 18 7 28 6 37 19 27 17 43 30 50 51 49 53 56 52 54 55 58 57 36 46 33 20 47 21 32 39 48 5 42 24 10 45 35 4 26 2 29 34 41 16 22 3 23 14 25 13 11 12 15 40 9 
1 8 38 31 44 18 7 28 6 37 19 27 17 43 30 50 51 49 55 54 52 56 53 58 57 36 46 33 20 47 21 32 39 48 5 42 24 10 45 35 4 26 2 29 34 41 16 22 3 23 14 25 13 11 12 15 40 9 
1 8 38 31 44 18 7 28 6 37 19 27 17 43 30 50 51 49 54 56 53 55 52 58 57 36 46 33 20 47 21 32 39 48 5 42 24 10 45 35 4 26 2 29 34 41 16 22 3 23 14 25 13 11 12 15 40 9 
1 8 38 31 44 18 7 28 6 37 19 27 17 43 30 50 56 53 55 54 52 49 51 58 57 36 46 33 20 47 21 32 39 48 5 42 24 10 45 35 4 26 2 29 34 41 16 22 3 23 14 25 13 11 12 15 40 9 
1 8 38 31 44 18 7 28 6 37 19 27 17 43 30 50 51 49 52 55 53 56 54 58 57 36 46 33 20 47 21 32 39 48 5 42 24 10 45 35 4 26 2 29 34 41 16 22 3 23 14 25 13 11 12 15 40 9 
1 8 38 31 44 18 7 28 6 37 19 27 17 43 30 50 51 49 52 54 55 56 53 58 57 36 46 33 20 47 21 32 39 48 5 42 24 10 45 35 4 26 2 29 34 41 16 22 3 23 14 25 13 11 12 15 40 9 
1 8 38 31 44 18 7 28 6 37 19 27 17 43 30 50 51 49 54 52 56 53 55 58 57 36 46 33 20 47 21 32 39 48 5 42 24 10 45 35 4 26 2 29 34 41 16 22 3 23 14 25 13 11 12 15 40 9 
1 8 38 31 44 18 7 28 6 37 19 27 17 43 30 50 51 49 52 54 56 53 55 58 57 36 46 33 20 47 21 32 39 48 5 42 24 10 45 35 4 26 2 29 34 41 16 22 3 23 14 25 13 11 12 15 40 9 
1 8 38 31 44 18 7 28 6 37 19 27 17 43 30 50 51 49 56 53 55 54 52 58 57 36 46 33 20 47 21 32 39 48 5 42 24 10 45 35 4 26 2 29 34 41 16 22 3 23 14 25 13 11 12 15 40 9 
1 8 38 31 44 18 7 28 6 37 19 27 17 43 30 50 51 49 53 56 55 54 52 58 57 36 46 33 20 47 21 32 39 48 5 42 24 10 45 35 4 26 2 29 34 41 16 22 3 23 14 25 13 11 12 15 40 9 
1 8 38 31 44 18 7 28 6 37 19 27 17 43 30 50 51 49 53 56 54 52 55 58 57 36 46 33 20 47 21 32 39 48 5 42 24 10 45 35 4 26 2 29 34 41 16 22 3 23 14 25 13 11 12 15 40 9 
1 8 38 31 44 18 7 28 6 37 19 27 17 43 30 50 51 49 55 52 54 56 53 58 57 36 46 33 20 47 21 32 39 48 5 42 24 10 45 35 4 26 2 29 34 41 16 22 3 23 14 25 13 11 12 15 40 9 
1 8 38 31 44 18 7 28 6 37 19 27 17 43 30 50 51 49 55 53 56 54 52 58 57 36 46 33 20 47 21 32 39 48 5 42 24 10 45 35 4 26 2 29 34 41 16 22 3 23 14 25 13 11 12 15 40 9 
1 8 38 31 44 18 7 28 6 37 19 27 17 43 30 50 51 49 55 53 56 52 54 58 57 36 46 33 20 47 21 32 39 48 5 42 24 10 45 35 4 26 2 29 34 41 16 22 3 23 14 25 13 11 12 15 40 9 
1 8 38 31 44 18 7 28 6 37 19 27 17 43 30 50 56 53 55 52 54 49 51 58 57 36 46 33 20 47 21 32 39 48 5 42 24 10 45 35 4 26 2 29 34 41 16 22 3 23 14 25 13 11 12 15 40 9 
1 8 38 31 44 18 7 28 6 37 19 27 17 43 30 50 51 49 54 52 55 56 53 58 57 36 46 33 20 47 21 32 39 48 5 42 24 10 45 35 4 26 2 29 34 41 16 22 3 23 14 25 13 11 12 15 40 9 
1 8 38 31 44 18 7 28 6 37 19 27 17 43 30 50 55 52 54 56 53 49 51 58 57 36 46 33 20 47 21 32 39 48 5 42 24 10 45 35 4 26 2 29 34 41 16 22 3 23 14 25 13 11 12 15 40 9 
1 8 38 31 44 18 7 28 6 37 19 27 17 43 30 50 51 49 56 53 55 52 54 58 57 36 46 33 20 47 21 32 39 48 5 42 24 10 45 35 4 26 2 29 34 41 16 22 3 23 14 25 13 11 12 15 40 9 
1 8 38 31 44 18 7 28 6 37 19 27 17 43 30 50 51 49 53 56 55 52 54 58 57 36 46 33 20 47 21 32 39 48 5 42 24 10 45 35 4 26 2 29 34 41 16 22 3 23 14 25 13 11 12 15 40 9 
1 8 38 31 44 18 7 28 6 37 19 27 17 43 30 50 51 49 56 53 52 55 54 58 57 36 46 33 20 47 21 32 39 48 5 42 24 10 45 35 4 26 2 29 34 41 16 22 3 23 14 25 13 11 12 15 40 9 
1 8 38 31 44 18 7 28 6 37 19 27 17 43 30 50 51 49 58 55 54 52 56 53 57 36 46 33 20 47 21 32 39 48 5 42 24 10 45 35 4 26 2 29 34 41 16 22 3 23 14 25 13 11 12 15 40 9 
1 8 38 31 44 18 7 28 6 37 19 27 17 43 30 50 51 58 49 55 54 52 56 53 57 36 46 33 20 47 21 32 39 48 5 42 24 10 45 35 4 26 2 29 34 41 16 22 3 23 14 25 13 11 12 15 40 9 
1 8 38 31 44 18 7 28 6 37 19 27 17 43 30 50 51 49 52 55 54 53 56 58 57 36 46 33 20 47 21 32 39 48 5 42 24 10 45 35 4 26 2 29 34 41 16 22 3 23 14 25 13 11 12 15 40 9 
1 8 38 31 44 18 7 28 6 37 19 27 17 43 30 50 51 58 54 55 52 49 56 53 57 36 46 33 20 47 21 32 39 48 5 42 24 10 45 35 4 26 2 29 34 41 16 22 3 23 14 25 13 11 12 15 40 9 
1 8 38 31 44 18 7 28 6 37 19 27 17 43 30 50 51 49 52 58 54 55 56 53 57 36 46 33 20 47 21 32 39 48 5 42 24 10 45 35 4 26 2 29 34 41 16 22 3 23 14 25 13 11 12 15 40 9 
1 8 38 31 44 18 7 28 6 37 19 27 17 43 30 50 56 53 54 52 58 51 49 55 57 36 46 33 20 47 21 32 39 48 5 42 24 10 45 35 4 26 2 29 34 41 16 22 3 23 14 25 13 11 12 15 40 9 
1 8 38 31 44 18 7 28 6 37 19 27 17 43 30 50 56 53 54 55 58 51 49 52 57 36 46 33 20 47 21 32 39 48 5 42 24 10 45 35 4 26 2 29 34 41 16 22 3 23 14 25 13 11 12 15 40 9 
1 8 38 31 44 18 7 28 6 37 19 27 17 43 30 50 51 58 52 55 49 56 53 54 57 36 46 33 20 47 21 32 39 48 5 42 24 10 45 35 4 26 2 29 34 41 16 22 3 23 14 25 13 11 12 15 40 9 
1 8 38 31 44 18 7 28 6 37 19 27 17 43 30 50 51 49 56 53 54 52 58 55 57 36 46 33 20 47 21 32 39 48 5 42 24 10 45 35 4 26 2 29 34 41 16 22 3 23 14 25 13 11 12 15 40 9 
1 8 38 31 44 18 7 28 6 37 19 27 17 43 30 50 51 49 58 52 55 56 53 54 57 36 46 33 20 47 21 32 39 48 5 42 24 10 45 35 4 26 2 29 34 41 16 22 3 23 14 25 13 11 12 15 40 9 
1 8 38 31 44 18 7 28 6 37 19 27 17 43 30 50 51 58 49 56 53 54 52 55 57 36 46 33 20 47 21 32 39 48 5 42 24 10 45 35 4 26 2 29 34 41 16 22 3 23 14 25 13 11 12 15 40 9 
1 8 38 31 44 18 7 28 6 37 19 27 17 43 30 50 51 58 52 54 53 56 49 55 57 36 46 33 20 47 21 32 39 48 5 42 24 10 45 35 4 26 2 29 34 41 16 22 3 23 14 25 13 11 12 15 40 9 
1 8 38 31 44 18 7 28 6 37 19 27 17 43 30 50 56 53 52 54 55 49 51 58 57 36 46 33 20 47 21 32 39 48 5 42 24 10 45 35 4 26 2 29 34 41 16 22 3 23 14 25 13 11 12 15 40 9 
1 8 38 31 44 18 7 28 6 37 19 27 17 43 30 50 51 49 58 52 54 53 56 55 57 36 46 33 20 47 21 32 39 48 5 42 24 10 45 35 4 26 2 29 34 41 16 22 3 23 14 25 13 11 12 15 40 9 
1 8 38 31 44 18 7 28 6 37 19 27 17 43 30 50 51 58 52 55 49 54 56 53 57 36 46 33 20 47 21 32 39 48 5 42 24 10 45 35 4 26 2 29 34 41 16 22 3 23 14 25 13 11 12 15 40 9 
1 8 38 31 44 18 7 28 6 37 19 27 17 43 30 50 51 58 55 54 53 56 49 52 57 36 46 33 20 47 21 32 39 48 5 42 24 10 45 35 4 26 2 29 34 41 16 22 3 23 14 25 13 11 12 15 40 9 
1 8 38 31 44 18 7 28 6 37 19 27 17 43 30 50 51 49 54 58 55 52 56 53 57 36 46 33 20 47 21 32 39 48 5 42 24 10 45 35 4 26 2 29 34 41 16 22 3 23 14 25 13 11 12 15 40 9 
1 8 38 31 44 18 7 28 6 37 19 27 17 43 30 50 51 49 55 52 53 56 54 58 57 36 46 33 20 47 21 32 39 48 5 42 24 10 45 35 4 26 2 29 34 41 16 22 3 23 14 25 13 11 12 15 40 9 
1 8 38 31 44 18 7 28 6 37 19 27 17 43 30 50 51 58 54 49 55 52 56 53 57 36 46 33 20 47 21 32 39 48 5 42 24 10 45 35 4 26 2 29 34 41 16 22 3 23 14 25 13 11 12 15 40 9 
1 8 38 31 44 18 7 28 6 37 19 27 17 43 30 50 51 49 56 53 52 54 55 58 57 36 46 33 20 47 21 32 39 48 5 42 24 10 45 35 4 26 2 29 34 41 16 22 3 23 14 25 13 11 12 15 40 9 
1 8 38 31 44 18 7 28 6 37 19 27 17 43 30 50 51 49 52 55 58 54 56 53 57 36 46 33 20 47 21 32 39 48 5 42 24 10 45 35 4 26 2 29 34 41 16 22 3 23 14 25 13 11 12 15 40 9 
1 8 38 31 44 18 7 28 6 37 19 27 17 43 30 50 51 58 55 54 52 49 56 53 57 36 46 33 20 47 21 32 39 48 5 42 24 10 45 35 4 26 2 29 34 41 16 22 3 23 14 25 13 11 12 15 40 9 
1 8 38 31 44 18 7 28 6 37 19 27 17 43 30 50 51 58 49 52 54 55 56 53 57 36 46 33 20 47 21 32 39 48 5 42 24 10 45 35 4 26 2 29 34 41 16 22 3 23 14 25 13 11 12 15 40 9 
1 8 38 31 44 18 7 28 6 37 19 27 17 43 30 50 51 58 55 49 54 53 56 52 57 36 46 33 20 47 21 32 39 48 5 42 24 10 45 35 4 26 2 29 34 41 16 22 3 23 14 25 13 11 12 15 40 9 
1 8 38 31 44 18 7 28 6 37 19 27 17 43 30 50 56 53 54 55 49 51 58 52 57 36 46 33 20 47 21 32 39 48 5 42 24 10 45 35 4 26 2 29 34 41 16 22 3 23 14 25 13 11 12 15 40 9 
1 8 38 31 44 18 7 28 6 37 19 27 17 43 30 50 51 58 55 49 54 52 56 53 57 36 46 33 20 47 21 32 39 48 5 42 24 10 45 35 4 26 2 29 34 41 16 22 3 23 14 25 13 11 12 15 40 9 
1 8 38 31 44 18 7 28 6 37 19 27 17 43 30 50 51 49 56 53 54 55 58 52 57 36 46 33 20 47 21 32 39 48 5 42 24 10 45 35 4 26 2 29 34 41 16 22 3 23 14 25 13 11 12 15 40 9 
1 8 38 31 44 18 7 28 6 37 19 27 17 43 30 50 51 58 49 56 53 54 55 52 57 36 46 33 20 47 21 32 39 48 5 42 24 10 45 35 4 26 2 29 34 41 16 22 3 23 14 25 13 11 12 15 40 9 
1 8 38 31 44 18 7 28 6 37 19 27 17 43 30 50 51 58 55 49 52 54 56 53 57 36 46 33 20 47 21 32 39 48 5 42 24 10 45 35 4 26 2 29 34 41 16 22 3 23 14 25 13 11 12 15 40 9 
1 8 38 31 44 18 7 28 6 37 19 27 17 43 30 50 51 58 54 49 52 55 56 53 57 36 46 33 20 47 21 32 39 48 5 42 24 10 45 35 4 26 2 29 34 41 16 22 3 23 14 25 13 11 12 15 40 9 
1 8 38 31 44 18 7 28 6 37 19 27 17 43 30 50 51 49 55 52 58 54 56 53 57 36 46 33 20 47 21 32 39 48 5 42 24 10 45 35 4 26 2 29 34 41 16 22 3 23 14 25 13 11 12 15 40 9 
1 8 38 31 44 18 7 28 6 37 19 27 17 43 30 50 51 58 52 54 55 49 56 53 57 36 46 33 20 47 21 32 39 48 5 42 24 10 45 35 4 26 2 29 34 41 16 22 3 23 14 25 13 11 12 15 40 9 
1 8 38 31 44 18 7 28 6 37 19 27 17 43 30 50 51 49 58 52 54 55 56 53 57 36 46 33 20 47 21 32 39 48 5 42 24 10 45 35 4 26 2 29 34 41 16 22 3 23 14 25 13 11 12 15 40 9 
1 8 38 31 44 18 7 28 6 37 19 27 17 43 30 50 51 58 55 56 53 54 49 52 57 36 46 33 20 47 21 32 39 48 5 42 24 10 45 35 4 26 2 29 34 41 16 22 3 23 14 25 13 11 12 15 40 9 
1 8 38 31 44 18 7 28 6 37 19 27 17 43 30 50 51 49 54 52 53 56 55 58 57 36 46 33 20 47 21 32 39 48 5 42 24 10 45 35 4 26 2 29 34 41 16 22 3 23 14 25 13 11 12 15 40 9 
1 8 38 31 44 18 7 28 6 37 19 27 17 43 30 50 51 49 55 58 54 53 56 52 57 36 46 33 20 47 21 32 39 48 5 42 24 10 45 35 4 26 2 29 34 41 16 22 3 23 14 25 13 11 12 15 40 9 
1 8 38 31 44 18 7 28 6 37 19 27 17 43 30 50 51 49 55 58 52 54 56 53 57 36 46 33 20 47 21 32 39 48 5 42 24 10 45 35 4 26 2 29 34 41 16 22 3 23 14 25 13 11 12 15 40 9 
1 8 38 31 44 18 7 28 6 37 19 27 17 43 30 50 51 49 58 55 52 54 56 53 57 36 46 33 20 47 21 32 39 48 5 42 24 10 45 35 4 26 2 29 34 41 16 22 3 23 14 25 13 11 12 15 40 9 
1 8 38 31 44 18 7 28 6 37 19 27 17 43 30 50 51 58 49 55 52 54 56 53 57 36 46 33 20 47 21 32 39 48 5 42 24 10 45 35 4 26 2 29 34 41 16 22 3 23 14 25 13 11 12 15 40 9 
1 8 38 31 44 18 7 28 6 37 19 27 17 43 30 50 51 49 54 58 52 55 56 53 57 36 46 33 20 47 21 32 39 48 5 42 24 10 45 35 4 26 2 29 34 41 16 22 3 23 14 25 13 11 12 15 40 9 
1 8 38 31 44 18 7 28 6 37 19 27 17 43 30 50 51 49 55 58 54 52 56 53 57 36 46 33 20 47 21 32 39 48 5 42 24 10 45 35 4 26 2 29 34 41 16 22 3 23 14 25 13 11 12 15 40 9 
1 8 38 31 44 18 7 28 6 37 19 27 17 43 30 50 56 53 54 49 51 58 55 52 57 36 46 33 20 47 21 32 39 48 5 42 24 10 45 35 4 26 2 29 34 41 16 22 3 23 14 25 13 11 12 15 40 9 
1 8 38 31 44 18 7 28 6 37 19 27 17 43 30 50 51 49 54 53 56 55 58 52 57 36 46 33 20 47 21 32 39 48 5 42 24 10 45 35 4 26 2 29 34 41 16 22 3 23 14 25 13 11 12 15 40 9 
1 8 38 31 44 18 7 28 6 37 19 27 17 43 30 50 51 58 49 54 53 56 55 52 57 36 46 33 20 47 21 32 39 48 5 42 24 10 45 35 4 26 2 29 34 41 16 22 3 23 14 25 13 11 12 15 40 9 
1 8 38 31 44 18 7 28 6 37 19 27 17 43 30 50 51 58 54 53 56 55 49 52 57 36 46 33 20 47 21 32 39 48 5 42 24 10 45 35 4 26 2 29 34 41 16 22 3 23 14 25 13 11 12 15 40 9 
1 8 38 31 44 18 7 28 6 37 19 27 17 43 30 50 51 58 55 52 54 49 56 53 57 36 46 33 20 47 21 32 39 48 5 42 24 10 45 35 4 26 2 29 34 41 16 22 3 23 14 25 13 11 12 15 40 9 
1 8 38 31 44 18 7 28 6 37 19 27 17 43 30 50 51 49 54 52 58 55 56 53 57 36 46 33 20 47 21 32 39 48 5 42 24 10 45 35 4 26 2 29 34 41 16 22 3 23 14 25 13 11 12 15 40 9 
1 8 38 31 44 18 7 28 6 37 19 27 17 43 30 50 51 58 49 54 52 55 56 53 57 36 46 33 20 47 21 32 39 48 5 42 24 10 45 35 4 26 2 29 34 41 16 22 3 23 14 25 13 11 12 15 40 9 
1 8 38 31 44 18 7 28 6 37 19 27 17 43 30 50 51 58 52 54 49 55 56 53 57 36 46 33 20 47 21 32 39 48 5 42 24 10 45 35 4 26 2 29 34 41 16 22 3 23 14 25 13 11 12 15 40 9 
1 8 38 31 44 18 7 28 6 37 19 27 17 43 30 50 51 49 55 56 53 52 54 58 57 36 46 33 20 47 21 32 39 48 5 42 24 10 45 35 4 26 2 29 34 41 16 22 3 23 14 25 13 11 12 15 40 9 
1 8 38 31 44 18 7 28 6 37 19 27 17 43 30 50 51 49 52 54 58 55 56 53 57 36 46 33 20 47 21 32 39 48 5 42 24 10 45 35 4 26 2 29 34 41 16 22 3 23 14 25 13 11 12 15 40 9 
1 8 38 31 44 18 7 28 6 37 19 27 17 43 30 50 51 49 52 56 53 54 55 58 57 36 46 33 20 47 21 32 39 48 5 42 24 10 45 35 4 26 2 29 34 41 16 22 3 23 14 25 13 11 12 15 40 9 
1 8 38 31 44 18 7 28 6 37 19 27 17 43 30 50 51 58 54 52 49 55 56 53 57 36 46 33 20 47 21 32 39 48 5 42 24 10 45 35 4 26 2 29 34 41 16 22 3 23 14 25 13 11 12 15 40 9 
1 8 38 31 44 18 7 28 6 37 19 27 17 43 30 50 56 53 54 58 51 49 55 52 57 36 46 33 20 47 21 32 39 48 5 42 24 10 45 35 4 26 2 29 34 41 16 22 3 23 14 25 13 11 12 15 40 9 
1 8 38 31 44 18 7 28 6 37 19 27 17 43 30 50 51 49 56 53 54 58 55 52 57 36 46 33 20 47 21 32 39 48 5 42 24 10 45 35 4 26 2 29 34 41 16 22 3 23 14 25 13 11 12 15 40 9 
1 8 38 31 44 18 7 28 6 37 19 27 17 43 30 50 51 58 54 53 56 49 55 52 57 36 46 33 20 47 21 32 39 48 5 42 24 10 45 35 4 26 2 29 34 41 16 22 3 23 14 25 13 11 12 15 40 9 
1 8 38 31 44 18 7 28 6 37 19 27 17 43 30 50 51 49 55 56 53 54 58 52 57 36 46 33 20 47 21 32 39 48 5 42 24 10 45 35 4 26 2 29 34 41 16 22 3 23 14 25 13 11 12 15 40 9 
1 8 38 31 44 18 7 28 6 37 19 27 17 43 30 50 51 49 58 54 53 56 55 52 57 36 46 33 20 47 21 32 39 48 5 42 24 10 45 35 4 26 2 29 34 41 16 22 3 23 14 25 13 11 12 15 40 9 
1 8 38 31 44 18 7 28 6 37 19 27 17 43 30 50 51 49 55 52 54 53 56 58 57 36 46 33 20 47 21 32 39 48 5 42 24 10 45 35 4 26 2 29 34 41 16 22 3 23 14 25 13 11 12 15 40 9 
1 8 38 31 44 18 7 28 6 37 19 27 17 43 30 50 51 58 54 52 55 49 56 53 57 36 46 33 20 47 21 32 39 48 5 42 24 10 45 35 4 26 2 29 34 41 16 22 3 23 14 25 13 11 12 15 40 9 
1 8 38 31 44 18 7 28 6 37 19 27 17 43 30 50 51 49 55 54 53 56 52 58 57 36 46 33 20 47 21 32 39 48 5 42 24 10 45 35 4 26 2 29 34 41 16 22 3 23 14 25 13 11 12 15 40 9 
1 8 38 31 44 18 7 28 6 37 19 27 17 43 30 50 51 49 58 54 52 55 56 53 57 36 46 33 20 47 21 32 39 48 5 42 24 10 45 35 4 26 2 29 34 41 16 22 3 23 14 25 13 11 12 15 40 9 
1 8 38 31 44 18 7 28 6 37 19 27 17 43 30 50 51 58 55 49 56 53 54 52 57 36 46 33 20 47 21 32 39 48 5 42 24 10 45 35 4 26 2 29 34 41 16 22 3 23 14 25 13 11 12 15 40 9 
1 8 38 31 44 18 7 28 6 37 19 27 17 43 30 50 51 49 58 55 56 53 54 52 57 36 46 33 20 47 21 32 39 48 5 42 24 10 45 35 4 26 2 29 34 41 16 22 3 23 14 25 13 11 12 15 40 9 
1 8 38 31 44 18 7 28 6 37 19 27 17 43 30 50 51 58 49 55 56 53 54 52 57 36 46 33 20 47 21 32 39 48 5 42 24 10 45 35 4 26 2 29 34 41 16 22 3 23 14 25 13 11 12 15 40 9 
1 8 38 31 44 18 7 28 6 37 19 27 17 43 30 50 56 53 54 55 52 49 51 58 57 36 46 33 20 47 21 32 39 48 5 42 24 10 45 35 4 26 2 29 34 41 16 22 3 23 14 25 13 11 12 15 40 9 
1 8 38 31 44 18 7 28 6 37 19 27 17 43 30 50 51 49 54 53 56 52 55 58 57 36 46 33 20 47 21 32 39 48 5 42 24 10 45 35 4 26 2 29 34 41 16 22 3 23 14 25 13 11 12 15 40 9 
1 8 38 31 44 18 7 28 6 37 19 27 17 43 30 50 51 49 56 53 54 55 52 58 57 36 46 33 20 47 21 32 39 48 5 42 24 10 45 35 4 26 2 29 34 41 16 22 3 23 14 25 13 11 12 15 40 9 
1 8 38 31 44 18 7 28 6 37 19 27 17 43 30 50 51 49 55 52 56 53 54 58 57 36 46 33 20 47 21 32 39 48 5 42 24 10 45 35 4 26 2 29 34 41 16 22 3 23 14 25 13 11 12 15 40 9 
1 8 38 31 44 18 7 28 6 37 19 27 17 43 30 50 51 49 54 53 56 55 52 58 57 36 46 33 20 47 21 32 39 48 5 42 24 10 45 35 4 26 2 29 34 41 16 22 3 23 14 25 13 11 12 15 40 9 
1 8 38 31 44 18 7 28 6 37 19 27 17 43 30 50 51 49 52 55 56 53 54 58 57 36 46 33 20 47 21 32 39 48 5 42 24 10 45 35 4 26 2 29 34 41 16 22 3 23 14 25 13 11 12 15 40 9 
1 8 38 31 44 18 7 28 6 37 19 27 17 43 30 50 51 49 52 54 53 56 55 58 57 36 46 33 20 47 21 32 39 48 5 42 24 10 45 35 4 26 2 29 34 41 16 22 3 23 14 25 13 11 12 15 40 9 
1 8 38 31 44 18 7 28 6 37 19 27 17 43 30 50 56 53 54 52 55 49 51 58 57 36 46 33 20 47 21 32 39 48 5 42 24 10 45 35 4 26 2 29 34 41 16 22 3 23 14 25 13 11 12 15 40 9 
1 8 38 31 44 18 7 28 6 37 19 27 17 43 30 50 51 49 56 53 54 52 55 58 57 36 46 33 20 47 21 32 39 48 5 42 24 10 45 35 4 26 2 29 34 41 16 22 3 23 14 25 13 11 12 15 40 9 
1 8 38 31 44 18 7 28 6 37 19 27 17 43 30 50 51 49 55 56 53 54 52 58 57 36 46 33 20 47 21 32 39 48 5 42 24 10 45 35 4 26 2 29 34 41 16 22 3 23 14 25 13 11 12 15 40 9 
1 8 38 31 44 18 7 28 6 37 19 27 17 43 30 50 55 56 53 54 52 49 51 58 57 36 46 33 20 47 21 32 39 48 5 42 24 10 45 35 4 26 2 29 34 41 16 22 3 23 14 25 13 11 12 15 40 9 
1 8 38 31 44 18 7 28 6 37 19 27 17 43 30 50 55 52 54 53 56 49 51 58 57 36 46 33 20 47 21 32 39 48 5 42 24 10 45 35 4 26 2 29 34 41 16 22 3 23 14 25 13 11 12 15 40 9 
0
14168 16559 
14168 16559 
14198 15695 
14204 15689 
14282 15611 
14318 15575 
14384 15509 
14384 15509 
14390 15503 
14420 15473 
14480 15413 
14486 15407 
14486 15407 
14492 15401 
14498 15395 
14564 15329 
14564 15329 
14570 15323 
14576 15317 
14582 15311 
14582 15311 
14588 15305 
14612 15281 
14630 15161 
14672 15119 
14798 15095 
14816 14975 
14822 14969 
14840 14951 
14840 14951 
14840 14951 
14846 14945 
14852 14939 
14858 14933 
14864 14927 
14912 14879 
14918 14873 
14918 14873 
14924 14867 
14930 14861 
14936 14855 
14954 14837 
14960 14831 
14978 14813 
14978 14813 
14984 14807 
14984 14807 
15002 14789 
15014 14777 
15020 14771 
15032 14759 
15032 14759 
15050 14741 
15056 14735 
15056 14735 
15080 14711 
15086 14705 
15098 14693 
15098 14693 
15116 14675 
15122 14669 
15122 14669 
15134 14657 
15134 14657 
15140 14651 
15146 14645 
15152 14639 
15158 14633 
15164 14627 
15164 14627 
15164 14627 
15164 14627 
15170 14621 
15170 14621 
15170 14621 
15194 14597 
15200 14591 
15212 14579 
15218 14573 
15224 14567 
15230 14561 
15260 14531 
15260 14531 
15260 14531 
15272 14519 
15272 14519 
15296 14495 
15302 14489 
15308 14483 
15308 14483 
15314 14477 
15344 14447 
15344 14447 
15344 14447 
15350 14441 
15404 14387 
15410 14381 
15416 14375 
15446 14345 
15458 14333 
15458 14333 
15458 14333 
15464 14327 
15476 14315 
15482 14309 
15512 14279 
15518 14273 
15524 14267 
15524 14267 
15524 14267 
15524 14267 
15524 14267 
15524 14267 
15530 14261 
15530 14261 
15536 14255 
15542 14249 
15560 14231 
15560 14231 
15572 14219 
15584 14207 
15590 14201 
15602 14189 
15608 14183 
15626 14165 
15626 14165 
15626 14165 
15632 14159 
15632 14159 
15638 14153 
15638 14153 
15644 14147 
15644 14147 
15644 14147 
15644 14147 
15650 14141 
15650 14141 
15650 14141 
15656 14135 
15662 14129 
15662 14129 
15662 14129 
15668 14123 
15692 14099 
15692 14099 
15698 14093 
15698 14093 
15698 14093 
15698 14093 
15704 14087 
15704 14087 
15704 14087 
15704 14087 
15704 14087 
15704 14087 
15716 14075 
15722 14069 
15722 14069 
15734 14057 
15746 14045 
15752 14039 
15752 14039 
15758 14033 
15764 14027 
15764 14027 
15764 14027 
15764 14027 
15764 14027 
15764 14027 
15764 14027 
15764 14027 
15770 14021 
15770 14021 
15770 14021 
15770 14021 
15770 14021 
15776 14015 
15776 14015 
15776 14015 
15776 14015 
15782 14009 
15788 14003 
15788 14003 
15794 13997 
15800 13991 
15806 13985 
15806 13985 
15812 13979 
15818 13973 
15818 13973 
15824 13967 
15824 13967 
15824 13967 
15824 13967 
15830 13961 
15836 13955 
15836 13955 
15836 13955 
15836 13955 
15842 13949 
15842 13949 
15842 13949 
15842 13949 
15842 13949 
15842 13949 
15842 13949 
15842 13949 
15842 13949 
15848 13943 
15866 13925 
15866 13925 
15866 13925 
15866 13925 
15866 13925 
15872 13919 
15872 13919 
15872 13919 
15878 13913 
15878 13913 
15878 13913 
15884 13907 
15884 13907 
15884 13907 
15884 13907 
15884 13907 
15884 13907 
15884 13907 
15884 13907 
15890 13901 
15890 13901 
15890 13901 
15890 13901 
15890 13901 
15890 13901 
15902 13889 
15902 13889 
15902 13889 
15908 13883 
15932 13859 
15944 13847 
15944 13847 
15950 13841 
15950 13841 
15950 13841 
15950 13841 
15950 13841 
15950 13841 
15950 13841 
15950 13841 
15950 13841 
15956 13835 
15956 13835 
15956 13835 
15956 13835 
15956 13835 
15956 13835 
15956 13835 
15956 13835 
15962 13829 
15962 13829 
15962 13829 
15962 13829 
15962 13829 
15962 13829 
15980 13811 
15986 13805 
15986 13805 
15992 13799 
16004 13787 
16004 13787 
16010 13781 
16010 13781 
16010 13781 
16010 13781 
16010 13781 
16010 13781 
16010 13781 
16016 13775 
16016 13775 
16022 13769 
16028 13763 
16028 13763 
16028 13763 
16028 13763 
16028 13763 
16028 13763 
16028 13763 
16034 13757 
16034 13757 
16034 13757 
16034 13757 
16034 13757 
16058 13733 
16064 13727 
16064 13727 
16064 13727 
16064 13727 
16070 13721 
16076 13715 
16076 13715 
16082 13709 
16082 13709 
16082 13709 
16082 13709 
16088 13703 
16088 13703 
16094 13697 
16094 13697 
16100 13691 
16106 13685 
16124 13667 
16124 13667 
16124 13667 
16124 13667 
16130 13661 
16130 13661 
16130 13661 
16130 13661 
16136 13655 
16136 13655 
16142 13649 
16142 13649 
16142 13649 
16142 13649 
16148 13643 
16148 13643 
16148 13643 
16148 13643 
16148 13643 
16148 13643 
16166 13625 
16166 13625 
16172 13619 
16202 13589 
16202 13589 
16214 13577 
16214 13577 
16214 13577 
16214 13577 
16220 13571 
16220 13571 
16220 13571 
16226 13565 
16226 13565 
16268 13523 
16268 13523 
16268 13523 
16268 13523 
16268 13523 
16274 13517 
16274 13517 
16292 13499 
16298 13493 
16298 13493 
16304 13487 
16310 13481 
16316 13475 
16322 13469 
16328 13463 
16328 13463 
16376 13415 
16382 13409 
16388 13403 
16406 13385 
16412 13379 
16412 13379 
16436 13355 
16436 13355 
16478 13313 
16484 13307 
16496 13295 
16508 13283 
16538 13253 
16550 13241 
16568 13223 
16574 13217 
16616 13175 
16616 13175 
16616 13175 
16622 13169 
16652 13139 
16676 13115 
16748 13103 
16754 13037 
16760 13031 
16898 13025 
16898 13025 
16898 13025 
16910 13013 
16910 13013 
16916 13007 
16916 13007 
16922 13001 
16928 12995 
16934 12989 
16934 12989 
16934 12989 
16934 12989 
16934 12989 
16940 12983 
16940 12983 
16940 12983 
16946 12977 
16946 12977 
16946 12977 
16952 12971 
16958 12965 
16964 12959 
16970 12953 
16976 12947 
16988 12935 
17000 12923 
17006 12917 
17006 12917 
17012 12911 
17018 12905 
17024 12899 
17030 12893 
17036 12887 
17048 12875 
17060 12863 
17060 12863 
17078 12845 
17078 12845 
17078 12845 
17084 12839 
17084 12839 
17090 12833 
17114 12809 
17114 12809 
17132 12791 
17132 12791 
17138 12785 
17138 12785 
17138 12785 
17144 12779 
17156 12767 
17156 12767 
17156 12767 
17174 12749 
17192 12731 
17192 12731 
17198 12725 
17198 12725 
17216 12707 
17216 12707 
17222 12701 
17222 12701 
17246 12677 
17252 12671 
17252 12671 
17270 12653 
17324 12599 
17354 12569 
17408 12515 
17462 12461 
17480 12443 
17534 12389 
17576 12347 
17594 12329 
17600 12323 
17666 12317 
17726 12257 
