1 8 38 31 44 18 7 28 52 51 53 50 55 58 54 57 49 56 6 37 19 27 17 43 30 36 46 33 20 47 21 32 39 48 5 42 24 10 45 35 4 26 2 29 34 41 16 22 3 23 14 25 13 11 12 15 40 9 
1 8 38 31 44 18 7 28 52 49 57 54 58 55 50 53 51 56 6 37 19 27 17 43 30 36 46 33 20 47 21 32 39 48 5 42 24 10 45 35 4 26 2 29 34 41 16 22 3 23 14 25 13 11 12 15 40 9 
1 8 38 31 44 18 7 28 52 51 53 50 54 58 55 57 49 56 6 37 19 27 17 43 30 36 46 33 20 47 21 32 39 48 5 42 24 10 45 35 4 26 2 29 34 41 16 22 3 23 14 25 13 11 12 15 40 9 
1 8 38 31 44 18 7 28 52 49 57 55 58 54 50 53 51 56 6 37 19 27 17 43 30 36 46 33 20 47 21 32 39 48 5 42 24 10 45 35 4 26 2 29 34 41 16 22 3 23 14 25 13 11 12 15 40 9 
1 8 38 31 44 18 7 28 52 51 53 58 54 50 55 57 49 56 6 37 19 27 17 43 30 36 46 33 20 47 21 32 39 48 5 42 24 10 45 35 4 26 2 29 34 41 16 22 3 23 14 25 13 11 12 15 40 9 
1 8 38 31 44 18 7 28 52 49 57 55 50 54 58 51 53 56 6 37 19 27 17 43 30 36 46 33 20 47 21 32 39 48 5 42 24 10 45 35 4 26 2 29 34 41 16 22 3 23 14 25 13 11 12 15 40 9 
1 8 38 31 44 18 7 28 52 49 57 55 50 54 58 53 51 56 6 37 19 27 17 43 30 36 46 33 20 47 21 32 39 48 5 42 24 10 45 35 4 26 2 29 34 41 16 22 3 23 14 25 13 11 12 15 40 9 
1 8 38 31 44 18 7 28 52 51 53 50 58 54 55 57 49 56 6 37 19 27 17 43 30 36 46 33 20 47 21 32 39 48 5 42 24 10 45 35 4 26 2 29 34 41 16 22 3 23 14 25 13 11 12 15 40 9 
1 8 38 31 44 18 7 28 52 49 57 55 54 58 50 53 51 56 6 37 19 27 17 43 30 36 46 33 20 47 21 32 39 48 5 42 24 10 45 35 4 26 2 29 34 41 16 22 3 23 14 25 13 11 12 15 40 9 
1 8 38 31 44 18 7 28 52 51 53 49 57 55 50 54 58 56 6 37 19 27 17 43 30 36 46 33 20 47 21 32 39 48 5 42 24 10 45 35 4 26 2 29 34 41 16 22 3 23 14 25 13 11 12 15 40 9 
1 8 38 31 44 18 7 28 52 51 58 54 50 55 57 49 53 56 6 37 19 27 17 43 30 36 46 33 20 47 21 32 39 48 5 42 24 10 45 35 4 26 2 29 34 41 16 22 3 23 14 25 13 11 12 15 40 9 
1 8 38 31 44 18 7 28 52 58 54 50 55 57 49 53 51 56 6 37 19 27 17 43 30 36 46 33 20 47 21 32 39 48 5 42 24 10 45 35 4 26 2 29 34 41 16 22 3 23 14 25 13 11 12 15 40 9 
1 8 38 31 44 18 7 28 52 49 57 55 50 53 51 58 54 56 6 37 19 27 17 43 30 36 46 33 20 47 21 32 39 48 5 42 24 10 45 35 4 26 2 29 34 41 16 22 3 23 14 25 13 11 12 15 40 9 
1 8 38 31 44 18 7 28 52 51 53 58 55 50 54 57 49 56 6 37 19 27 17 43 30 36 46 33 20 47 21 32 39 48 5 42 24 10 45 35 4 26 2 29 34 41 16 22 3 23 14 25 13 11 12 15 40 9 
1 8 38 31 44 18 7 28 52 51 53 49 57 54 58 55 50 56 6 37 19 27 17 43 30 36 46 33 20 47 21 32 39 48 5 42 24 10 45 35 4 26 2 29 34 41 16 22 3 23 14 25 13 11 12 15 40 9 
1 8 38 31 44 18 7 28 52 49 57 54 50 55 58 51 53 56 6 37 19 27 17 43 30 36 46 33 20 47 21 32 39 48 5 42 24 10 45 35 4 26 2 29 34 41 16 22 3 23 14 25 13 11 12 15 40 9 
1 8 38 31 44 18 7 28 52 49 57 54 50 55 58 53 51 56 6 37 19 27 17 43 30 36 46 33 20 47 21 32 39 48 5 42 24 10 45 35 4 26 2 29 34 41 16 22 3 23 14 25 13 11 12 15 40 9 
1 8 38 31 44 18 7 28 52 49 57 54 58 50 55 51 53 56 6 37 19 27 17 43 30 36 46 33 20 47 21 32 39 48 5 42 24 10 45 35 4 26 2 29 34 41 16 22 3 23 14 25 13 11 12 15 40 9 
1 8 38 31 44 18 7 28 52 51 53 49 57 55 58 54 50 56 6 37 19 27 17 43 30 36 46 33 20 47 21 32 39 48 5 42 24 10 45 35 4 26 2 29 34 41 16 22 3 23 14 25 13 11 12 15 40 9 
1 8 38 31 44 18 7 28 52 51 55 50 53 58 54 57 49 56 6 37 19 27 17 43 30 36 46 33 20 47 21 32 39 48 5 42 24 10 45 35 4 26 2 29 34 41 16 22 3 23 14 25 13 11 12 15 40 9 
1 8 38 31 44 18 7 28 52 49 57 54 58 51 53 50 55 56 6 37 19 27 17 43 30 36 46 33 20 47 21 32 39 48 5 42 24 10 45 35 4 26 2 29 34 41 16 22 3 23 14 25 13 11 12 15 40 9 
1 8 38 31 44 18 7 28 52 49 57 54 58 51 55 50 53 56 6 37 19 27 17 43 30 36 46 33 20 47 21 32 39 48 5 42 24 10 45 35 4 26 2 29 34 41 16 22 3 23 14 25 13 11 12 15 40 9 
1 8 38 31 44 18 7 28 52 49 57 54 58 53 50 55 51 56 6 37 19 27 17 43 30 36 46 33 20 47 21 32 39 48 5 42 24 10 45 35 4 26 2 29 34 41 16 22 3 23 14 25 13 11 12 15 40 9 
1 8 38 31 44 18 7 28 52 58 54 50 53 51 55 57 49 56 6 37 19 27 17 43 30 36 46 33 20 47 21 32 39 48 5 42 24 10 45 35 4 26 2 29 34 41 16 22 3 23 14 25 13 11 12 15 40 9 
1 8 38 31 44 18 7 28 52 49 57 55 54 58 51 53 50 56 6 37 19 27 17 43 30 36 46 33 20 47 21 32 39 48 5 42 24 10 45 35 4 26 2 29 34 41 16 22 3 23 14 25 13 11 12 15 40 9 
1 8 38 31 44 18 7 28 52 51 53 58 54 55 50 57 49 56 6 37 19 27 17 43 30 36 46 33 20 47 21 32 39 48 5 42 24 10 45 35 4 26 2 29 34 41 16 22 3 23 14 25 13 11 12 15 40 9 
1 8 38 31 44 18 7 28 52 49 57 55 51 53 50 54 58 56 6 37 19 27 17 43 30 36 46 33 20 47 21 32 39 48 5 42 24 10 45 35 4 26 2 29 34 41 16 22 3 23 14 25 13 11 12 15 40 9 
1 8 38 31 44 18 7 28 52 49 57 55 51 58 54 50 53 56 6 37 19 27 17 43 30 36 46 33 20 47 21 32 39 48 5 42 24 10 45 35 4 26 2 29 34 41 16 22 3 23 14 25 13 11 12 15 40 9 
1 8 38 31 44 18 7 28 52 49 57 50 55 54 58 51 53 56 6 37 19 27 17 43 30 36 46 33 20 47 21 32 39 48 5 42 24 10 45 35 4 26 2 29 34 41 16 22 3 23 14 25 13 11 12 15 40 9 
1 8 38 31 44 18 7 28 52 49 57 50 55 54 58 53 51 56 6 37 19 27 17 43 30 36 46 33 20 47 21 32 39 48 5 42 24 10 45 35 4 26 2 29 34 41 16 22 3 23 14 25 13 11 12 15 40 9 
1 8 38 31 44 18 7 28 52 51 53 49 57 55 50 58 54 56 6 37 19 27 17 43 30 36 46 33 20 47 21 32 39 48 5 42 24 10 45 35 4 26 2 29 34 41 16 22 3 23 14 25 13 11 12 15 40 9 
1 8 38 31 44 18 7 28 52 49 57 54 58 55 51 53 50 56 6 37 19 27 17 43 30 36 46 33 20 47 21 32 39 48 5 42 24 10 45 35 4 26 2 29 34 41 16 22 3 23 14 25 13 11 12 15 40 9 
1 8 38 31 44 18 7 28 52 51 53 50 55 49 57 54 58 56 6 37 19 27 17 43 30 36 46 33 20 47 21 32 39 48 5 42 24 10 45 35 4 26 2 29 34 41 16 22 3 23 14 25 13 11 12 15 40 9 
1 8 38 31 44 18 7 28 52 51 58 54 57 49 55 50 53 56 6 37 19 27 17 43 30 36 46 33 20 47 21 32 39 48 5 42 24 10 45 35 4 26 2 29 34 41 16 22 3 23 14 25 13 11 12 15 40 9 
1 8 38 31 44 18 7 28 52 58 54 57 49 55 50 53 51 56 6 37 19 27 17 43 30 36 46 33 20 47 21 32 39 48 5 42 24 10 45 35 4 26 2 29 34 41 16 22 3 23 14 25 13 11 12 15 40 9 
1 8 38 31 44 18 7 28 52 51 53 50 58 55 54 57 49 56 6 37 19 27 17 43 30 36 46 33 20 47 21 32 39 48 5 42 24 10 45 35 4 26 2 29 34 41 16 22 3 23 14 25 13 11 12 15 40 9 
1 8 38 31 44 18 7 28 52 49 57 54 58 53 51 55 50 56 6 37 19 27 17 43 30 36 46 33 20 47 21 32 39 48 5 42 24 10 45 35 4 26 2 29 34 41 16 22 3 23 14 25 13 11 12 15 40 9 
1 8 38 31 44 18 7 28 52 49 57 54 55 58 50 53 51 56 6 37 19 27 17 43 30 36 46 33 20 47 21 32 39 48 5 42 24 10 45 35 4 26 2 29 34 41 16 22 3 23 14 25 13 11 12 15 40 9 
1 8 38 31 44 18 7 28 52 51 53 58 50 55 54 57 49 56 6 37 19 27 17 43 30 36 46 33 20 47 21 32 39 48 5 42 24 10 45 35 4 26 2 29 34 41 16 22 3 23 14 25 13 11 12 15 40 9 
1 8 38 31 44 18 7 28 52 49 57 50 54 58 55 51 53 56 6 37 19 27 17 43 30 36 46 33 20 47 21 32 39 48 5 42 24 10 45 35 4 26 2 29 34 41 16 22 3 23 14 25 13 11 12 15 40 9 
1 8 38 31 44 18 7 28 52 49 57 55 51 53 58 54 50 56 6 37 19 27 17 43 30 36 46 33 20 47 21 32 39 48 5 42 24 10 45 35 4 26 2 29 34 41 16 22 3 23 14 25 13 11 12 15 40 9 
1 8 38 31 44 18 7 28 52 51 53 49 57 54 50 55 58 56 6 37 19 27 17 43 30 36 46 33 20 47 21 32 39 48 5 42 24 10 45 35 4 26 2 29 34 41 16 22 3 23 14 25 13 11 12 15 40 9 
1 8 38 31 44 18 7 28 52 51 58 55 50 54 57 49 53 56 6 37 19 27 17 43 30 36 46 33 20 47 21 32 39 48 5 42 24 10 45 35 4 26 2 29 34 41 16 22 3 23 14 25 13 11 12 15 40 9 
1 8 38 31 44 18 7 28 52 58 55 50 54 57 49 53 51 56 6 37 19 27 17 43 30 36 46 33 20 47 21 32 39 48 5 42 24 10 45 35 4 26 2 29 34 41 16 22 3 23 14 25 13 11 12 15 40 9 
1 8 38 31 44 18 7 28 52 49 57 54 55 50 58 51 53 56 6 37 19 27 17 43 30 36 46 33 20 47 21 32 39 48 5 42 24 10 45 35 4 26 2 29 34 41 16 22 3 23 14 25 13 11 12 15 40 9 
1 8 38 31 44 18 7 28 52 49 57 54 55 50 58 53 51 56 6 37 19 27 17 43 30 36 46 33 20 47 21 32 39 48 5 42 24 10 45 35 4 26 2 29 34 41 16 22 3 23 14 25 13 11 12 15 40 9 
1 8 38 31 44 18 7 28 52 51 53 49 57 54 58 50 55 56 6 37 19 27 17 43 30 36 46 33 20 47 21 32 39 48 5 42 24 10 45 35 4 26 2 29 34 41 16 22 3 23 14 25 13 11 12 15 40 9 
1 8 38 31 44 18 7 28 52 51 55 50 58 54 57 49 53 56 6 37 19 27 17 43 30 36 46 33 20 47 21 32 39 48 5 42 24 10 45 35 4 26 2 29 34 41 16 22 3 23 14 25 13 11 12 15 40 9 
1 8 38 31 44 18 7 28 52 51 53 58 50 54 55 57 49 56 6 37 19 27 17 43 30 36 46 33 20 47 21 32 39 48 5 42 24 10 45 35 4 26 2 29 34 41 16 22 3 23 14 25 13 11 12 15 40 9 
1 8 38 31 44 18 7 28 52 51 53 49 57 55 54 58 50 56 6 37 19 27 17 43 30 36 46 33 20 47 21 32 39 48 5 42 24 10 45 35 4 26 2 29 34 41 16 22 3 23 14 25 13 11 12 15 40 9 
1 8 38 31 44 18 7 28 52 51 58 53 50 55 54 57 49 56 6 37 19 27 17 43 30 36 46 33 20 47 21 32 39 48 5 42 24 10 45 35 4 26 2 29 34 41 16 22 3 23 14 25 13 11 12 15 40 9 
1 8 38 31 44 18 7 28 52 58 51 53 50 55 54 57 49 56 6 37 19 27 17 43 30 36 46 33 20 47 21 32 39 48 5 42 24 10 45 35 4 26 2 29 34 41 16 22 3 23 14 25 13 11 12 15 40 9 
1 8 38 31 44 18 7 28 52 49 57 55 54 50 58 51 53 56 6 37 19 27 17 43 30 36 46 33 20 47 21 32 39 48 5 42 24 10 45 35 4 26 2 29 34 41 16 22 3 23 14 25 13 11 12 15 40 9 
1 8 38 31 44 18 7 28 52 49 57 55 54 50 58 53 51 56 6 37 19 27 17 43 30 36 46 33 20 47 21 32 39 48 5 42 24 10 45 35 4 26 2 29 34 41 16 22 3 23 14 25 13 11 12 15 40 9 
1 8 38 31 44 18 7 28 52 49 57 55 58 51 53 50 54 56 6 37 19 27 17 43 30 36 46 33 20 47 21 32 39 48 5 42 24 10 45 35 4 26 2 29 34 41 16 22 3 23 14 25 13 11 12 15 40 9 
1 8 38 31 44 18 7 28 52 51 53 58 54 57 49 55 50 56 6 37 19 27 17 43 30 36 46 33 20 47 21 32 39 48 5 42 24 10 45 35 4 26 2 29 34 41 16 22 3 23 14 25 13 11 12 15 40 9 
1 8 38 31 44 18 7 28 52 49 57 54 55 50 53 51 58 56 6 37 19 27 17 43 30 36 46 33 20 47 21 32 39 48 5 42 24 10 45 35 4 26 2 29 34 41 16 22 3 23 14 25 13 11 12 15 40 9 
1 8 38 31 44 18 7 28 52 49 57 54 55 50 53 58 51 56 6 37 19 27 17 43 30 36 46 33 20 47 21 32 39 48 5 42 24 10 45 35 4 26 2 29 34 41 16 22 3 23 14 25 13 11 12 15 40 9 
1 8 38 31 44 18 7 28 52 49 57 55 50 58 54 51 53 56 6 37 19 27 17 43 30 36 46 33 20 47 21 32 39 48 5 42 24 10 45 35 4 26 2 29 34 41 16 22 3 23 14 25 13 11 12 15 40 9 
1 8 38 31 44 18 7 28 52 49 57 55 51 53 50 58 54 56 6 37 19 27 17 43 30 36 46 33 20 47 21 32 39 48 5 42 24 10 45 35 4 26 2 29 34 41 16 22 3 23 14 25 13 11 12 15 40 9 
1 8 38 31 44 18 7 28 52 51 53 49 57 50 55 58 54 56 6 37 19 27 17 43 30 36 46 33 20 47 21 32 39 48 5 42 24 10 45 35 4 26 2 29 34 41 16 22 3 23 14 25 13 11 12 15 40 9 
1 8 38 31 44 18 7 28 52 51 55 50 53 49 57 54 58 56 6 37 19 27 17 43 30 36 46 33 20 47 21 32 39 48 5 42 24 10 45 35 4 26 2 29 34 41 16 22 3 23 14 25 13 11 12 15 40 9 
1 8 38 31 44 18 7 28 52 51 58 54 57 49 53 50 55 56 6 37 19 27 17 43 30 36 46 33 20 47 21 32 39 48 5 42 24 10 45 35 4 26 2 29 34 41 16 22 3 23 14 25 13 11 12 15 40 9 
1 8 38 31 44 18 7 28 52 58 54 57 49 53 50 55 51 56 6 37 19 27 17 43 30 36 46 33 20 47 21 32 39 48 5 42 24 10 45 35 4 26 2 29 34 41 16 22 3 23 14 25 13 11 12 15 40 9 
1 8 38 31 44 18 7 28 52 51 58 53 50 54 55 57 49 56 6 37 19 27 17 43 30 36 46 33 20 47 21 32 39 48 5 42 24 10 45 35 4 26 2 29 34 41 16 22 3 23 14 25 13 11 12 15 40 9 
1 8 38 31 44 18 7 28 52 58 51 53 50 54 55 57 49 56 6 37 19 27 17 43 30 36 46 33 20 47 21 32 39 48 5 42 24 10 45 35 4 26 2 29 34 41 16 22 3 23 14 25 13 11 12 15 40 9 
1 8 38 31 44 18 7 28 52 51 53 50 49 57 55 58 54 56 6 37 19 27 17 43 30 36 46 33 20 47 21 32 39 48 5 42 24 10 45 35 4 26 2 29 34 41 16 22 3 23 14 25 13 11 12 15 40 9 
1 8 38 31 44 18 7 28 52 51 54 58 53 50 55 57 49 56 6 37 19 27 17 43 30 36 46 33 20 47 21 32 39 48 5 42 24 10 45 35 4 26 2 29 34 41 16 22 3 23 14 25 13 11 12 15 40 9 
1 8 38 31 44 18 7 28 52 51 58 54 55 57 49 53 50 56 6 37 19 27 17 43 30 36 46 33 20 47 21 32 39 48 5 42 24 10 45 35 4 26 2 29 34 41 16 22 3 23 14 25 13 11 12 15 40 9 
1 8 38 31 44 18 7 28 52 58 54 51 53 50 55 57 49 56 6 37 19 27 17 43 30 36 46 33 20 47 21 32 39 48 5 42 24 10 45 35 4 26 2 29 34 41 16 22 3 23 14 25 13 11 12 15 40 9 
1 8 38 31 44 18 7 28 52 49 57 54 50 58 55 51 53 56 6 37 19 27 17 43 30 36 46 33 20 47 21 32 39 48 5 42 24 10 45 35 4 26 2 29 34 41 16 22 3 23 14 25 13 11 12 15 40 9 
1 8 38 31 44 18 7 28 52 49 57 55 54 50 53 51 58 56 6 37 19 27 17 43 30 36 46 33 20 47 21 32 39 48 5 42 24 10 45 35 4 26 2 29 34 41 16 22 3 23 14 25 13 11 12 15 40 9 
1 8 38 31 44 18 7 28 52 49 57 55 54 50 53 58 51 56 6 37 19 27 17 43 30 36 46 33 20 47 21 32 39 48 5 42 24 10 45 35 4 26 2 29 34 41 16 22 3 23 14 25 13 11 12 15 40 9 
1 8 38 31 44 18 7 28 52 51 58 54 57 55 50 53 49 56 6 37 19 27 17 43 30 36 46 33 20 47 21 32 39 48 5 42 24 10 45 35 4 26 2 29 34 41 16 22 3 23 14 25 13 11 12 15 40 9 
1 8 38 31 44 18 7 28 52 51 53 50 55 57 49 54 58 56 6 37 19 27 17 43 30 36 46 33 20 47 21 32 39 48 5 42 24 10 45 35 4 26 2 29 34 41 16 22 3 23 14 25 13 11 12 15 40 9 
1 8 38 31 44 18 7 28 52 51 55 57 49 53 50 54 58 56 6 37 19 27 17 43 30 36 46 33 20 47 21 32 39 48 5 42 24 10 45 35 4 26 2 29 34 41 16 22 3 23 14 25 13 11 12 15 40 9 
1 8 38 31 44 18 7 28 52 51 58 54 49 57 55 50 53 56 6 37 19 27 17 43 30 36 46 33 20 47 21 32 39 48 5 42 24 10 45 35 4 26 2 29 34 41 16 22 3 23 14 25 13 11 12 15 40 9 
1 8 38 31 44 18 7 28 52 51 58 54 50 53 49 57 55 56 6 37 19 27 17 43 30 36 46 33 20 47 21 32 39 48 5 42 24 10 45 35 4 26 2 29 34 41 16 22 3 23 14 25 13 11 12 15 40 9 
1 8 38 31 44 18 7 28 52 58 54 49 57 55 50 53 51 56 6 37 19 27 17 43 30 36 46 33 20 47 21 32 39 48 5 42 24 10 45 35 4 26 2 29 34 41 16 22 3 23 14 25 13 11 12 15 40 9 
1 8 38 31 44 18 7 28 52 58 54 50 53 49 57 55 51 56 6 37 19 27 17 43 30 36 46 33 20 47 21 32 39 48 5 42 24 10 45 35 4 26 2 29 34 41 16 22 3 23 14 25 13 11 12 15 40 9 
1 8 38 31 44 18 7 28 52 49 57 55 50 53 51 54 58 56 6 37 19 27 17 43 30 36 46 33 20 47 21 32 39 48 5 42 24 10 45 35 4 26 2 29 34 41 16 22 3 23 14 25 13 11 12 15 40 9 
1 8 38 31 44 18 7 28 52 49 57 55 50 53 58 54 51 56 6 37 19 27 17 43 30 36 46 33 20 47 21 32 39 48 5 42 24 10 45 35 4 26 2 29 34 41 16 22 3 23 14 25 13 11 12 15 40 9 
1 8 38 31 44 18 7 28 52 49 53 50 55 57 54 58 51 56 6 37 19 27 17 43 30 36 46 33 20 47 21 32 39 48 5 42 24 10 45 35 4 26 2 29 34 41 16 22 3 23 14 25 13 11 12 15 40 9 
1 8 38 31 44 18 7 28 52 51 53 49 57 50 55 54 58 56 6 37 19 27 17 43 30 36 46 33 20 47 21 32 39 48 5 42 24 10 45 35 4 26 2 29 34 41 16 22 3 23 14 25 13 11 12 15 40 9 
1 8 38 31 44 18 7 28 52 51 58 54 55 50 57 49 53 56 6 37 19 27 17 43 30 36 46 33 20 47 21 32 39 48 5 42 24 10 45 35 4 26 2 29 34 41 16 22 3 23 14 25 13 11 12 15 40 9 
1 8 38 31 44 18 7 28 52 58 54 55 50 57 49 53 51 56 6 37 19 27 17 43 30 36 46 33 20 47 21 32 39 48 5 42 24 10 45 35 4 26 2 29 34 41 16 22 3 23 14 25 13 11 12 15 40 9 
1 8 38 31 44 18 7 28 52 51 55 58 53 50 54 57 49 56 6 37 19 27 17 43 30 36 46 33 20 47 21 32 39 48 5 42 24 10 45 35 4 26 2 29 34 41 16 22 3 23 14 25 13 11 12 15 40 9 
1 8 38 31 44 18 7 28 52 58 55 51 53 50 54 57 49 56 6 37 19 27 17 43 30 36 46 33 20 47 21 32 39 48 5 42 24 10 45 35 4 26 2 29 34 41 16 22 3 23 14 25 13 11 12 15 40 9 
1 8 38 31 44 18 7 28 52 49 57 54 55 58 51 53 50 56 6 37 19 27 17 43 30 36 46 33 20 47 21 32 39 48 5 42 24 10 45 35 4 26 2 29 34 41 16 22 3 23 14 25 13 11 12 15 40 9 
1 8 38 31 44 18 7 28 52 51 53 50 49 57 55 54 58 56 6 37 19 27 17 43 30 36 46 33 20 47 21 32 39 48 5 42 24 10 45 35 4 26 2 29 34 41 16 22 3 23 14 25 13 11 12 15 40 9 
1 8 38 31 44 18 7 28 52 51 58 54 55 57 49 50 53 56 6 37 19 27 17 43 30 36 46 33 20 47 21 32 39 48 5 42 24 10 45 35 4 26 2 29 34 41 16 22 3 23 14 25 13 11 12 15 40 9 
1 8 38 31 44 18 7 28 52 58 54 55 57 49 50 53 51 56 6 37 19 27 17 43 30 36 46 33 20 47 21 32 39 48 5 42 24 10 45 35 4 26 2 29 34 41 16 22 3 23 14 25 13 11 12 15 40 9 
1 8 38 31 44 18 7 28 52 51 55 58 54 57 49 53 50 56 6 37 19 27 17 43 30 36 46 33 20 47 21 32 39 48 5 42 24 10 45 35 4 26 2 29 34 41 16 22 3 23 14 25 13 11 12 15 40 9 
1 8 38 31 44 18 7 28 52 51 53 50 54 58 55 49 57 56 6 37 19 27 17 43 30 36 46 33 20 47 21 32 39 48 5 42 24 10 45 35 4 26 2 29 34 41 16 22 3 23 14 25 13 11 12 15 40 9 
1 8 38 31 44 18 7 28 52 51 53 58 54 50 55 49 57 56 6 37 19 27 17 43 30 36 46 33 20 47 21 32 39 48 5 42 24 10 45 35 4 26 2 29 34 41 16 22 3 23 14 25 13 11 12 15 40 9 
1 8 38 31 44 18 7 28 52 51 58 54 55 50 53 49 57 56 6 37 19 27 17 43 30 36 46 33 20 47 21 32 39 48 5 42 24 10 45 35 4 26 2 29 34 41 16 22 3 23 14 25 13 11 12 15 40 9 
1 8 38 31 44 18 7 28 52 51 58 54 55 50 53 57 49 56 6 37 19 27 17 43 30 36 46 33 20 47 21 32 39 48 5 42 24 10 45 35 4 26 2 29 34 41 16 22 3 23 14 25 13 11 12 15 40 9 
1 8 38 31 44 18 7 28 52 49 57 53 50 55 54 58 51 56 6 37 19 27 17 43 30 36 46 33 20 47 21 32 39 48 5 42 24 10 45 35 4 26 2 29 34 41 16 22 3 23 14 25 13 11 12 15 40 9 
1 8 38 31 44 18 7 28 52 51 53 50 55 58 54 49 57 56 6 37 19 27 17 43 30 36 46 33 20 47 21 32 39 48 5 42 24 10 45 35 4 26 2 29 34 41 16 22 3 23 14 25 13 11 12 15 40 9 
1 8 38 31 44 18 7 28 52 51 55 58 54 50 53 49 57 56 6 37 19 27 17 43 30 36 46 33 20 47 21 32 39 48 5 42 24 10 45 35 4 26 2 29 34 41 16 22 3 23 14 25 13 11 12 15 40 9 
1 8 38 31 44 18 7 28 52 51 55 58 54 50 53 57 49 56 6 37 19 27 17 43 30 36 46 33 20 47 21 32 39 48 5 42 24 10 45 35 4 26 2 29 34 41 16 22 3 23 14 25 13 11 12 15 40 9 
1 8 38 31 44 18 7 28 52 49 57 53 50 54 58 55 51 56 6 37 19 27 17 43 30 36 46 33 20 47 21 32 39 48 5 42 24 10 45 35 4 26 2 29 34 41 16 22 3 23 14 25 13 11 12 15 40 9 
1 8 38 31 44 18 7 28 52 51 55 50 54 58 53 49 57 56 6 37 19 27 17 43 30 36 46 33 20 47 21 32 39 48 5 42 24 10 45 35 4 26 2 29 34 41 16 22 3 23 14 25 13 11 12 15 40 9 
1 8 38 31 44 18 7 28 52 51 55 50 54 58 53 57 49 56 6 37 19 27 17 43 30 36 46 33 20 47 21 32 39 48 5 42 24 10 45 35 4 26 2 29 34 41 16 22 3 23 14 25 13 11 12 15 40 9 
1 8 38 31 44 18 7 28 52 58 54 50 55 51 53 49 57 56 6 37 19 27 17 43 30 36 46 33 20 47 21 32 39 48 5 42 24 10 45 35 4 26 2 29 34 41 16 22 3 23 14 25 13 11 12 15 40 9 
1 8 38 31 44 18 7 28 52 58 54 50 55 51 53 57 49 56 6 37 19 27 17 43 30 36 46 33 20 47 21 32 39 48 5 42 24 10 45 35 4 26 2 29 34 41 16 22 3 23 14 25 13 11 12 15 40 9 
1 8 38 31 44 18 7 28 52 49 57 53 51 58 54 55 50 56 6 37 19 27 17 43 30 36 46 33 20 47 21 32 39 48 5 42 24 10 45 35 4 26 2 29 34 41 16 22 3 23 14 25 13 11 12 15 40 9 
1 8 38 31 44 18 7 28 52 49 57 53 51 55 50 54 58 56 6 37 19 27 17 43 30 36 46 33 20 47 21 32 39 48 5 42 24 10 45 35 4 26 2 29 34 41 16 22 3 23 14 25 13 11 12 15 40 9 
1 8 38 31 44 18 7 28 52 49 57 53 51 58 54 50 55 56 6 37 19 27 17 43 30 36 46 33 20 47 21 32 39 48 5 42 24 10 45 35 4 26 2 29 34 41 16 22 3 23 14 25 13 11 12 15 40 9 
1 8 38 31 44 18 7 28 52 49 57 53 58 54 50 55 51 56 6 37 19 27 17 43 30 36 46 33 20 47 21 32 39 48 5 42 24 10 45 35 4 26 2 29 34 41 16 22 3 23 14 25 13 11 12 15 40 9 
1 8 38 31 44 18 7 28 52 51 53 58 54 55 50 49 57 56 6 37 19 27 17 43 30 36 46 33 20 47 21 32 39 48 5 42 24 10 45 35 4 26 2 29 34 41 16 22 3 23 14 25 13 11 12 15 40 9 
1 8 38 31 44 18 7 28 52 49 53 51 58 54 50 55 57 56 6 37 19 27 17 43 30 36 46 33 20 47 21 32 39 48 5 42 24 10 45 35 4 26 2 29 34 41 16 22 3 23 14 25 13 11 12 15 40 9 
1 8 38 31 44 18 7 28 52 51 53 50 58 54 55 49 57 56 6 37 19 27 17 43 30 36 46 33 20 47 21 32 39 48 5 42 24 10 45 35 4 26 2 29 34 41 16 22 3 23 14 25 13 11 12 15 40 9 
1 8 38 31 44 18 7 28 52 49 57 53 51 55 58 54 50 56 6 37 19 27 17 43 30 36 46 33 20 47 21 32 39 48 5 42 24 10 45 35 4 26 2 29 34 41 16 22 3 23 14 25 13 11 12 15 40 9 
1 8 38 31 44 18 7 28 52 51 53 57 49 55 50 54 58 56 6 37 19 27 17 43 30 36 46 33 20 47 21 32 39 48 5 42 24 10 45 35 4 26 2 29 34 41 16 22 3 23 14 25 13 11 12 15 40 9 
1 8 38 31 44 18 7 28 52 51 58 54 50 55 49 57 53 56 6 37 19 27 17 43 30 36 46 33 20 47 21 32 39 48 5 42 24 10 45 35 4 26 2 29 34 41 16 22 3 23 14 25 13 11 12 15 40 9 
1 8 38 31 44 18 7 28 52 58 54 50 55 49 57 53 51 56 6 37 19 27 17 43 30 36 46 33 20 47 21 32 39 48 5 42 24 10 45 35 4 26 2 29 34 41 16 22 3 23 14 25 13 11 12 15 40 9 
1 8 38 31 44 18 7 28 52 51 58 55 54 50 53 49 57 56 6 37 19 27 17 43 30 36 46 33 20 47 21 32 39 48 5 42 24 10 45 35 4 26 2 29 34 41 16 22 3 23 14 25 13 11 12 15 40 9 
1 8 38 31 44 18 7 28 52 51 58 55 54 50 53 57 49 56 6 37 19 27 17 43 30 36 46 33 20 47 21 32 39 48 5 42 24 10 45 35 4 26 2 29 34 41 16 22 3 23 14 25 13 11 12 15 40 9 
1 8 38 31 44 18 7 28 52 49 57 53 51 58 55 50 54 56 6 37 19 27 17 43 30 36 46 33 20 47 21 32 39 48 5 42 24 10 45 35 4 26 2 29 34 41 16 22 3 23 14 25 13 11 12 15 40 9 
1 8 38 31 44 18 7 28 52 51 53 57 49 55 58 54 50 56 6 37 19 27 17 43 30 36 46 33 20 47 21 32 39 48 5 42 24 10 45 35 4 26 2 29 34 41 16 22 3 23 14 25 13 11 12 15 40 9 
1 8 38 31 44 18 7 28 52 51 54 58 55 50 53 49 57 56 6 37 19 27 17 43 30 36 46 33 20 47 21 32 39 48 5 42 24 10 45 35 4 26 2 29 34 41 16 22 3 23 14 25 13 11 12 15 40 9 
1 8 38 31 44 18 7 28 52 51 54 58 55 50 53 57 49 56 6 37 19 27 17 43 30 36 46 33 20 47 21 32 39 48 5 42 24 10 45 35 4 26 2 29 34 41 16 22 3 23 14 25 13 11 12 15 40 9 
1 8 38 31 44 18 7 28 52 51 55 54 58 50 53 49 57 56 6 37 19 27 17 43 30 36 46 33 20 47 21 32 39 48 5 42 24 10 45 35 4 26 2 29 34 41 16 22 3 23 14 25 13 11 12 15 40 9 
1 8 38 31 44 18 7 28 52 51 55 54 58 50 53 57 49 56 6 37 19 27 17 43 30 36 46 33 20 47 21 32 39 48 5 42 24 10 45 35 4 26 2 29 34 41 16 22 3 23 14 25 13 11 12 15 40 9 
1 8 38 31 44 18 7 28 52 49 57 53 50 54 55 58 51 56 6 37 19 27 17 43 30 36 46 33 20 47 21 32 39 48 5 42 24 10 45 35 4 26 2 29 34 41 16 22 3 23 14 25 13 11 12 15 40 9 
1 8 38 31 44 18 7 28 52 49 57 53 51 55 50 58 54 56 6 37 19 27 17 43 30 36 46 33 20 47 21 32 39 48 5 42 24 10 45 35 4 26 2 29 34 41 16 22 3 23 14 25 13 11 12 15 40 9 
1 8 38 31 44 18 7 28 52 49 57 53 50 55 58 54 51 56 6 37 19 27 17 43 30 36 46 33 20 47 21 32 39 48 5 42 24 10 45 35 4 26 2 29 34 41 16 22 3 23 14 25 13 11 12 15 40 9 
1 8 38 31 44 18 7 28 52 49 57 53 50 58 54 55 51 56 6 37 19 27 17 43 30 36 46 33 20 47 21 32 39 48 5 42 24 10 45 35 4 26 2 29 34 41 16 22 3 23 14 25 13 11 12 15 40 9 
1 8 38 31 44 18 7 28 52 51 53 57 49 50 55 58 54 56 6 37 19 27 17 43 30 36 46 33 20 47 21 32 39 48 5 42 24 10 45 35 4 26 2 29 34 41 16 22 3 23 14 25 13 11 12 15 40 9 
1 8 38 31 44 18 7 28 52 58 54 50 53 51 55 49 57 56 6 37 19 27 17 43 30 36 46 33 20 47 21 32 39 48 5 42 24 10 45 35 4 26 2 29 34 41 16 22 3 23 14 25 13 11 12 15 40 9 
1 8 38 31 44 18 7 28 52 49 55 50 53 51 58 54 57 56 6 37 19 27 17 43 30 36 46 33 20 47 21 32 39 48 5 42 24 10 45 35 4 26 2 29 34 41 16 22 3 23 14 25 13 11 12 15 40 9 
1 8 38 31 44 18 7 28 52 49 57 53 50 55 51 58 54 56 6 37 19 27 17 43 30 36 46 33 20 47 21 32 39 48 5 42 24 10 45 35 4 26 2 29 34 41 16 22 3 23 14 25 13 11 12 15 40 9 
1 8 38 31 44 18 7 28 52 51 53 57 49 50 55 54 58 56 6 37 19 27 17 43 30 36 46 33 20 47 21 32 39 48 5 42 24 10 45 35 4 26 2 29 34 41 16 22 3 23 14 25 13 11 12 15 40 9 
1 8 38 31 44 18 7 28 52 51 58 54 50 55 57 53 49 56 6 37 19 27 17 43 30 36 46 33 20 47 21 32 39 48 5 42 24 10 45 35 4 26 2 29 34 41 16 22 3 23 14 25 13 11 12 15 40 9 
1 8 38 31 44 18 7 28 52 51 58 54 55 50 49 57 53 56 6 37 19 27 17 43 30 36 46 33 20 47 21 32 39 48 5 42 24 10 45 35 4 26 2 29 34 41 16 22 3 23 14 25 13 11 12 15 40 9 
1 8 38 31 44 18 7 28 52 58 54 55 50 49 57 53 51 56 6 37 19 27 17 43 30 36 46 33 20 47 21 32 39 48 5 42 24 10 45 35 4 26 2 29 34 41 16 22 3 23 14 25 13 11 12 15 40 9 
1 8 38 31 44 18 7 28 52 51 53 57 49 55 50 58 54 56 6 37 19 27 17 43 30 36 46 33 20 47 21 32 39 48 5 42 24 10 45 35 4 26 2 29 34 41 16 22 3 23 14 25 13 11 12 15 40 9 
1 8 38 31 44 18 7 28 52 49 53 57 55 50 54 58 51 56 6 37 19 27 17 43 30 36 46 33 20 47 21 32 39 48 5 42 24 10 45 35 4 26 2 29 34 41 16 22 3 23 14 25 13 11 12 15 40 9 
1 8 38 31 44 18 7 28 52 51 53 58 55 50 54 49 57 56 6 37 19 27 17 43 30 36 46 33 20 47 21 32 39 48 5 42 24 10 45 35 4 26 2 29 34 41 16 22 3 23 14 25 13 11 12 15 40 9 
1 8 38 31 44 18 7 28 52 49 57 53 51 58 55 54 50 56 6 37 19 27 17 43 30 36 46 33 20 47 21 32 39 48 5 42 24 10 45 35 4 26 2 29 34 41 16 22 3 23 14 25 13 11 12 15 40 9 
1 8 38 31 44 18 7 28 52 49 53 51 58 55 50 54 57 56 6 37 19 27 17 43 30 36 46 33 20 47 21 32 39 48 5 42 24 10 45 35 4 26 2 29 34 41 16 22 3 23 14 25 13 11 12 15 40 9 
1 8 38 31 44 18 7 28 52 51 53 57 49 54 58 55 50 56 6 37 19 27 17 43 30 36 46 33 20 47 21 32 39 48 5 42 24 10 45 35 4 26 2 29 34 41 16 22 3 23 14 25 13 11 12 15 40 9 
1 8 38 31 44 18 7 28 52 49 57 53 51 54 58 55 50 56 6 37 19 27 17 43 30 36 46 33 20 47 21 32 39 48 5 42 24 10 45 35 4 26 2 29 34 41 16 22 3 23 14 25 13 11 12 15 40 9 
1 8 38 31 44 18 7 28 52 49 57 53 51 55 54 58 50 56 6 37 19 27 17 43 30 36 46 33 20 47 21 32 39 48 5 42 24 10 45 35 4 26 2 29 34 41 16 22 3 23 14 25 13 11 12 15 40 9 
1 8 38 31 44 18 7 28 52 49 53 51 55 50 58 54 57 56 6 37 19 27 17 43 30 36 46 33 20 47 21 32 39 48 5 42 24 10 45 35 4 26 2 29 34 41 16 22 3 23 14 25 13 11 12 15 40 9 
1 8 38 31 44 18 7 28 52 51 53 58 55 54 50 49 57 56 6 37 19 27 17 43 30 36 46 33 20 47 21 32 39 48 5 42 24 10 45 35 4 26 2 29 34 41 16 22 3 23 14 25 13 11 12 15 40 9 
1 8 38 31 44 18 7 28 52 51 53 49 50 55 58 54 57 56 6 37 19 27 17 43 30 36 46 33 20 47 21 32 39 48 5 42 24 10 45 35 4 26 2 29 34 41 16 22 3 23 14 25 13 11 12 15 40 9 
1 8 38 31 44 18 7 28 52 51 53 57 54 58 55 50 49 56 6 37 19 27 17 43 30 36 46 33 20 47 21 32 39 48 5 42 24 10 45 35 4 26 2 29 34 41 16 22 3 23 14 25 13 11 12 15 40 9 
1 8 38 31 44 18 7 28 52 51 53 57 49 50 54 58 55 56 6 37 19 27 17 43 30 36 46 33 20 47 21 32 39 48 5 42 24 10 45 35 4 26 2 29 34 41 16 22 3 23 14 25 13 11 12 15 40 9 
1 8 38 31 44 18 7 28 52 51 55 58 54 50 49 57 53 56 6 37 19 27 17 43 30 36 46 33 20 47 21 32 39 48 5 42 24 10 45 35 4 26 2 29 34 41 16 22 3 23 14 25 13 11 12 15 40 9 
1 8 38 31 44 18 7 28 52 51 55 50 53 58 54 49 57 56 6 37 19 27 17 43 30 36 46 33 20 47 21 32 39 48 5 42 24 10 45 35 4 26 2 29 34 41 16 22 3 23 14 25 13 11 12 15 40 9 
1 8 38 31 44 18 7 28 52 49 50 55 58 54 57 53 51 56 6 37 19 27 17 43 30 36 46 33 20 47 21 32 39 48 5 42 24 10 45 35 4 26 2 29 34 41 16 22 3 23 14 25 13 11 12 15 40 9 
1 8 38 31 44 18 7 28 52 49 53 50 55 51 58 54 57 56 6 37 19 27 17 43 30 36 46 33 20 47 21 32 39 48 5 42 24 10 45 35 4 26 2 29 34 41 16 22 3 23 14 25 13 11 12 15 40 9 
1 8 38 31 44 18 7 28 52 49 57 53 50 54 58 51 55 56 6 37 19 27 17 43 30 36 46 33 20 47 21 32 39 48 5 42 24 10 45 35 4 26 2 29 34 41 16 22 3 23 14 25 13 11 12 15 40 9 
1 8 38 31 44 18 7 28 52 51 53 49 50 54 58 55 57 56 6 37 19 27 17 43 30 36 46 33 20 47 21 32 39 48 5 42 24 10 45 35 4 26 2 29 34 41 16 22 3 23 14 25 13 11 12 15 40 9 
1 8 38 31 44 18 7 28 52 51 53 57 55 58 54 50 49 56 6 37 19 27 17 43 30 36 46 33 20 47 21 32 39 48 5 42 24 10 45 35 4 26 2 29 34 41 16 22 3 23 14 25 13 11 12 15 40 9 
1 8 38 31 44 18 7 28 52 51 53 58 50 54 55 49 57 56 6 37 19 27 17 43 30 36 46 33 20 47 21 32 39 48 5 42 24 10 45 35 4 26 2 29 34 41 16 22 3 23 14 25 13 11 12 15 40 9 
1 8 38 31 44 18 7 28 52 51 55 54 58 53 50 49 57 56 6 37 19 27 17 43 30 36 46 33 20 47 21 32 39 48 5 42 24 10 45 35 4 26 2 29 34 41 16 22 3 23 14 25 13 11 12 15 40 9 
1 8 38 31 44 18 7 28 52 51 58 54 50 55 53 49 57 56 6 37 19 27 17 43 30 36 46 33 20 47 21 32 39 48 5 42 24 10 45 35 4 26 2 29 34 41 16 22 3 23 14 25 13 11 12 15 40 9 
1 8 38 31 44 18 7 28 52 51 58 54 50 55 53 57 49 56 6 37 19 27 17 43 30 36 46 33 20 47 21 32 39 48 5 42 24 10 45 35 4 26 2 29 34 41 16 22 3 23 14 25 13 11 12 15 40 9 
1 8 38 31 44 18 7 28 52 58 54 55 51 53 50 49 57 56 6 37 19 27 17 43 30 36 46 33 20 47 21 32 39 48 5 42 24 10 45 35 4 26 2 29 34 41 16 22 3 23 14 25 13 11 12 15 40 9 
1 8 38 31 44 18 7 28 52 49 57 53 51 58 50 55 54 56 6 37 19 27 17 43 30 36 46 33 20 47 21 32 39 48 5 42 24 10 45 35 4 26 2 29 34 41 16 22 3 23 14 25 13 11 12 15 40 9 
1 8 38 31 44 18 7 28 52 51 53 57 49 55 54 58 50 56 6 37 19 27 17 43 30 36 46 33 20 47 21 32 39 48 5 42 24 10 45 35 4 26 2 29 34 41 16 22 3 23 14 25 13 11 12 15 40 9 
1 8 38 31 44 18 7 28 52 49 50 54 58 55 57 53 51 56 6 37 19 27 17 43 30 36 46 33 20 47 21 32 39 48 5 42 24 10 45 35 4 26 2 29 34 41 16 22 3 23 14 25 13 11 12 15 40 9 
1 8 38 31 44 18 7 28 52 51 53 49 55 50 58 54 57 56 6 37 19 27 17 43 30 36 46 33 20 47 21 32 39 48 5 42 24 10 45 35 4 26 2 29 34 41 16 22 3 23 14 25 13 11 12 15 40 9 
1 8 38 31 44 18 7 28 52 51 53 57 54 58 50 55 49 56 6 37 19 27 17 43 30 36 46 33 20 47 21 32 39 48 5 42 24 10 45 35 4 26 2 29 34 41 16 22 3 23 14 25 13 11 12 15 40 9 
1 8 38 31 44 18 7 28 52 49 53 50 54 58 51 55 57 56 6 37 19 27 17 43 30 36 46 33 20 47 21 32 39 48 5 42 24 10 45 35 4 26 2 29 34 41 16 22 3 23 14 25 13 11 12 15 40 9 
1 8 38 31 44 18 7 28 52 49 54 58 51 53 50 55 57 56 6 37 19 27 17 43 30 36 46 33 20 47 21 32 39 48 5 42 24 10 45 35 4 26 2 29 34 41 16 22 3 23 14 25 13 11 12 15 40 9 
1 8 38 31 44 18 7 28 52 49 57 53 55 50 54 58 51 56 6 37 19 27 17 43 30 36 46 33 20 47 21 32 39 48 5 42 24 10 45 35 4 26 2 29 34 41 16 22 3 23 14 25 13 11 12 15 40 9 
1 8 38 31 44 18 7 28 52 49 53 51 58 54 55 50 57 56 6 37 19 27 17 43 30 36 46 33 20 47 21 32 39 48 5 42 24 10 45 35 4 26 2 29 34 41 16 22 3 23 14 25 13 11 12 15 40 9 
1 8 38 31 44 18 7 28 52 49 55 50 58 54 57 53 51 56 6 37 19 27 17 43 30 36 46 33 20 47 21 32 39 48 5 42 24 10 45 35 4 26 2 29 34 41 16 22 3 23 14 25 13 11 12 15 40 9 
1 8 38 31 44 18 7 28 52 51 58 53 50 54 55 49 57 56 6 37 19 27 17 43 30 36 46 33 20 47 21 32 39 48 5 42 24 10 45 35 4 26 2 29 34 41 16 22 3 23 14 25 13 11 12 15 40 9 
1 8 38 31 44 18 7 28 52 58 51 53 50 54 55 49 57 56 6 37 19 27 17 43 30 36 46 33 20 47 21 32 39 48 5 42 24 10 45 35 4 26 2 29 34 41 16 22 3 23 14 25 13 11 12 15 40 9 
1 8 38 31 44 18 7 28 52 49 50 53 51 58 54 55 57 56 6 37 19 27 17 43 30 36 46 33 20 47 21 32 39 48 5 42 24 10 45 35 4 26 2 29 34 41 16 22 3 23 14 25 13 11 12 15 40 9 
1 8 38 31 44 18 7 28 52 51 54 58 53 50 55 49 57 56 6 37 19 27 17 43 30 36 46 33 20 47 21 32 39 48 5 42 24 10 45 35 4 26 2 29 34 41 16 22 3 23 14 25 13 11 12 15 40 9 
1 8 38 31 44 18 7 28 52 51 58 54 55 49 57 53 50 56 6 37 19 27 17 43 30 36 46 33 20 47 21 32 39 48 5 42 24 10 45 35 4 26 2 29 34 41 16 22 3 23 14 25 13 11 12 15 40 9 
1 8 38 31 44 18 7 28 52 58 54 51 53 50 55 49 57 56 6 37 19 27 17 43 30 36 46 33 20 47 21 32 39 48 5 42 24 10 45 35 4 26 2 29 34 41 16 22 3 23 14 25 13 11 12 15 40 9 
1 8 38 31 44 18 7 28 52 51 58 54 57 53 50 55 49 56 6 37 19 27 17 43 30 36 46 33 20 47 21 32 39 48 5 42 24 10 45 35 4 26 2 29 34 41 16 22 3 23 14 25 13 11 12 15 40 9 
1 8 38 31 44 18 7 28 52 51 55 49 57 53 50 54 58 56 6 37 19 27 17 43 30 36 46 33 20 47 21 32 39 48 5 42 24 10 45 35 4 26 2 29 34 41 16 22 3 23 14 25 13 11 12 15 40 9 
1 8 38 31 44 18 7 28 52 51 58 54 50 53 57 49 55 56 6 37 19 27 17 43 30 36 46 33 20 47 21 32 39 48 5 42 24 10 45 35 4 26 2 29 34 41 16 22 3 23 14 25 13 11 12 15 40 9 
1 8 38 31 44 18 7 28 52 58 54 50 53 57 49 55 51 56 6 37 19 27 17 43 30 36 46 33 20 47 21 32 39 48 5 42 24 10 45 35 4 26 2 29 34 41 16 22 3 23 14 25 13 11 12 15 40 9 
1 8 38 31 44 18 7 28 52 49 55 50 53 57 54 58 51 56 6 37 19 27 17 43 30 36 46 33 20 47 21 32 39 48 5 42 24 10 45 35 4 26 2 29 34 41 16 22 3 23 14 25 13 11 12 15 40 9 
1 8 38 31 44 18 7 28 52 51 53 50 58 55 54 49 57 56 6 37 19 27 17 43 30 36 46 33 20 47 21 32 39 48 5 42 24 10 45 35 4 26 2 29 34 41 16 22 3 23 14 25 13 11 12 15 40 9 
1 8 38 31 44 18 7 28 52 49 57 53 51 55 58 50 54 56 6 37 19 27 17 43 30 36 46 33 20 47 21 32 39 48 5 42 24 10 45 35 4 26 2 29 34 41 16 22 3 23 14 25 13 11 12 15 40 9 
1 8 38 31 44 18 7 28 52 49 50 53 51 55 58 54 57 56 6 37 19 27 17 43 30 36 46 33 20 47 21 32 39 48 5 42 24 10 45 35 4 26 2 29 34 41 16 22 3 23 14 25 13 11 12 15 40 9 
1 8 38 31 44 18 7 28 52 51 58 54 50 53 49 55 57 56 6 37 19 27 17 43 30 36 46 33 20 47 21 32 39 48 5 42 24 10 45 35 4 26 2 29 34 41 16 22 3 23 14 25 13 11 12 15 40 9 
1 8 38 31 44 18 7 28 52 51 58 54 50 53 57 55 49 56 6 37 19 27 17 43 30 36 46 33 20 47 21 32 39 48 5 42 24 10 45 35 4 26 2 29 34 41 16 22 3 23 14 25 13 11 12 15 40 9 
1 8 38 31 44 18 7 28 52 51 53 55 58 54 50 49 57 56 6 37 19 27 17 43 30 36 46 33 20 47 21 32 39 48 5 42 24 10 45 35 4 26 2 29 34 41 16 22 3 23 14 25 13 11 12 15 40 9 
1 8 38 31 44 18 7 28 52 49 53 51 55 58 54 50 57 56 6 37 19 27 17 43 30 36 46 33 20 47 21 32 39 48 5 42 24 10 45 35 4 26 2 29 34 41 16 22 3 23 14 25 13 11 12 15 40 9 
1 8 38 31 44 18 7 28 52 49 55 57 53 50 54 58 51 56 6 37 19 27 17 43 30 36 46 33 20 47 21 32 39 48 5 42 24 10 45 35 4 26 2 29 34 41 16 22 3 23 14 25 13 11 12 15 40 9 
1 8 38 31 44 18 7 28 52 51 53 58 50 55 54 49 57 56 6 37 19 27 17 43 30 36 46 33 20 47 21 32 39 48 5 42 24 10 45 35 4 26 2 29 34 41 16 22 3 23 14 25 13 11 12 15 40 9 
1 8 38 31 44 18 7 28 52 51 54 50 55 58 53 49 57 56 6 37 19 27 17 43 30 36 46 33 20 47 21 32 39 48 5 42 24 10 45 35 4 26 2 29 34 41 16 22 3 23 14 25 13 11 12 15 40 9 
1 8 38 31 44 18 7 28 52 51 54 50 55 58 53 57 49 56 6 37 19 27 17 43 30 36 46 33 20 47 21 32 39 48 5 42 24 10 45 35 4 26 2 29 34 41 16 22 3 23 14 25 13 11 12 15 40 9 
1 8 38 31 44 18 7 28 52 51 55 54 50 58 53 49 57 56 6 37 19 27 17 43 30 36 46 33 20 47 21 32 39 48 5 42 24 10 45 35 4 26 2 29 34 41 16 22 3 23 14 25 13 11 12 15 40 9 
1 8 38 31 44 18 7 28 52 51 55 54 50 58 53 57 49 56 6 37 19 27 17 43 30 36 46 33 20 47 21 32 39 48 5 42 24 10 45 35 4 26 2 29 34 41 16 22 3 23 14 25 13 11 12 15 40 9 
1 8 38 31 44 18 7 28 52 58 50 54 55 51 53 49 57 56 6 37 19 27 17 43 30 36 46 33 20 47 21 32 39 48 5 42 24 10 45 35 4 26 2 29 34 41 16 22 3 23 14 25 13 11 12 15 40 9 
1 8 38 31 44 18 7 28 52 58 50 54 55 51 53 57 49 56 6 37 19 27 17 43 30 36 46 33 20 47 21 32 39 48 5 42 24 10 45 35 4 26 2 29 34 41 16 22 3 23 14 25 13 11 12 15 40 9 
1 8 38 31 44 18 7 28 52 58 55 50 54 51 53 49 57 56 6 37 19 27 17 43 30 36 46 33 20 47 21 32 39 48 5 42 24 10 45 35 4 26 2 29 34 41 16 22 3 23 14 25 13 11 12 15 40 9 
1 8 38 31 44 18 7 28 52 58 55 50 54 51 53 57 49 56 6 37 19 27 17 43 30 36 46 33 20 47 21 32 39 48 5 42 24 10 45 35 4 26 2 29 34 41 16 22 3 23 14 25 13 11 12 15 40 9 
1 8 38 31 44 18 7 28 52 51 58 55 50 54 57 53 49 56 6 37 19 27 17 43 30 36 46 33 20 47 21 32 39 48 5 42 24 10 45 35 4 26 2 29 34 41 16 22 3 23 14 25 13 11 12 15 40 9 
1 8 38 31 44 18 7 28 52 49 50 55 51 53 58 54 57 56 6 37 19 27 17 43 30 36 46 33 20 47 21 32 39 48 5 42 24 10 45 35 4 26 2 29 34 41 16 22 3 23 14 25 13 11 12 15 40 9 
1 8 38 31 44 18 7 28 52 49 53 51 58 50 55 54 57 56 6 37 19 27 17 43 30 36 46 33 20 47 21 32 39 48 5 42 24 10 45 35 4 26 2 29 34 41 16 22 3 23 14 25 13 11 12 15 40 9 
1 8 38 31 44 18 7 28 52 51 53 57 49 54 50 55 58 56 6 37 19 27 17 43 30 36 46 33 20 47 21 32 39 48 5 42 24 10 45 35 4 26 2 29 34 41 16 22 3 23 14 25 13 11 12 15 40 9 
1 8 38 31 44 18 7 28 52 51 58 55 50 54 49 57 53 56 6 37 19 27 17 43 30 36 46 33 20 47 21 32 39 48 5 42 24 10 45 35 4 26 2 29 34 41 16 22 3 23 14 25 13 11 12 15 40 9 
1 8 38 31 44 18 7 28 52 58 55 50 54 49 57 53 51 56 6 37 19 27 17 43 30 36 46 33 20 47 21 32 39 48 5 42 24 10 45 35 4 26 2 29 34 41 16 22 3 23 14 25 13 11 12 15 40 9 
1 8 38 31 44 18 7 28 52 49 55 58 51 53 50 54 57 56 6 37 19 27 17 43 30 36 46 33 20 47 21 32 39 48 5 42 24 10 45 35 4 26 2 29 34 41 16 22 3 23 14 25 13 11 12 15 40 9 
1 8 38 31 44 18 7 28 52 49 57 53 51 54 50 55 58 56 6 37 19 27 17 43 30 36 46 33 20 47 21 32 39 48 5 42 24 10 45 35 4 26 2 29 34 41 16 22 3 23 14 25 13 11 12 15 40 9 
1 8 38 31 44 18 7 28 52 49 57 53 51 55 54 50 58 56 6 37 19 27 17 43 30 36 46 33 20 47 21 32 39 48 5 42 24 10 45 35 4 26 2 29 34 41 16 22 3 23 14 25 13 11 12 15 40 9 
1 8 38 31 44 18 7 28 52 49 57 53 51 58 50 54 55 56 6 37 19 27 17 43 30 36 46 33 20 47 21 32 39 48 5 42 24 10 45 35 4 26 2 29 34 41 16 22 3 23 14 25 13 11 12 15 40 9 
1 8 38 31 44 18 7 28 52 49 57 53 58 50 54 55 51 56 6 37 19 27 17 43 30 36 46 33 20 47 21 32 39 48 5 42 24 10 45 35 4 26 2 29 34 41 16 22 3 23 14 25 13 11 12 15 40 9 
1 8 38 31 44 18 7 28 52 49 57 53 58 55 50 54 51 56 6 37 19 27 17 43 30 36 46 33 20 47 21 32 39 48 5 42 24 10 45 35 4 26 2 29 34 41 16 22 3 23 14 25 13 11 12 15 40 9 
1 8 38 31 44 18 7 28 52 51 55 50 58 54 57 53 49 56 6 37 19 27 17 43 30 36 46 33 20 47 21 32 39 48 5 42 24 10 45 35 4 26 2 29 34 41 16 22 3 23 14 25 13 11 12 15 40 9 
1 8 38 31 44 18 7 28 52 49 53 57 54 50 55 58 51 56 6 37 19 27 17 43 30 36 46 33 20 47 21 32 39 48 5 42 24 10 45 35 4 26 2 29 34 41 16 22 3 23 14 25 13 11 12 15 40 9 
1 8 38 31 44 18 7 28 52 51 53 57 49 54 58 50 55 56 6 37 19 27 17 43 30 36 46 33 20 47 21 32 39 48 5 42 24 10 45 35 4 26 2 29 34 41 16 22 3 23 14 25 13 11 12 15 40 9 
1 8 38 31 44 18 7 28 52 51 55 50 58 54 49 57 53 56 6 37 19 27 17 43 30 36 46 33 20 47 21 32 39 48 5 42 24 10 45 35 4 26 2 29 34 41 16 22 3 23 14 25 13 11 12 15 40 9 
1 8 38 31 44 18 7 28 52 49 55 51 53 50 58 54 57 56 6 37 19 27 17 43 30 36 46 33 20 47 21 32 39 48 5 42 24 10 45 35 4 26 2 29 34 41 16 22 3 23 14 25 13 11 12 15 40 9 
1 8 38 31 44 18 7 28 52 49 57 53 51 54 58 50 55 56 6 37 19 27 17 43 30 36 46 33 20 47 21 32 39 48 5 42 24 10 45 35 4 26 2 29 34 41 16 22 3 23 14 25 13 11 12 15 40 9 
1 8 38 31 44 18 7 28 52 49 53 57 54 58 50 55 51 56 6 37 19 27 17 43 30 36 46 33 20 47 21 32 39 48 5 42 24 10 45 35 4 26 2 29 34 41 16 22 3 23 14 25 13 11 12 15 40 9 
1 8 38 31 44 18 7 28 52 51 53 57 49 50 54 55 58 56 6 37 19 27 17 43 30 36 46 33 20 47 21 32 39 48 5 42 24 10 45 35 4 26 2 29 34 41 16 22 3 23 14 25 13 11 12 15 40 9 
1 8 38 31 44 18 7 28 52 51 58 55 54 50 49 57 53 56 6 37 19 27 17 43 30 36 46 33 20 47 21 32 39 48 5 42 24 10 45 35 4 26 2 29 34 41 16 22 3 23 14 25 13 11 12 15 40 9 
1 8 38 31 44 18 7 28 52 58 55 54 50 49 57 53 51 56 6 37 19 27 17 43 30 36 46 33 20 47 21 32 39 48 5 42 24 10 45 35 4 26 2 29 34 41 16 22 3 23 14 25 13 11 12 15 40 9 
1 8 38 31 44 18 7 28 52 49 50 54 58 53 51 55 57 56 6 37 19 27 17 43 30 36 46 33 20 47 21 32 39 48 5 42 24 10 45 35 4 26 2 29 34 41 16 22 3 23 14 25 13 11 12 15 40 9 
1 8 38 31 44 18 7 28 52 49 53 51 58 50 54 55 57 56 6 37 19 27 17 43 30 36 46 33 20 47 21 32 39 48 5 42 24 10 45 35 4 26 2 29 34 41 16 22 3 23 14 25 13 11 12 15 40 9 
1 8 38 31 44 18 7 28 52 51 53 57 49 55 58 50 54 56 6 37 19 27 17 43 30 36 46 33 20 47 21 32 39 48 5 42 24 10 45 35 4 26 2 29 34 41 16 22 3 23 14 25 13 11 12 15 40 9 
1 8 38 31 44 18 7 28 52 51 58 53 50 55 54 49 57 56 6 37 19 27 17 43 30 36 46 33 20 47 21 32 39 48 5 42 24 10 45 35 4 26 2 29 34 41 16 22 3 23 14 25 13 11 12 15 40 9 
1 8 38 31 44 18 7 28 52 58 51 53 50 55 54 49 57 56 6 37 19 27 17 43 30 36 46 33 20 47 21 32 39 48 5 42 24 10 45 35 4 26 2 29 34 41 16 22 3 23 14 25 13 11 12 15 40 9 
1 8 38 31 44 18 7 28 52 58 51 55 54 50 53 49 57 56 6 37 19 27 17 43 30 36 46 33 20 47 21 32 39 48 5 42 24 10 45 35 4 26 2 29 34 41 16 22 3 23 14 25 13 11 12 15 40 9 
1 8 38 31 44 18 7 28 52 58 51 55 54 50 53 57 49 56 6 37 19 27 17 43 30 36 46 33 20 47 21 32 39 48 5 42 24 10 45 35 4 26 2 29 34 41 16 22 3 23 14 25 13 11 12 15 40 9 
1 8 38 31 44 18 7 28 52 49 57 53 58 51 55 50 54 56 6 37 19 27 17 43 30 36 46 33 20 47 21 32 39 48 5 42 24 10 45 35 4 26 2 29 34 41 16 22 3 23 14 25 13 11 12 15 40 9 
1 8 38 31 44 18 7 28 52 51 53 49 54 58 50 55 57 56 6 37 19 27 17 43 30 36 46 33 20 47 21 32 39 48 5 42 24 10 45 35 4 26 2 29 34 41 16 22 3 23 14 25 13 11 12 15 40 9 
1 8 38 31 44 18 7 28 52 51 53 50 49 55 58 54 57 56 6 37 19 27 17 43 30 36 46 33 20 47 21 32 39 48 5 42 24 10 45 35 4 26 2 29 34 41 16 22 3 23 14 25 13 11 12 15 40 9 
1 8 38 31 44 18 7 28 52 51 53 54 58 55 50 49 57 56 6 37 19 27 17 43 30 36 46 33 20 47 21 32 39 48 5 42 24 10 45 35 4 26 2 29 34 41 16 22 3 23 14 25 13 11 12 15 40 9 
1 8 38 31 44 18 7 28 52 51 53 57 49 50 58 54 55 56 6 37 19 27 17 43 30 36 46 33 20 47 21 32 39 48 5 42 24 10 45 35 4 26 2 29 34 41 16 22 3 23 14 25 13 11 12 15 40 9 
1 8 38 31 44 18 7 28 52 51 53 57 55 50 58 54 49 56 6 37 19 27 17 43 30 36 46 33 20 47 21 32 39 48 5 42 24 10 45 35 4 26 2 29 34 41 16 22 3 23 14 25 13 11 12 15 40 9 
1 8 38 31 44 18 7 28 52 51 54 58 55 50 49 57 53 56 6 37 19 27 17 43 30 36 46 33 20 47 21 32 39 48 5 42 24 10 45 35 4 26 2 29 34 41 16 22 3 23 14 25 13 11 12 15 40 9 
1 8 38 31 44 18 7 28 52 51 55 49 57 53 58 54 50 56 6 37 19 27 17 43 30 36 46 33 20 47 21 32 39 48 5 42 24 10 45 35 4 26 2 29 34 41 16 22 3 23 14 25 13 11 12 15 40 9 
1 8 38 31 44 18 7 28 52 51 55 54 58 50 49 57 53 56 6 37 19 27 17 43 30 36 46 33 20 47 21 32 39 48 5 42 24 10 45 35 4 26 2 29 34 41 16 22 3 23 14 25 13 11 12 15 40 9 
1 8 38 31 44 18 7 28 52 49 53 51 54 58 50 55 57 56 6 37 19 27 17 43 30 36 46 33 20 47 21 32 39 48 5 42 24 10 45 35 4 26 2 29 34 41 16 22 3 23 14 25 13 11 12 15 40 9 
1 8 38 31 44 18 7 28 52 58 54 51 55 50 53 49 57 56 6 37 19 27 17 43 30 36 46 33 20 47 21 32 39 48 5 42 24 10 45 35 4 26 2 29 34 41 16 22 3 23 14 25 13 11 12 15 40 9 
1 8 38 31 44 18 7 28 52 58 54 51 55 50 53 57 49 56 6 37 19 27 17 43 30 36 46 33 20 47 21 32 39 48 5 42 24 10 45 35 4 26 2 29 34 41 16 22 3 23 14 25 13 11 12 15 40 9 
1 8 38 31 44 18 7 28 52 49 57 53 50 54 55 51 58 56 6 37 19 27 17 43 30 36 46 33 20 47 21 32 39 48 5 42 24 10 45 35 4 26 2 29 34 41 16 22 3 23 14 25 13 11 12 15 40 9 
1 8 38 31 44 18 7 28 52 49 54 58 50 55 57 53 51 56 6 37 19 27 17 43 30 36 46 33 20 47 21 32 39 48 5 42 24 10 45 35 4 26 2 29 34 41 16 22 3 23 14 25 13 11 12 15 40 9 
1 8 38 31 44 18 7 28 52 51 53 49 55 58 54 50 57 56 6 37 19 27 17 43 30 36 46 33 20 47 21 32 39 48 5 42 24 10 45 35 4 26 2 29 34 41 16 22 3 23 14 25 13 11 12 15 40 9 
1 8 38 31 44 18 7 28 52 51 53 57 50 54 58 55 49 56 6 37 19 27 17 43 30 36 46 33 20 47 21 32 39 48 5 42 24 10 45 35 4 26 2 29 34 41 16 22 3 23 14 25 13 11 12 15 40 9 
1 8 38 31 44 18 7 28 52 51 55 50 53 57 49 54 58 56 6 37 19 27 17 43 30 36 46 33 20 47 21 32 39 48 5 42 24 10 45 35 4 26 2 29 34 41 16 22 3 23 14 25 13 11 12 15 40 9 
1 8 38 31 44 18 7 28 52 51 58 54 49 57 53 50 55 56 6 37 19 27 17 43 30 36 46 33 20 47 21 32 39 48 5 42 24 10 45 35 4 26 2 29 34 41 16 22 3 23 14 25 13 11 12 15 40 9 
1 8 38 31 44 18 7 28 52 58 54 49 57 53 50 55 51 56 6 37 19 27 17 43 30 36 46 33 20 47 21 32 39 48 5 42 24 10 45 35 4 26 2 29 34 41 16 22 3 23 14 25 13 11 12 15 40 9 
1 8 38 31 44 18 7 28 52 49 57 53 50 55 51 54 58 56 6 37 19 27 17 43 30 36 46 33 20 47 21 32 39 48 5 42 24 10 45 35 4 26 2 29 34 41 16 22 3 23 14 25 13 11 12 15 40 9 
1 8 38 31 44 18 7 28 52 49 57 53 51 50 55 58 54 56 6 37 19 27 17 43 30 36 46 33 20 47 21 32 39 48 5 42 24 10 45 35 4 26 2 29 34 41 16 22 3 23 14 25 13 11 12 15 40 9 
1 8 38 31 44 18 7 28 52 51 53 49 50 58 54 55 57 56 6 37 19 27 17 43 30 36 46 33 20 47 21 32 39 48 5 42 24 10 45 35 4 26 2 29 34 41 16 22 3 23 14 25 13 11 12 15 40 9 
1 8 38 31 44 18 7 28 52 51 53 57 55 54 58 50 49 56 6 37 19 27 17 43 30 36 46 33 20 47 21 32 39 48 5 42 24 10 45 35 4 26 2 29 34 41 16 22 3 23 14 25 13 11 12 15 40 9 
1 8 38 31 44 18 7 28 52 51 55 50 49 57 53 58 54 56 6 37 19 27 17 43 30 36 46 33 20 47 21 32 39 48 5 42 24 10 45 35 4 26 2 29 34 41 16 22 3 23 14 25 13 11 12 15 40 9 
1 8 38 31 44 18 7 28 52 49 53 51 55 58 50 54 57 56 6 37 19 27 17 43 30 36 46 33 20 47 21 32 39 48 5 42 24 10 45 35 4 26 2 29 34 41 16 22 3 23 14 25 13 11 12 15 40 9 
1 8 38 31 44 18 7 28 52 49 55 58 54 50 57 53 51 56 6 37 19 27 17 43 30 36 46 33 20 47 21 32 39 48 5 42 24 10 45 35 4 26 2 29 34 41 16 22 3 23 14 25 13 11 12 15 40 9 
1 8 38 31 44 18 7 28 52 51 53 57 49 55 54 50 58 56 6 37 19 27 17 43 30 36 46 33 20 47 21 32 39 48 5 42 24 10 45 35 4 26 2 29 34 41 16 22 3 23 14 25 13 11 12 15 40 9 
1 8 38 31 44 18 7 28 52 51 58 50 54 55 49 57 53 56 6 37 19 27 17 43 30 36 46 33 20 47 21 32 39 48 5 42 24 10 45 35 4 26 2 29 34 41 16 22 3 23 14 25 13 11 12 15 40 9 
1 8 38 31 44 18 7 28 52 51 58 54 50 53 55 49 57 56 6 37 19 27 17 43 30 36 46 33 20 47 21 32 39 48 5 42 24 10 45 35 4 26 2 29 34 41 16 22 3 23 14 25 13 11 12 15 40 9 
1 8 38 31 44 18 7 28 52 51 58 55 49 57 53 50 54 56 6 37 19 27 17 43 30 36 46 33 20 47 21 32 39 48 5 42 24 10 45 35 4 26 2 29 34 41 16 22 3 23 14 25 13 11 12 15 40 9 
1 8 38 31 44 18 7 28 52 58 50 54 55 49 57 53 51 56 6 37 19 27 17 43 30 36 46 33 20 47 21 32 39 48 5 42 24 10 45 35 4 26 2 29 34 41 16 22 3 23 14 25 13 11 12 15 40 9 
1 8 38 31 44 18 7 28 52 49 50 58 54 55 57 53 51 56 6 37 19 27 17 43 30 36 46 33 20 47 21 32 39 48 5 42 24 10 45 35 4 26 2 29 34 41 16 22 3 23 14 25 13 11 12 15 40 9 
1 8 38 31 44 18 7 28 52 49 55 57 53 51 58 54 50 56 6 37 19 27 17 43 30 36 46 33 20 47 21 32 39 48 5 42 24 10 45 35 4 26 2 29 34 41 16 22 3 23 14 25 13 11 12 15 40 9 
1 8 38 31 44 18 7 28 52 51 58 54 49 53 50 55 57 56 6 37 19 27 17 43 30 36 46 33 20 47 21 32 39 48 5 42 24 10 45 35 4 26 2 29 34 41 16 22 3 23 14 25 13 11 12 15 40 9 
1 8 38 31 44 18 7 28 52 51 50 55 54 58 53 49 57 56 6 37 19 27 17 43 30 36 46 33 20 47 21 32 39 48 5 42 24 10 45 35 4 26 2 29 34 41 16 22 3 23 14 25 13 11 12 15 40 9 
1 8 38 31 44 18 7 28 52 51 50 55 54 58 53 57 49 56 6 37 19 27 17 43 30 36 46 33 20 47 21 32 39 48 5 42 24 10 45 35 4 26 2 29 34 41 16 22 3 23 14 25 13 11 12 15 40 9 
1 8 38 31 44 18 7 28 52 51 53 54 58 50 55 49 57 56 6 37 19 27 17 43 30 36 46 33 20 47 21 32 39 48 5 42 24 10 45 35 4 26 2 29 34 41 16 22 3 23 14 25 13 11 12 15 40 9 
1 8 38 31 44 18 7 28 52 51 54 58 50 55 49 57 53 56 6 37 19 27 17 43 30 36 46 33 20 47 21 32 39 48 5 42 24 10 45 35 4 26 2 29 34 41 16 22 3 23 14 25 13 11 12 15 40 9 
1 8 38 31 44 18 7 28 52 51 55 49 57 53 50 58 54 56 6 37 19 27 17 43 30 36 46 33 20 47 21 32 39 48 5 42 24 10 45 35 4 26 2 29 34 41 16 22 3 23 14 25 13 11 12 15 40 9 
1 8 38 31 44 18 7 28 52 58 54 55 50 51 53 49 57 56 6 37 19 27 17 43 30 36 46 33 20 47 21 32 39 48 5 42 24 10 45 35 4 26 2 29 34 41 16 22 3 23 14 25 13 11 12 15 40 9 
1 8 38 31 44 18 7 28 52 58 54 55 50 51 53 57 49 56 6 37 19 27 17 43 30 36 46 33 20 47 21 32 39 48 5 42 24 10 45 35 4 26 2 29 34 41 16 22 3 23 14 25 13 11 12 15 40 9 
1 8 38 31 44 18 7 28 52 51 58 54 55 50 57 53 49 56 6 37 19 27 17 43 30 36 46 33 20 47 21 32 39 48 5 42 24 10 45 35 4 26 2 29 34 41 16 22 3 23 14 25 13 11 12 15 40 9 
1 8 38 31 44 18 7 28 52 51 53 58 54 50 49 55 57 56 6 37 19 27 17 43 30 36 46 33 20 47 21 32 39 48 5 42 24 10 45 35 4 26 2 29 34 41 16 22 3 23 14 25 13 11 12 15 40 9 
1 8 38 31 44 18 7 28 52 49 55 54 58 51 53 50 57 56 6 37 19 27 17 43 30 36 46 33 20 47 21 32 39 48 5 42 24 10 45 35 4 26 2 29 34 41 16 22 3 23 14 25 13 11 12 15 40 9 
1 8 38 31 44 18 7 28 52 49 57 53 51 50 55 54 58 56 6 37 19 27 17 43 30 36 46 33 20 47 21 32 39 48 5 42 24 10 45 35 4 26 2 29 34 41 16 22 3 23 14 25 13 11 12 15 40 9 
1 8 38 31 44 18 7 28 52 49 57 53 58 54 55 50 51 56 6 37 19 27 17 43 30 36 46 33 20 47 21 32 39 48 5 42 24 10 45 35 4 26 2 29 34 41 16 22 3 23 14 25 13 11 12 15 40 9 
1 8 38 31 44 18 7 28 52 51 55 58 53 50 54 49 57 56 6 37 19 27 17 43 30 36 46 33 20 47 21 32 39 48 5 42 24 10 45 35 4 26 2 29 34 41 16 22 3 23 14 25 13 11 12 15 40 9 
1 8 38 31 44 18 7 28 52 51 58 53 57 49 55 50 54 56 6 37 19 27 17 43 30 36 46 33 20 47 21 32 39 48 5 42 24 10 45 35 4 26 2 29 34 41 16 22 3 23 14 25 13 11 12 15 40 9 
1 8 38 31 44 18 7 28 52 51 58 54 55 57 53 50 49 56 6 37 19 27 17 43 30 36 46 33 20 47 21 32 39 48 5 42 24 10 45 35 4 26 2 29 34 41 16 22 3 23 14 25 13 11 12 15 40 9 
1 8 38 31 44 18 7 28 52 58 51 53 57 49 55 50 54 56 6 37 19 27 17 43 30 36 46 33 20 47 21 32 39 48 5 42 24 10 45 35 4 26 2 29 34 41 16 22 3 23 14 25 13 11 12 15 40 9 
1 8 38 31 44 18 7 28 52 58 55 51 53 50 54 49 57 56 6 37 19 27 17 43 30 36 46 33 20 47 21 32 39 48 5 42 24 10 45 35 4 26 2 29 34 41 16 22 3 23 14 25 13 11 12 15 40 9 
1 8 38 31 44 18 7 28 52 49 50 55 57 53 51 58 54 56 6 37 19 27 17 43 30 36 46 33 20 47 21 32 39 48 5 42 24 10 45 35 4 26 2 29 34 41 16 22 3 23 14 25 13 11 12 15 40 9 
1 8 38 31 44 18 7 28 52 49 53 57 50 55 54 58 51 56 6 37 19 27 17 43 30 36 46 33 20 47 21 32 39 48 5 42 24 10 45 35 4 26 2 29 34 41 16 22 3 23 14 25 13 11 12 15 40 9 
1 8 38 31 44 18 7 28 52 51 55 58 54 49 57 53 50 56 6 37 19 27 17 43 30 36 46 33 20 47 21 32 39 48 5 42 24 10 45 35 4 26 2 29 34 41 16 22 3 23 14 25 13 11 12 15 40 9 
1 8 38 31 44 18 7 28 52 49 50 53 57 55 54 58 51 56 6 37 19 27 17 43 30 36 46 33 20 47 21 32 39 48 5 42 24 10 45 35 4 26 2 29 34 41 16 22 3 23 14 25 13 11 12 15 40 9 
1 8 38 31 44 18 7 28 52 49 55 58 54 50 53 51 57 56 6 37 19 27 17 43 30 36 46 33 20 47 21 32 39 48 5 42 24 10 45 35 4 26 2 29 34 41 16 22 3 23 14 25 13 11 12 15 40 9 
1 8 38 31 44 18 7 28 52 51 58 54 53 50 55 49 57 56 6 37 19 27 17 43 30 36 46 33 20 47 21 32 39 48 5 42 24 10 45 35 4 26 2 29 34 41 16 22 3 23 14 25 13 11 12 15 40 9 
1 8 38 31 44 18 7 28 52 58 53 51 55 50 54 49 57 56 6 37 19 27 17 43 30 36 46 33 20 47 21 32 39 48 5 42 24 10 45 35 4 26 2 29 34 41 16 22 3 23 14 25 13 11 12 15 40 9 
1 8 38 31 44 18 7 28 52 49 50 53 51 58 55 54 57 56 6 37 19 27 17 43 30 36 46 33 20 47 21 32 39 48 5 42 24 10 45 35 4 26 2 29 34 41 16 22 3 23 14 25 13 11 12 15 40 9 
1 8 38 31 44 18 7 28 52 49 57 53 58 51 55 54 50 56 6 37 19 27 17 43 30 36 46 33 20 47 21 32 39 48 5 42 24 10 45 35 4 26 2 29 34 41 16 22 3 23 14 25 13 11 12 15 40 9 
1 8 38 31 44 18 7 28 52 51 53 49 55 58 50 54 57 56 6 37 19 27 17 43 30 36 46 33 20 47 21 32 39 48 5 42 24 10 45 35 4 26 2 29 34 41 16 22 3 23 14 25 13 11 12 15 40 9 
1 8 38 31 44 18 7 28 52 51 53 55 50 58 54 49 57 56 6 37 19 27 17 43 30 36 46 33 20 47 21 32 39 48 5 42 24 10 45 35 4 26 2 29 34 41 16 22 3 23 14 25 13 11 12 15 40 9 
1 8 38 31 44 18 7 28 52 51 53 57 54 50 58 55 49 56 6 37 19 27 17 43 30 36 46 33 20 47 21 32 39 48 5 42 24 10 45 35 4 26 2 29 34 41 16 22 3 23 14 25 13 11 12 15 40 9 
1 8 38 31 44 18 7 28 52 51 54 55 58 50 53 49 57 56 6 37 19 27 17 43 30 36 46 33 20 47 21 32 39 48 5 42 24 10 45 35 4 26 2 29 34 41 16 22 3 23 14 25 13 11 12 15 40 9 
1 8 38 31 44 18 7 28 52 51 54 55 58 50 53 57 49 56 6 37 19 27 17 43 30 36 46 33 20 47 21 32 39 48 5 42 24 10 45 35 4 26 2 29 34 41 16 22 3 23 14 25 13 11 12 15 40 9 
1 8 38 31 44 18 7 28 52 49 53 58 51 55 50 54 57 56 6 37 19 27 17 43 30 36 46 33 20 47 21 32 39 48 5 42 24 10 45 35 4 26 2 29 34 41 16 22 3 23 14 25 13 11 12 15 40 9 
1 8 38 31 44 18 7 28 52 49 54 50 53 51 58 55 57 56 6 37 19 27 17 43 30 36 46 33 20 47 21 32 39 48 5 42 24 10 45 35 4 26 2 29 34 41 16 22 3 23 14 25 13 11 12 15 40 9 
1 8 38 31 44 18 7 28 52 51 55 58 54 57 53 50 49 56 6 37 19 27 17 43 30 36 46 33 20 47 21 32 39 48 5 42 24 10 45 35 4 26 2 29 34 41 16 22 3 23 14 25 13 11 12 15 40 9 
1 8 38 31 44 18 7 28 52 58 54 49 57 53 51 55 50 56 6 37 19 27 17 43 30 36 46 33 20 47 21 32 39 48 5 42 24 10 45 35 4 26 2 29 34 41 16 22 3 23 14 25 13 11 12 15 40 9 
1 8 38 31 44 18 7 28 52 49 55 50 54 58 53 51 57 56 6 37 19 27 17 43 30 36 46 33 20 47 21 32 39 48 5 42 24 10 45 35 4 26 2 29 34 41 16 22 3 23 14 25 13 11 12 15 40 9 
1 8 38 31 44 18 7 28 52 49 57 53 58 54 51 55 50 56 6 37 19 27 17 43 30 36 46 33 20 47 21 32 39 48 5 42 24 10 45 35 4 26 2 29 34 41 16 22 3 23 14 25 13 11 12 15 40 9 
1 8 38 31 44 18 7 28 52 49 53 50 55 54 58 51 57 56 6 37 19 27 17 43 30 36 46 33 20 47 21 32 39 48 5 42 24 10 45 35 4 26 2 29 34 41 16 22 3 23 14 25 13 11 12 15 40 9 
1 8 38 31 44 18 7 28 52 49 53 51 58 55 54 50 57 56 6 37 19 27 17 43 30 36 46 33 20 47 21 32 39 48 5 42 24 10 45 35 4 26 2 29 34 41 16 22 3 23 14 25 13 11 12 15 40 9 
1 8 38 31 44 18 7 28 52 49 53 57 54 58 51 55 50 56 6 37 19 27 17 43 30 36 46 33 20 47 21 32 39 48 5 42 24 10 45 35 4 26 2 29 34 41 16 22 3 23 14 25 13 11 12 15 40 9 
1 8 38 31 44 18 7 28 52 49 54 58 50 53 51 55 57 56 6 37 19 27 17 43 30 36 46 33 20 47 21 32 39 48 5 42 24 10 45 35 4 26 2 29 34 41 16 22 3 23 14 25 13 11 12 15 40 9 
1 8 38 31 44 18 7 28 52 49 55 58 50 54 57 53 51 56 6 37 19 27 17 43 30 36 46 33 20 47 21 32 39 48 5 42 24 10 45 35 4 26 2 29 34 41 16 22 3 23 14 25 13 11 12 15 40 9 
1 8 38 31 44 18 7 28 52 49 57 53 50 58 55 54 51 56 6 37 19 27 17 43 30 36 46 33 20 47 21 32 39 48 5 42 24 10 45 35 4 26 2 29 34 41 16 22 3 23 14 25 13 11 12 15 40 9 
1 8 38 31 44 18 7 28 52 58 53 51 55 54 50 49 57 56 6 37 19 27 17 43 30 36 46 33 20 47 21 32 39 48 5 42 24 10 45 35 4 26 2 29 34 41 16 22 3 23 14 25 13 11 12 15 40 9 
1 8 38 31 44 18 7 28 52 49 55 50 54 58 51 53 57 56 6 37 19 27 17 43 30 36 46 33 20 47 21 32 39 48 5 42 24 10 45 35 4 26 2 29 34 41 16 22 3 23 14 25 13 11 12 15 40 9 
1 8 38 31 44 18 7 28 52 49 50 55 54 58 51 53 57 56 6 37 19 27 17 43 30 36 46 33 20 47 21 32 39 48 5 42 24 10 45 35 4 26 2 29 34 41 16 22 3 23 14 25 13 11 12 15 40 9 
1 8 38 31 44 18 7 28 52 51 58 54 50 55 49 53 57 56 6 37 19 27 17 43 30 36 46 33 20 47 21 32 39 48 5 42 24 10 45 35 4 26 2 29 34 41 16 22 3 23 14 25 13 11 12 15 40 9 
1 8 38 31 44 18 7 28 52 49 50 54 58 55 51 53 57 56 6 37 19 27 17 43 30 36 46 33 20 47 21 32 39 48 5 42 24 10 45 35 4 26 2 29 34 41 16 22 3 23 14 25 13 11 12 15 40 9 
1 8 38 31 44 18 7 28 52 49 55 51 58 54 50 53 57 56 6 37 19 27 17 43 30 36 46 33 20 47 21 32 39 48 5 42 24 10 45 35 4 26 2 29 34 41 16 22 3 23 14 25 13 11 12 15 40 9 
1 8 38 31 44 18 7 28 52 51 58 54 55 50 49 53 57 56 6 37 19 27 17 43 30 36 46 33 20 47 21 32 39 48 5 42 24 10 45 35 4 26 2 29 34 41 16 22 3 23 14 25 13 11 12 15 40 9 
1 8 38 31 44 18 7 28 52 49 54 50 55 58 51 53 57 56 6 37 19 27 17 43 30 36 46 33 20 47 21 32 39 48 5 42 24 10 45 35 4 26 2 29 34 41 16 22 3 23 14 25 13 11 12 15 40 9 
1 8 38 31 44 18 7 28 52 49 54 58 50 55 51 53 57 56 6 37 19 27 17 43 30 36 46 33 20 47 21 32 39 48 5 42 24 10 45 35 4 26 2 29 34 41 16 22 3 23 14 25 13 11 12 15 40 9 
1 8 38 31 44 18 7 28 52 49 50 54 55 58 51 53 57 56 6 37 19 27 17 43 30 36 46 33 20 47 21 32 39 48 5 42 24 10 45 35 4 26 2 29 34 41 16 22 3 23 14 25 13 11 12 15 40 9 
1 8 38 31 44 18 7 28 52 51 55 58 54 50 49 53 57 56 6 37 19 27 17 43 30 36 46 33 20 47 21 32 39 48 5 42 24 10 45 35 4 26 2 29 34 41 16 22 3 23 14 25 13 11 12 15 40 9 
1 8 38 31 44 18 7 28 52 49 50 55 58 54 51 53 57 56 6 37 19 27 17 43 30 36 46 33 20 47 21 32 39 48 5 42 24 10 45 35 4 26 2 29 34 41 16 22 3 23 14 25 13 11 12 15 40 9 
1 8 38 31 44 18 7 28 52 49 50 58 54 55 51 53 57 56 6 37 19 27 17 43 30 36 46 33 20 47 21 32 39 48 5 42 24 10 45 35 4 26 2 29 34 41 16 22 3 23 14 25 13 11 12 15 40 9 
1 8 38 31 44 18 7 28 52 49 54 58 51 55 50 53 57 56 6 37 19 27 17 43 30 36 46 33 20 47 21 32 39 48 5 42 24 10 45 35 4 26 2 29 34 41 16 22 3 23 14 25 13 11 12 15 40 9 
1 8 38 31 44 18 7 28 52 49 55 54 50 58 51 53 57 56 6 37 19 27 17 43 30 36 46 33 20 47 21 32 39 48 5 42 24 10 45 35 4 26 2 29 34 41 16 22 3 23 14 25 13 11 12 15 40 9 
1 8 38 31 44 18 7 28 52 49 55 50 58 54 51 53 57 56 6 37 19 27 17 43 30 36 46 33 20 47 21 32 39 48 5 42 24 10 45 35 4 26 2 29 34 41 16 22 3 23 14 25 13 11 12 15 40 9 
1 8 38 31 44 18 7 28 52 51 58 54 49 55 50 53 57 56 6 37 19 27 17 43 30 36 46 33 20 47 21 32 39 48 5 42 24 10 45 35 4 26 2 29 34 41 16 22 3 23 14 25 13 11 12 15 40 9 
1 8 38 31 44 18 7 28 52 51 58 54 55 49 50 53 57 56 6 37 19 27 17 43 30 36 46 33 20 47 21 32 39 48 5 42 24 10 45 35 4 26 2 29 34 41 16 22 3 23 14 25 13 11 12 15 40 9 
1 8 38 31 44 18 7 28 52 51 58 55 50 54 49 53 57 56 6 37 19 27 17 43 30 36 46 33 20 47 21 32 39 48 5 42 24 10 45 35 4 26 2 29 34 41 16 22 3 23 14 25 13 11 12 15 40 9 
1 8 38 31 44 18 7 28 52 49 54 55 50 58 51 53 57 56 6 37 19 27 17 43 30 36 46 33 20 47 21 32 39 48 5 42 24 10 45 35 4 26 2 29 34 41 16 22 3 23 14 25 13 11 12 15 40 9 
1 8 38 31 44 18 7 28 52 51 55 50 58 54 49 53 57 56 6 37 19 27 17 43 30 36 46 33 20 47 21 32 39 48 5 42 24 10 45 35 4 26 2 29 34 41 16 22 3 23 14 25 13 11 12 15 40 9 
1 8 38 31 44 18 7 28 52 51 58 55 54 50 49 53 57 56 6 37 19 27 17 43 30 36 46 33 20 47 21 32 39 48 5 42 24 10 45 35 4 26 2 29 34 41 16 22 3 23 14 25 13 11 12 15 40 9 
1 8 38 31 44 18 7 28 52 51 54 58 55 50 49 53 57 56 6 37 19 27 17 43 30 36 46 33 20 47 21 32 39 48 5 42 24 10 45 35 4 26 2 29 34 41 16 22 3 23 14 25 13 11 12 15 40 9 
1 8 38 31 44 18 7 28 52 51 55 54 58 50 49 53 57 56 6 37 19 27 17 43 30 36 46 33 20 47 21 32 39 48 5 42 24 10 45 35 4 26 2 29 34 41 16 22 3 23 14 25 13 11 12 15 40 9 
1 8 38 31 44 18 7 28 52 49 55 58 54 50 51 53 57 56 6 37 19 27 17 43 30 36 46 33 20 47 21 32 39 48 5 42 24 10 45 35 4 26 2 29 34 41 16 22 3 23 14 25 13 11 12 15 40 9 
1 8 38 31 44 18 7 28 52 51 55 49 50 54 58 53 57 56 6 37 19 27 17 43 30 36 46 33 20 47 21 32 39 48 5 42 24 10 45 35 4 26 2 29 34 41 16 22 3 23 14 25 13 11 12 15 40 9 
1 8 38 31 44 18 7 28 52 51 58 50 54 55 49 53 57 56 6 37 19 27 17 43 30 36 46 33 20 47 21 32 39 48 5 42 24 10 45 35 4 26 2 29 34 41 16 22 3 23 14 25 13 11 12 15 40 9 
1 8 38 31 44 18 7 28 52 58 54 50 49 55 51 53 57 56 6 37 19 27 17 43 30 36 46 33 20 47 21 32 39 48 5 42 24 10 45 35 4 26 2 29 34 41 16 22 3 23 14 25 13 11 12 15 40 9 
1 8 38 31 44 18 7 28 52 49 54 50 58 55 51 53 57 56 6 37 19 27 17 43 30 36 46 33 20 47 21 32 39 48 5 42 24 10 45 35 4 26 2 29 34 41 16 22 3 23 14 25 13 11 12 15 40 9 
1 8 38 31 44 18 7 28 52 51 54 58 50 55 49 53 57 56 6 37 19 27 17 43 30 36 46 33 20 47 21 32 39 48 5 42 24 10 45 35 4 26 2 29 34 41 16 22 3 23 14 25 13 11 12 15 40 9 
1 8 38 31 44 18 7 28 52 49 54 50 55 51 58 53 57 56 6 37 19 27 17 43 30 36 46 33 20 47 21 32 39 48 5 42 24 10 45 35 4 26 2 29 34 41 16 22 3 23 14 25 13 11 12 15 40 9 
1 8 38 31 44 18 7 28 52 49 55 58 50 54 51 53 57 56 6 37 19 27 17 43 30 36 46 33 20 47 21 32 39 48 5 42 24 10 45 35 4 26 2 29 34 41 16 22 3 23 14 25 13 11 12 15 40 9 
1 8 38 31 44 18 7 28 52 51 55 58 54 49 50 53 57 56 6 37 19 27 17 43 30 36 46 33 20 47 21 32 39 48 5 42 24 10 45 35 4 26 2 29 34 41 16 22 3 23 14 25 13 11 12 15 40 9 
1 8 38 31 44 18 7 28 52 49 50 54 55 51 58 53 57 56 6 37 19 27 17 43 30 36 46 33 20 47 21 32 39 48 5 42 24 10 45 35 4 26 2 29 34 41 16 22 3 23 14 25 13 11 12 15 40 9 
1 8 38 31 44 18 7 28 52 49 54 58 55 50 51 53 57 56 6 37 19 27 17 43 30 36 46 33 20 47 21 32 39 48 5 42 24 10 45 35 4 26 2 29 34 41 16 22 3 23 14 25 13 11 12 15 40 9 
1 8 38 31 44 18 7 28 52 51 55 50 49 54 58 53 57 56 6 37 19 27 17 43 30 36 46 33 20 47 21 32 39 48 5 42 24 10 45 35 4 26 2 29 34 41 16 22 3 23 14 25 13 11 12 15 40 9 
1 8 38 31 44 18 7 28 52 51 58 50 55 54 49 53 57 56 6 37 19 27 17 43 30 36 46 33 20 47 21 32 39 48 5 42 24 10 45 35 4 26 2 29 34 41 16 22 3 23 14 25 13 11 12 15 40 9 
1 8 38 31 44 18 7 28 52 58 54 49 50 55 51 53 57 56 6 37 19 27 17 43 30 36 46 33 20 47 21 32 39 48 5 42 24 10 45 35 4 26 2 29 34 41 16 22 3 23 14 25 13 11 12 15 40 9 
1 8 38 31 44 18 7 28 52 49 50 55 51 54 58 53 57 56 6 37 19 27 17 43 30 36 46 33 20 47 21 32 39 48 5 42 24 10 45 35 4 26 2 29 34 41 16 22 3 23 14 25 13 11 12 15 40 9 
1 8 38 31 44 18 7 28 52 51 58 55 49 54 50 53 57 56 6 37 19 27 17 43 30 36 46 33 20 47 21 32 39 48 5 42 24 10 45 35 4 26 2 29 34 41 16 22 3 23 14 25 13 11 12 15 40 9 
1 8 38 31 44 18 7 28 52 49 55 58 51 54 50 53 57 56 6 37 19 27 17 43 30 36 46 33 20 47 21 32 39 48 5 42 24 10 45 35 4 26 2 29 34 41 16 22 3 23 14 25 13 11 12 15 40 9 
1 8 38 31 44 18 7 28 52 51 55 49 54 58 50 53 57 56 6 37 19 27 17 43 30 36 46 33 20 47 21 32 39 48 5 42 24 10 45 35 4 26 2 29 34 41 16 22 3 23 14 25 13 11 12 15 40 9 
1 8 38 31 44 18 7 28 52 49 55 51 54 58 50 53 57 56 6 37 19 27 17 43 30 36 46 33 20 47 21 32 39 48 5 42 24 10 45 35 4 26 2 29 34 41 16 22 3 23 14 25 13 11 12 15 40 9 
1 8 38 31 44 18 7 28 52 49 55 50 54 51 58 53 57 56 6 37 19 27 17 43 30 36 46 33 20 47 21 32 39 48 5 42 24 10 45 35 4 26 2 29 34 41 16 22 3 23 14 25 13 11 12 15 40 9 
1 8 38 31 44 18 7 28 52 51 54 58 55 49 50 53 57 56 6 37 19 27 17 43 30 36 46 33 20 47 21 32 39 48 5 42 24 10 45 35 4 26 2 29 34 41 16 22 3 23 14 25 13 11 12 15 40 9 
1 8 38 31 44 18 7 28 52 51 50 54 58 55 49 53 57 56 6 37 19 27 17 43 30 36 46 33 20 47 21 32 39 48 5 42 24 10 45 35 4 26 2 29 34 41 16 22 3 23 14 25 13 11 12 15 40 9 
1 8 38 31 44 18 7 28 52 49 55 54 58 50 51 53 57 56 6 37 19 27 17 43 30 36 46 33 20 47 21 32 39 48 5 42 24 10 45 35 4 26 2 29 34 41 16 22 3 23 14 25 13 11 12 15 40 9 
1 8 38 31 44 18 7 28 52 51 55 58 50 54 49 53 57 56 6 37 19 27 17 43 30 36 46 33 20 47 21 32 39 48 5 42 24 10 45 35 4 26 2 29 34 41 16 22 3 23 14 25 13 11 12 15 40 9 
1 8 38 31 44 18 7 28 52 49 50 58 55 54 51 53 57 56 6 37 19 27 17 43 30 36 46 33 20 47 21 32 39 48 5 42 24 10 45 35 4 26 2 29 34 41 16 22 3 23 14 25 13 11 12 15 40 9 
1 8 38 31 44 18 7 28 52 49 55 54 58 51 50 53 57 56 6 37 19 27 17 43 30 36 46 33 20 47 21 32 39 48 5 42 24 10 45 35 4 26 2 29 34 41 16 22 3 23 14 25 13 11 12 15 40 9 
1 8 38 31 44 18 7 28 52 49 54 51 58 55 50 53 57 56 6 37 19 27 17 43 30 36 46 33 20 47 21 32 39 48 5 42 24 10 45 35 4 26 2 29 34 41 16 22 3 23 14 25 13 11 12 15 40 9 
1 8 38 31 44 18 7 28 52 49 54 55 51 58 50 53 57 56 6 37 19 27 17 43 30 36 46 33 20 47 21 32 39 48 5 42 24 10 45 35 4 26 2 29 34 41 16 22 3 23 14 25 13 11 12 15 40 9 
1 8 38 31 44 18 7 28 52 51 58 55 54 49 50 53 57 56 6 37 19 27 17 43 30 36 46 33 20 47 21 32 39 48 5 42 24 10 45 35 4 26 2 29 34 41 16 22 3 23 14 25 13 11 12 15 40 9 
1 8 38 31 44 18 7 28 52 49 50 54 58 51 55 53 57 56 6 37 19 27 17 43 30 36 46 33 20 47 21 32 39 48 5 42 24 10 45 35 4 26 2 29 34 41 16 22 3 23 14 25 13 11 12 15 40 9 
1 8 38 31 44 18 7 28 52 51 54 50 58 55 49 53 57 56 6 37 19 27 17 43 30 36 46 33 20 47 21 32 39 48 5 42 24 10 45 35 4 26 2 29 34 41 16 22 3 23 14 25 13 11 12 15 40 9 
1 8 38 31 44 18 7 28 52 58 51 55 50 54 49 53 57 56 6 37 19 27 17 43 30 36 46 33 20 47 21 32 39 48 5 42 24 10 45 35 4 26 2 29 34 41 16 22 3 23 14 25 13 11 12 15 40 9 
1 8 38 31 44 18 7 28 52 51 50 55 58 54 49 53 57 56 6 37 19 27 17 43 30 36 46 33 20 47 21 32 39 48 5 42 24 10 45 35 4 26 2 29 34 41 16 22 3 23 14 25 13 11 12 15 40 9 
1 8 38 31 44 18 7 28 52 58 51 55 54 50 49 53 57 56 6 37 19 27 17 43 30 36 46 33 20 47 21 32 39 48 5 42 24 10 45 35 4 26 2 29 34 41 16 22 3 23 14 25 13 11 12 15 40 9 
1 8 38 31 44 18 7 28 52 49 50 55 54 51 58 53 57 56 6 37 19 27 17 43 30 36 46 33 20 47 21 32 39 48 5 42 24 10 45 35 4 26 2 29 34 41 16 22 3 23 14 25 13 11 12 15 40 9 
1 8 38 31 44 18 7 28 52 58 54 51 55 50 49 53 57 56 6 37 19 27 17 43 30 36 46 33 20 47 21 32 39 48 5 42 24 10 45 35 4 26 2 29 34 41 16 22 3 23 14 25 13 11 12 15 40 9 
1 8 38 31 44 18 7 28 52 49 55 54 51 58 50 53 57 56 6 37 19 27 17 43 30 36 46 33 20 47 21 32 39 48 5 42 24 10 45 35 4 26 2 29 34 41 16 22 3 23 14 25 13 11 12 15 40 9 
1 8 38 31 44 18 7 28 52 49 50 55 51 58 54 53 57 56 6 37 19 27 17 43 30 36 46 33 20 47 21 32 39 48 5 42 24 10 45 35 4 26 2 29 34 41 16 22 3 23 14 25 13 11 12 15 40 9 
1 8 38 31 44 18 7 28 52 49 55 51 50 54 58 53 57 56 6 37 19 27 17 43 30 36 46 33 20 47 21 32 39 48 5 42 24 10 45 35 4 26 2 29 34 41 16 22 3 23 14 25 13 11 12 15 40 9 
1 8 38 31 44 18 7 28 52 51 58 54 50 49 55 53 57 56 6 37 19 27 17 43 30 36 46 33 20 47 21 32 39 48 5 42 24 10 45 35 4 26 2 29 34 41 16 22 3 23 14 25 13 11 12 15 40 9 
1 8 38 31 44 18 7 28 52 58 51 54 50 55 49 53 57 56 6 37 19 27 17 43 30 36 46 33 20 47 21 32 39 48 5 42 24 10 45 35 4 26 2 29 34 41 16 22 3 23 14 25 13 11 12 15 40 9 
1 8 38 31 44 18 7 28 52 51 50 58 54 55 49 53 57 56 6 37 19 27 17 43 30 36 46 33 20 47 21 32 39 48 5 42 24 10 45 35 4 26 2 29 34 41 16 22 3 23 14 25 13 11 12 15 40 9 
1 8 38 31 44 18 7 28 52 49 50 54 51 55 58 53 57 56 6 37 19 27 17 43 30 36 46 33 20 47 21 32 39 48 5 42 24 10 45 35 4 26 2 29 34 41 16 22 3 23 14 25 13 11 12 15 40 9 
1 8 38 31 44 18 7 28 52 51 54 55 58 50 49 53 57 56 6 37 19 27 17 43 30 36 46 33 20 47 21 32 39 48 5 42 24 10 45 35 4 26 2 29 34 41 16 22 3 23 14 25 13 11 12 15 40 9 
1 8 38 31 44 18 7 28 52 49 54 58 55 51 50 53 57 56 6 37 19 27 17 43 30 36 46 33 20 47 21 32 39 48 5 42 24 10 45 35 4 26 2 29 34 41 16 22 3 23 14 25 13 11 12 15 40 9 
1 8 38 31 44 18 7 28 52 51 55 49 54 50 58 53 57 56 6 37 19 27 17 43 30 36 46 33 20 47 21 32 39 48 5 42 24 10 45 35 4 26 2 29 34 41 16 22 3 23 14 25 13 11 12 15 40 9 
1 8 38 31 44 18 7 28 52 58 50 54 49 55 51 53 57 56 6 37 19 27 17 43 30 36 46 33 20 47 21 32 39 48 5 42 24 10 45 35 4 26 2 29 34 41 16 22 3 23 14 25 13 11 12 15 40 9 
1 8 38 31 44 18 7 28 52 49 55 51 54 50 58 53 57 56 6 37 19 27 17 43 30 36 46 33 20 47 21 32 39 48 5 42 24 10 45 35 4 26 2 29 34 41 16 22 3 23 14 25 13 11 12 15 40 9 
1 8 38 31 44 18 7 28 52 51 54 50 49 55 58 53 57 56 6 37 19 27 17 43 30 36 46 33 20 47 21 32 39 48 5 42 24 10 45 35 4 26 2 29 34 41 16 22 3 23 14 25 13 11 12 15 40 9 
1 8 38 31 44 18 7 28 52 58 55 49 50 54 51 53 57 56 6 37 19 27 17 43 30 36 46 33 20 47 21 32 39 48 5 42 24 10 45 35 4 26 2 29 34 41 16 22 3 23 14 25 13 11 12 15 40 9 
1 8 38 31 44 18 7 28 52 51 58 54 49 50 55 53 57 56 6 37 19 27 17 43 30 36 46 33 20 47 21 32 39 48 5 42 24 10 45 35 4 26 2 29 34 41 16 22 3 23 14 25 13 11 12 15 40 9 
1 8 38 31 44 18 7 28 52 58 51 55 49 54 50 53 57 56 6 37 19 27 17 43 30 36 46 33 20 47 21 32 39 48 5 42 24 10 45 35 4 26 2 29 34 41 16 22 3 23 14 25 13 11 12 15 40 9 
1 8 38 31 44 18 7 28 52 49 50 51 55 54 58 53 57 56 6 37 19 27 17 43 30 36 46 33 20 47 21 32 39 48 5 42 24 10 45 35 4 26 2 29 34 41 16 22 3 23 14 25 13 11 12 15 40 9 
1 8 38 31 44 18 7 28 52 58 51 54 55 50 49 53 57 56 6 37 19 27 17 43 30 36 46 33 20 47 21 32 39 48 5 42 24 10 45 35 4 26 2 29 34 41 16 22 3 23 14 25 13 11 12 15 40 9 
1 8 38 31 44 18 7 28 52 49 55 58 54 51 50 53 57 56 6 37 19 27 17 43 30 36 46 33 20 47 21 32 39 48 5 42 24 10 45 35 4 26 2 29 34 41 16 22 3 23 14 25 13 11 12 15 40 9 
1 8 38 31 44 18 7 28 52 58 54 51 55 49 50 53 57 56 6 37 19 27 17 43 30 36 46 33 20 47 21 32 39 48 5 42 24 10 45 35 4 26 2 29 34 41 16 22 3 23 14 25 13 11 12 15 40 9 
1 8 38 31 44 18 7 28 52 49 54 51 55 58 50 53 57 56 6 37 19 27 17 43 30 36 46 33 20 47 21 32 39 48 5 42 24 10 45 35 4 26 2 29 34 41 16 22 3 23 14 25 13 11 12 15 40 9 
1 8 38 31 44 18 7 28 52 49 55 54 50 51 58 53 57 56 6 37 19 27 17 43 30 36 46 33 20 47 21 32 39 48 5 42 24 10 45 35 4 26 2 29 34 41 16 22 3 23 14 25 13 11 12 15 40 9 
1 8 38 31 44 18 7 28 52 51 50 55 49 54 58 53 57 56 6 37 19 27 17 43 30 36 46 33 20 47 21 32 39 48 5 42 24 10 45 35 4 26 2 29 34 41 16 22 3 23 14 25 13 11 12 15 40 9 
1 8 38 31 44 18 7 28 52 58 54 49 55 50 51 53 57 56 6 37 19 27 17 43 30 36 46 33 20 47 21 32 39 48 5 42 24 10 45 35 4 26 2 29 34 41 16 22 3 23 14 25 13 11 12 15 40 9 
1 8 38 31 44 18 7 28 52 58 54 50 51 55 49 53 57 56 6 37 19 27 17 43 30 36 46 33 20 47 21 32 39 48 5 42 24 10 45 35 4 26 2 29 34 41 16 22 3 23 14 25 13 11 12 15 40 9 
1 8 38 31 44 18 7 28 52 49 55 50 51 54 58 53 57 56 6 37 19 27 17 43 30 36 46 33 20 47 21 32 39 48 5 42 24 10 45 35 4 26 2 29 34 41 16 22 3 23 14 25 13 11 12 15 40 9 
1 8 38 31 44 18 7 28 52 49 54 51 55 50 58 53 57 56 6 37 19 27 17 43 30 36 46 33 20 47 21 32 39 48 5 42 24 10 45 35 4 26 2 29 34 41 16 22 3 23 14 25 13 11 12 15 40 9 
1 8 38 31 44 18 7 28 52 51 50 49 55 54 58 53 57 56 6 37 19 27 17 43 30 36 46 33 20 47 21 32 39 48 5 42 24 10 45 35 4 26 2 29 34 41 16 22 3 23 14 25 13 11 12 15 40 9 
1 8 38 31 44 18 7 28 52 58 54 55 49 50 51 53 57 56 6 37 19 27 17 43 30 36 46 33 20 47 21 32 39 48 5 42 24 10 45 35 4 26 2 29 34 41 16 22 3 23 14 25 13 11 12 15 40 9 
1 8 38 31 44 18 7 28 52 49 54 55 58 50 51 53 57 56 6 37 19 27 17 43 30 36 46 33 20 47 21 32 39 48 5 42 24 10 45 35 4 26 2 29 34 41 16 22 3 23 14 25 13 11 12 15 40 9 
1 8 38 31 44 18 7 28 52 51 54 49 50 55 58 53 57 56 6 37 19 27 17 43 30 36 46 33 20 47 21 32 39 48 5 42 24 10 45 35 4 26 2 29 34 41 16 22 3 23 14 25 13 11 12 15 40 9 
1 8 38 31 44 18 7 28 52 51 55 54 49 50 58 53 57 56 6 37 19 27 17 43 30 36 46 33 20 47 21 32 39 48 5 42 24 10 45 35 4 26 2 29 34 41 16 22 3 23 14 25 13 11 12 15 40 9 
1 8 38 31 44 18 7 28 52 58 50 49 54 55 51 53 57 56 6 37 19 27 17 43 30 36 46 33 20 47 21 32 39 48 5 42 24 10 45 35 4 26 2 29 34 41 16 22 3 23 14 25 13 11 12 15 40 9 
1 8 38 31 44 18 7 28 52 58 55 50 49 54 51 53 57 56 6 37 19 27 17 43 30 36 46 33 20 47 21 32 39 48 5 42 24 10 45 35 4 26 2 29 34 41 16 22 3 23 14 25 13 11 12 15 40 9 
1 8 38 31 44 18 7 28 52 58 55 51 54 50 49 53 57 56 6 37 19 27 17 43 30 36 46 33 20 47 21 32 39 48 5 42 24 10 45 35 4 26 2 29 34 41 16 22 3 23 14 25 13 11 12 15 40 9 
1 8 38 31 44 18 7 28 52 51 54 49 55 58 50 53 57 56 6 37 19 27 17 43 30 36 46 33 20 47 21 32 39 48 5 42 24 10 45 35 4 26 2 29 34 41 16 22 3 23 14 25 13 11 12 15 40 9 
1 8 38 31 44 18 7 28 52 49 54 55 58 51 50 53 57 56 6 37 19 27 17 43 30 36 46 33 20 47 21 32 39 48 5 42 24 10 45 35 4 26 2 29 34 41 16 22 3 23 14 25 13 11 12 15 40 9 
1 8 38 31 44 18 7 28 52 58 51 55 54 49 50 53 57 56 6 37 19 27 17 43 30 36 46 33 20 47 21 32 39 48 5 42 24 10 45 35 4 26 2 29 34 41 16 22 3 23 14 25 13 11 12 15 40 9 
1 8 38 31 44 18 7 28 52 51 54 49 55 50 58 53 57 56 6 37 19 27 17 43 30 36 46 33 20 47 21 32 39 48 5 42 24 10 45 35 4 26 2 29 34 41 16 22 3 23 14 25 13 11 12 15 40 9 
1 8 38 31 44 18 7 28 52 58 50 54 51 55 49 53 57 56 6 37 19 27 17 43 30 36 46 33 20 47 21 32 39 48 5 42 24 10 45 35 4 26 2 29 34 41 16 22 3 23 14 25 13 11 12 15 40 9 
1 8 38 31 44 18 7 28 52 58 50 55 49 54 51 53 57 56 6 37 19 27 17 43 30 36 46 33 20 47 21 32 39 48 5 42 24 10 45 35 4 26 2 29 34 41 16 22 3 23 14 25 13 11 12 15 40 9 
1 8 38 31 44 18 7 28 52 49 54 55 50 51 58 53 57 56 6 37 19 27 17 43 30 36 46 33 20 47 21 32 39 48 5 42 24 10 45 35 4 26 2 29 34 41 16 22 3 23 14 25 13 11 12 15 40 9 
1 8 38 31 44 18 7 28 52 49 55 51 58 50 54 53 57 56 6 37 19 27 17 43 30 36 46 33 20 47 21 32 39 48 5 42 24 10 45 35 4 26 2 29 34 41 16 22 3 23 14 25 13 11 12 15 40 9 
1 8 38 31 44 18 7 28 52 51 54 55 49 50 58 53 57 56 6 37 19 27 17 43 30 36 46 33 20 47 21 32 39 48 5 42 24 10 45 35 4 26 2 29 34 41 16 22 3 23 14 25 13 11 12 15 40 9 
1 8 38 31 44 18 7 28 52 58 50 49 55 54 51 53 57 56 6 37 19 27 17 43 30 36 46 33 20 47 21 32 39 48 5 42 24 10 45 35 4 26 2 29 34 41 16 22 3 23 14 25 13 11 12 15 40 9 
1 8 38 31 44 18 7 28 52 51 58 55 49 50 54 53 57 56 6 37 19 27 17 43 30 36 46 33 20 47 21 32 39 48 5 42 24 10 45 35 4 26 2 29 34 41 16 22 3 23 14 25 13 11 12 15 40 9 
1 8 38 31 44 18 7 28 52 58 51 54 49 55 50 53 57 56 6 37 19 27 17 43 30 36 46 33 20 47 21 32 39 48 5 42 24 10 45 35 4 26 2 29 34 41 16 22 3 23 14 25 13 11 12 15 40 9 
1 8 38 31 44 18 7 28 52 51 55 49 50 58 54 53 57 56 6 37 19 27 17 43 30 36 46 33 20 47 21 32 39 48 5 42 24 10 45 35 4 26 2 29 34 41 16 22 3 23 14 25 13 11 12 15 40 9 
1 8 38 31 44 18 7 28 52 58 54 55 51 50 49 53 57 56 6 37 19 27 17 43 30 36 46 33 20 47 21 32 39 48 5 42 24 10 45 35 4 26 2 29 34 41 16 22 3 23 14 25 13 11 12 15 40 9 
1 8 38 31 44 18 7 28 52 58 51 54 55 49 50 53 57 56 6 37 19 27 17 43 30 36 46 33 20 47 21 32 39 48 5 42 24 10 45 35 4 26 2 29 34 41 16 22 3 23 14 25 13 11 12 15 40 9 
1 8 38 31 44 18 7 28 52 49 54 50 58 51 55 53 57 56 6 37 19 27 17 43 30 36 46 33 20 47 21 32 39 48 5 42 24 10 45 35 4 26 2 29 34 41 16 22 3 23 14 25 13 11 12 15 40 9 
1 8 38 31 44 18 7 28 52 58 51 50 54 55 49 53 57 56 6 37 19 27 17 43 30 36 46 33 20 47 21 32 39 48 5 42 24 10 45 35 4 26 2 29 34 41 16 22 3 23 14 25 13 11 12 15 40 9 
1 8 38 31 44 18 7 28 52 49 54 50 51 55 58 53 57 56 6 37 19 27 17 43 30 36 46 33 20 47 21 32 39 48 5 42 24 10 45 35 4 26 2 29 34 41 16 22 3 23 14 25 13 11 12 15 40 9 
1 8 38 31 44 18 7 28 52 49 50 54 51 58 55 53 57 56 6 37 19 27 17 43 30 36 46 33 20 47 21 32 39 48 5 42 24 10 45 35 4 26 2 29 34 41 16 22 3 23 14 25 13 11 12 15 40 9 
1 8 38 31 44 18 7 28 52 58 54 51 50 55 49 53 57 56 6 37 19 27 17 43 30 36 46 33 20 47 21 32 39 48 5 42 24 10 45 35 4 26 2 29 34 41 16 22 3 23 14 25 13 11 12 15 40 9 
1 8 38 31 44 18 7 28 52 49 50 58 54 51 55 53 57 56 6 37 19 27 17 43 30 36 46 33 20 47 21 32 39 48 5 42 24 10 45 35 4 26 2 29 34 41 16 22 3 23 14 25 13 11 12 15 40 9 
1 8 38 31 44 18 7 28 52 58 50 55 51 54 49 53 57 56 6 37 19 27 17 43 30 36 46 33 20 47 21 32 39 48 5 42 24 10 45 35 4 26 2 29 34 41 16 22 3 23 14 25 13 11 12 15 40 9 
1 8 38 31 44 18 7 28 52 49 55 50 51 58 54 53 57 56 6 37 19 27 17 43 30 36 46 33 20 47 21 32 39 48 5 42 24 10 45 35 4 26 2 29 34 41 16 22 3 23 14 25 13 11 12 15 40 9 
1 8 38 31 44 18 7 28 52 51 50 58 55 54 49 53 57 56 6 37 19 27 17 43 30 36 46 33 20 47 21 32 39 48 5 42 24 10 45 35 4 26 2 29 34 41 16 22 3 23 14 25 13 11 12 15 40 9 
1 8 38 31 44 18 7 28 52 51 58 50 54 49 55 53 57 56 6 37 19 27 17 43 30 36 46 33 20 47 21 32 39 48 5 42 24 10 45 35 4 26 2 29 34 41 16 22 3 23 14 25 13 11 12 15 40 9 
1 8 38 31 44 18 7 28 52 51 58 55 50 49 54 53 57 56 6 37 19 27 17 43 30 36 46 33 20 47 21 32 39 48 5 42 24 10 45 35 4 26 2 29 34 41 16 22 3 23 14 25 13 11 12 15 40 9 
1 8 38 31 44 18 7 28 52 49 50 55 58 51 54 53 57 56 6 37 19 27 17 43 30 36 46 33 20 47 21 32 39 48 5 42 24 10 45 35 4 26 2 29 34 41 16 22 3 23 14 25 13 11 12 15 40 9 
1 8 38 31 44 18 7 28 52 49 50 58 51 55 54 53 57 56 6 37 19 27 17 43 30 36 46 33 20 47 21 32 39 48 5 42 24 10 45 35 4 26 2 29 34 41 16 22 3 23 14 25 13 11 12 15 40 9 
1 8 38 31 44 18 7 28 52 51 50 54 49 55 58 53 57 56 6 37 19 27 17 43 30 36 46 33 20 47 21 32 39 48 5 42 24 10 45 35 4 26 2 29 34 41 16 22 3 23 14 25 13 11 12 15 40 9 
1 8 38 31 44 18 7 28 52 58 55 49 54 50 51 53 57 56 6 37 19 27 17 43 30 36 46 33 20 47 21 32 39 48 5 42 24 10 45 35 4 26 2 29 34 41 16 22 3 23 14 25 13 11 12 15 40 9 
1 8 38 31 44 18 7 28 52 49 54 58 51 50 55 53 57 56 6 37 19 27 17 43 30 36 46 33 20 47 21 32 39 48 5 42 24 10 45 35 4 26 2 29 34 41 16 22 3 23 14 25 13 11 12 15 40 9 
1 8 38 31 44 18 7 28 52 51 54 58 50 49 55 53 57 56 6 37 19 27 17 43 30 36 46 33 20 47 21 32 39 48 5 42 24 10 45 35 4 26 2 29 34 41 16 22 3 23 14 25 13 11 12 15 40 9 
1 8 38 31 44 18 7 28 52 49 50 51 58 54 55 53 57 56 6 37 19 27 17 43 30 36 46 33 20 47 21 32 39 48 5 42 24 10 45 35 4 26 2 29 34 41 16 22 3 23 14 25 13 11 12 15 40 9 
1 8 38 31 44 18 7 28 52 51 58 50 55 49 54 53 57 56 6 37 19 27 17 43 30 36 46 33 20 47 21 32 39 48 5 42 24 10 45 35 4 26 2 29 34 41 16 22 3 23 14 25 13 11 12 15 40 9 
1 8 38 31 44 18 7 28 52 58 51 50 55 54 49 53 57 56 6 37 19 27 17 43 30 36 46 33 20 47 21 32 39 48 5 42 24 10 45 35 4 26 2 29 34 41 16 22 3 23 14 25 13 11 12 15 40 9 
1 8 38 31 44 18 7 28 52 49 55 50 58 51 54 53 57 56 6 37 19 27 17 43 30 36 46 33 20 47 21 32 39 48 5 42 24 10 45 35 4 26 2 29 34 41 16 22 3 23 14 25 13 11 12 15 40 9 
1 8 38 31 44 18 7 28 52 58 54 49 55 51 50 53 57 56 6 37 19 27 17 43 30 36 46 33 20 47 21 32 39 48 5 42 24 10 45 35 4 26 2 29 34 41 16 22 3 23 14 25 13 11 12 15 40 9 
1 8 38 31 44 18 7 28 52 51 58 50 49 55 54 53 57 56 6 37 19 27 17 43 30 36 46 33 20 47 21 32 39 48 5 42 24 10 45 35 4 26 2 29 34 41 16 22 3 23 14 25 13 11 12 15 40 9 
1 8 38 31 44 18 7 28 52 58 55 51 54 49 50 53 57 56 6 37 19 27 17 43 30 36 46 33 20 47 21 32 39 48 5 42 24 10 45 35 4 26 2 29 34 41 16 22 3 23 14 25 13 11 12 15 40 9 
1 8 38 31 44 18 7 28 52 49 54 51 58 50 55 53 57 56 6 37 19 27 17 43 30 36 46 33 20 47 21 32 39 48 5 42 24 10 45 35 4 26 2 29 34 41 16 22 3 23 14 25 13 11 12 15 40 9 
1 8 38 31 44 18 7 28 52 58 55 51 50 54 49 53 57 56 6 37 19 27 17 43 30 36 46 33 20 47 21 32 39 48 5 42 24 10 45 35 4 26 2 29 34 41 16 22 3 23 14 25 13 11 12 15 40 9 
1 8 38 31 44 18 7 28 52 49 54 51 50 55 58 53 57 56 6 37 19 27 17 43 30 36 46 33 20 47 21 32 39 48 5 42 24 10 45 35 4 26 2 29 34 41 16 22 3 23 14 25 13 11 12 15 40 9 
1 8 38 31 44 18 7 28 52 49 54 55 51 50 58 53 57 56 6 37 19 27 17 43 30 36 46 33 20 47 21 32 39 48 5 42 24 10 45 35 4 26 2 29 34 41 16 22 3 23 14 25 13 11 12 15 40 9 
1 8 38 31 44 18 7 28 52 51 58 50 49 54 55 53 57 56 6 37 19 27 17 43 30 36 46 33 20 47 21 32 39 48 5 42 24 10 45 35 4 26 2 29 34 41 16 22 3 23 14 25 13 11 12 15 40 9 
1 8 38 31 44 18 7 28 52 49 50 58 51 54 55 53 57 56 6 37 19 27 17 43 30 36 46 33 20 47 21 32 39 48 5 42 24 10 45 35 4 26 2 29 34 41 16 22 3 23 14 25 13 11 12 15 40 9 
1 8 38 31 44 18 7 28 52 51 50 49 54 55 58 53 57 56 6 37 19 27 17 43 30 36 46 33 20 47 21 32 39 48 5 42 24 10 45 35 4 26 2 29 34 41 16 22 3 23 14 25 13 11 12 15 40 9 
1 8 38 31 44 18 7 28 52 58 55 54 49 50 51 53 57 56 6 37 19 27 17 43 30 36 46 33 20 47 21 32 39 48 5 42 24 10 45 35 4 26 2 29 34 41 16 22 3 23 14 25 13 11 12 15 40 9 
1 8 38 31 44 18 7 28 52 49 50 51 54 55 58 53 57 56 6 37 19 27 17 43 30 36 46 33 20 47 21 32 39 48 5 42 24 10 45 35 4 26 2 29 34 41 16 22 3 23 14 25 13 11 12 15 40 9 
1 8 38 31 44 18 7 28 52 49 50 51 55 58 54 53 57 56 6 37 19 27 17 43 30 36 46 33 20 47 21 32 39 48 5 42 24 10 45 35 4 26 2 29 34 41 16 22 3 23 14 25 13 11 12 15 40 9 
1 8 38 31 44 18 7 28 52 49 55 54 51 50 58 53 57 56 6 37 19 27 17 43 30 36 46 33 20 47 21 32 39 48 5 42 24 10 45 35 4 26 2 29 34 41 16 22 3 23 14 25 13 11 12 15 40 9 
1 8 38 31 44 18 7 28 52 49 55 58 51 50 54 53 57 56 6 37 19 27 17 43 30 36 46 33 20 47 21 32 39 48 5 42 24 10 45 35 4 26 2 29 34 41 16 22 3 23 14 25 13 11 12 15 40 9 
1 8 38 31 44 18 7 28 52 58 51 55 49 50 54 53 57 56 6 37 19 27 17 43 30 36 46 33 20 47 21 32 39 48 5 42 24 10 45 35 4 26 2 29 34 41 16 22 3 23 14 25 13 11 12 15 40 9 
1 8 38 31 44 18 7 28 52 49 55 51 50 58 54 53 57 56 6 37 19 27 17 43 30 36 46 33 20 47 21 32 39 48 5 42 24 10 45 35 4 26 2 29 34 41 16 22 3 23 14 25 13 11 12 15 40 9 
1 8 38 31 44 18 7 28 52 51 50 49 55 58 54 53 57 56 6 37 19 27 17 43 30 36 46 33 20 47 21 32 39 48 5 42 24 10 45 35 4 26 2 29 34 41 16 22 3 23 14 25 13 11 12 15 40 9 
1 8 38 31 44 18 7 28 52 51 55 58 50 49 54 53 57 56 6 37 19 27 17 43 30 36 46 33 20 47 21 32 39 48 5 42 24 10 45 35 4 26 2 29 34 41 16 22 3 23 14 25 13 11 12 15 40 9 
1 8 38 31 44 18 7 28 52 49 50 58 55 51 54 53 57 56 6 37 19 27 17 43 30 36 46 33 20 47 21 32 39 48 5 42 24 10 45 35 4 26 2 29 34 41 16 22 3 23 14 25 13 11 12 15 40 9 
1 8 38 31 44 18 7 28 52 49 54 50 51 58 55 53 57 56 6 37 19 27 17 43 30 36 46 33 20 47 21 32 39 48 5 42 24 10 45 35 4 26 2 29 34 41 16 22 3 23 14 25 13 11 12 15 40 9 
1 8 38 31 44 18 7 28 52 49 54 58 50 51 55 53 57 56 6 37 19 27 17 43 30 36 46 33 20 47 21 32 39 48 5 42 24 10 45 35 4 26 2 29 34 41 16 22 3 23 14 25 13 11 12 15 40 9 
1 8 38 31 44 18 7 28 52 51 50 49 54 58 55 53 57 56 6 37 19 27 17 43 30 36 46 33 20 47 21 32 39 48 5 42 24 10 45 35 4 26 2 29 34 41 16 22 3 23 14 25 13 11 12 15 40 9 
1 8 38 31 44 18 7 28 52 49 50 51 54 58 55 53 57 56 6 37 19 27 17 43 30 36 46 33 20 47 21 32 39 48 5 42 24 10 45 35 4 26 2 29 34 41 16 22 3 23 14 25 13 11 12 15 40 9 
1 8 38 31 44 18 7 28 52 58 50 51 55 54 49 53 57 56 6 37 19 27 17 43 30 36 46 33 20 47 21 32 39 48 5 42 24 10 45 35 4 26 2 29 34 41 16 22 3 23 14 25 13 11 12 15 40 9 
1 8 38 31 44 18 7 28 52 58 55 50 51 54 49 53 57 56 6 37 19 27 17 43 30 36 46 33 20 47 21 32 39 48 5 42 24 10 45 35 4 26 2 29 34 41 16 22 3 23 14 25 13 11 12 15 40 9 
1 8 38 31 44 18 7 28 52 58 51 55 50 49 54 53 57 56 6 37 19 27 17 43 30 36 46 33 20 47 21 32 39 48 5 42 24 10 45 35 4 26 2 29 34 41 16 22 3 23 14 25 13 11 12 15 40 9 
1 8 38 31 44 18 7 28 52 58 55 54 51 50 49 53 57 56 6 37 19 27 17 43 30 36 46 33 20 47 21 32 39 48 5 42 24 10 45 35 4 26 2 29 34 41 16 22 3 23 14 25 13 11 12 15 40 9 
1 8 38 31 44 18 7 28 52 49 50 51 58 55 54 53 57 56 6 37 19 27 17 43 30 36 46 33 20 47 21 32 39 48 5 42 24 10 45 35 4 26 2 29 34 41 16 22 3 23 14 25 13 11 12 15 40 9 
1 8 38 31 44 18 7 28 52 51 50 58 54 49 55 53 57 56 6 37 19 27 17 43 30 36 46 33 20 47 21 32 39 48 5 42 24 10 45 35 4 26 2 29 34 41 16 22 3 23 14 25 13 11 12 15 40 9 
1 8 38 31 44 18 7 28 52 58 51 54 50 49 55 53 57 56 6 37 19 27 17 43 30 36 46 33 20 47 21 32 39 48 5 42 24 10 45 35 4 26 2 29 34 41 16 22 3 23 14 25 13 11 12 15 40 9 
1 8 38 31 44 18 7 28 52 58 50 51 54 55 49 53 57 56 6 37 19 27 17 43 30 36 46 33 20 47 21 32 39 48 5 42 24 10 45 35 4 26 2 29 34 41 16 22 3 23 14 25 13 11 12 15 40 9 
1 8 38 31 44 18 7 28 52 51 54 49 50 58 55 53 57 56 6 37 19 27 17 43 30 36 46 33 20 47 21 32 39 48 5 42 24 10 45 35 4 26 2 29 34 41 16 22 3 23 14 25 13 11 12 15 40 9 
1 8 38 31 44 18 7 28 52 58 51 54 49 50 55 53 57 56 6 37 19 27 17 43 30 36 46 33 20 47 21 32 39 48 5 42 24 10 45 35 4 26 2 29 34 41 16 22 3 23 14 25 13 11 12 15 40 9 
1 8 38 31 44 18 7 28 52 58 55 49 54 51 50 53 57 56 6 37 19 27 17 43 30 36 46 33 20 47 21 32 39 48 5 42 24 10 45 35 4 26 2 29 34 41 16 22 3 23 14 25 13 11 12 15 40 9 
1 8 38 31 44 18 7 28 52 58 54 49 50 51 55 53 57 56 6 37 19 27 17 43 30 36 46 33 20 47 21 32 39 48 5 42 24 10 45 35 4 26 2 29 34 41 16 22 3 23 14 25 13 11 12 15 40 9 
1 8 38 31 44 18 7 28 52 51 50 58 55 49 54 53 57 56 6 37 19 27 17 43 30 36 46 33 20 47 21 32 39 48 5 42 24 10 45 35 4 26 2 29 34 41 16 22 3 23 14 25 13 11 12 15 40 9 
1 8 38 31 44 18 7 28 52 49 55 58 50 51 54 53 57 56 6 37 19 27 17 43 30 36 46 33 20 47 21 32 39 48 5 42 24 10 45 35 4 26 2 29 34 41 16 22 3 23 14 25 13 11 12 15 40 9 
1 8 38 31 44 18 7 28 52 58 50 49 55 51 54 53 57 56 6 37 19 27 17 43 30 36 46 33 20 47 21 32 39 48 5 42 24 10 45 35 4 26 2 29 34 41 16 22 3 23 14 25 13 11 12 15 40 9 
1 8 38 31 44 18 7 28 52 58 51 50 54 49 55 53 57 56 6 37 19 27 17 43 30 36 46 33 20 47 21 32 39 48 5 42 24 10 45 35 4 26 2 29 34 41 16 22 3 23 14 25 13 11 12 15 40 9 
1 8 38 31 44 18 7 28 52 58 54 51 50 49 55 53 57 56 6 37 19 27 17 43 30 36 46 33 20 47 21 32 39 48 5 42 24 10 45 35 4 26 2 29 34 41 16 22 3 23 14 25 13 11 12 15 40 9 
1 8 38 31 44 18 7 28 52 49 54 51 50 58 55 53 57 56 6 37 19 27 17 43 30 36 46 33 20 47 21 32 39 48 5 42 24 10 45 35 4 26 2 29 34 41 16 22 3 23 14 25 13 11 12 15 40 9 
1 8 38 31 44 18 7 28 52 58 50 49 54 51 55 53 57 56 6 37 19 27 17 43 30 36 46 33 20 47 21 32 39 48 5 42 24 10 45 35 4 26 2 29 34 41 16 22 3 23 14 25 13 11 12 15 40 9 
1 8 38 31 44 18 7 28 52 58 51 50 55 49 54 53 57 56 6 37 19 27 17 43 30 36 46 33 20 47 21 32 39 48 5 42 24 10 45 35 4 26 2 29 34 41 16 22 3 23 14 25 13 11 12 15 40 9 
1 8 38 31 44 18 7 28 52 58 51 50 49 55 54 53 57 56 6 37 19 27 17 43 30 36 46 33 20 47 21 32 39 48 5 42 24 10 45 35 4 26 2 29 34 41 16 22 3 23 14 25 13 11 12 15 40 9 
1 8 38 31 44 18 7 28 52 58 51 50 49 54 55 53 57 56 6 37 19 27 17 43 30 36 46 33 20 47 21 32 39 48 5 42 24 10 45 35 4 26 2 29 34 41 16 22 3 23 14 25 13 11 12 15 40 9 
1 8 38 31 44 18 7 28 52 58 55 51 50 49 54 53 57 56 6 37 19 27 17 43 30 36 46 33 20 47 21 32 39 48 5 42 24 10 45 35 4 26 2 29 34 41 16 22 3 23 14 25 13 11 12 15 40 9 
1 8 38 31 44 18 7 28 52 58 50 51 55 49 54 53 57 56 6 37 19 27 17 43 30 36 46 33 20 47 21 32 39 48 5 42 24 10 45 35 4 26 2 29 34 41 16 22 3 23 14 25 13 11 12 15 40 9 
1 8 38 31 44 18 7 28 52 58 55 49 50 51 54 53 57 56 6 37 19 27 17 43 30 36 46 33 20 47 21 32 39 48 5 42 24 10 45 35 4 26 2 29 34 41 16 22 3 23 14 25 13 11 12 15 40 9 
1 8 38 31 44 18 7 28 52 58 50 51 54 49 55 53 57 56 6 37 19 27 17 43 30 36 46 33 20 47 21 32 39 48 5 42 24 10 45 35 4 26 2 29 34 41 16 22 3 23 14 25 13 11 12 15 40 9 
1 8 38 31 44 18 7 28 52 58 57 53 55 49 50 51 54 56 6 37 19 27 17 43 30 36 46 33 20 47 21 32 39 48 5 42 24 10 45 35 4 26 2 29 34 41 16 22 3 23 14 25 13 11 12 15 40 9 
1 8 38 31 44 18 7 28 52 58 57 53 55 49 54 51 50 56 6 37 19 27 17 43 30 36 46 33 20 47 21 32 39 48 5 42 24 10 45 35 4 26 2 29 34 41 16 22 3 23 14 25 13 11 12 15 40 9 
1 8 38 31 44 18 7 28 52 58 57 53 54 49 50 51 55 56 6 37 19 27 17 43 30 36 46 33 20 47 21 32 39 48 5 42 24 10 45 35 4 26 2 29 34 41 16 22 3 23 14 25 13 11 12 15 40 9 
1 8 38 31 44 18 7 28 52 58 57 53 54 51 50 49 55 56 6 37 19 27 17 43 30 36 46 33 20 47 21 32 39 48 5 42 24 10 45 35 4 26 2 29 34 41 16 22 3 23 14 25 13 11 12 15 40 9 
1 8 38 31 44 18 7 28 52 58 57 51 50 49 54 53 55 56 6 37 19 27 17 43 30 36 46 33 20 47 21 32 39 48 5 42 24 10 45 35 4 26 2 29 34 41 16 22 3 23 14 25 13 11 12 15 40 9 
1 8 38 31 44 18 7 28 52 54 51 50 49 55 53 57 58 56 6 37 19 27 17 43 30 36 46 33 20 47 21 32 39 48 5 42 24 10 45 35 4 26 2 29 34 41 16 22 3 23 14 25 13 11 12 15 40 9 
1 8 38 31 44 18 7 28 52 54 53 55 49 50 51 58 57 56 6 37 19 27 17 43 30 36 46 33 20 47 21 32 39 48 5 42 24 10 45 35 4 26 2 29 34 41 16 22 3 23 14 25 13 11 12 15 40 9 
1 8 38 31 44 18 7 28 52 55 53 54 49 50 51 58 57 56 6 37 19 27 17 43 30 36 46 33 20 47 21 32 39 48 5 42 24 10 45 35 4 26 2 29 34 41 16 22 3 23 14 25 13 11 12 15 40 9 
0
13306 15794 
13324 15782 
13336 15774 
13354 15762 
13366 15754 
13384 15742 
13384 15742 
13516 15654 
13534 15642 
13558 15626 
13558 15626 
13558 15626 
13564 15622 
13576 15614 
13588 15606 
13594 15602 
13594 15602 
13606 15594 
13618 15586 
13630 15578 
13648 15566 
13648 15566 
13648 15566 
13660 15558 
13666 15554 
13672 15550 
13678 15546 
13678 15546 
13690 15538 
13690 15538 
13696 15534 
13708 15526 
13714 15522 
13714 15522 
13714 15522 
13726 15514 
13738 15506 
13744 15502 
13756 15494 
13762 15490 
13768 15486 
13768 15486 
13768 15486 
13768 15486 
13774 15482 
13774 15482 
13780 15478 
13780 15478 
13786 15474 
13798 15466 
13798 15466 
13798 15466 
13804 15462 
13804 15462 
13804 15462 
13804 15462 
13816 15454 
13816 15454 
13816 15454 
13816 15454 
13822 15450 
13822 15450 
13822 15450 
13822 15450 
13828 15446 
13828 15446 
13834 15442 
13840 15438 
13840 15438 
13840 15438 
13846 15434 
13846 15434 
13846 15434 
13846 15434 
13852 15430 
13852 15430 
13852 15430 
13852 15430 
13852 15430 
13852 15430 
13858 15426 
13858 15426 
13864 15422 
13864 15422 
13864 15422 
13864 15422 
13870 15418 
13870 15418 
13876 15414 
13876 15414 
13876 15414 
13876 15414 
13882 15410 
13888 15254 
13918 15234 
13924 15230 
13924 15230 
13942 15218 
13996 15182 
13996 15182 
13996 15182 
14014 15170 
14026 15162 
14026 15162 
14026 15162 
14026 15162 
14032 15158 
14044 15150 
14044 15150 
14044 15150 
14050 15146 
14068 15134 
14068 15134 
14104 15110 
14110 15106 
14110 15106 
14110 15106 
14164 15070 
14164 15070 
14170 15066 
14170 15066 
14176 15062 
14176 15062 
14176 15062 
14176 15062 
14182 15058 
14182 15058 
14194 15050 
14194 15050 
14200 15046 
14212 15038 
14224 15030 
14224 15030 
14242 15018 
14242 15018 
14242 15018 
14242 15018 
14248 15014 
14260 15006 
14266 15002 
14272 14998 
14278 14994 
14278 14994 
14284 14990 
14284 14990 
14290 14986 
14290 14986 
14308 14974 
14308 14974 
14314 14970 
14314 14970 
14320 14966 
14326 14962 
14332 14958 
14338 14954 
14338 14954 
14338 14954 
14338 14954 
14344 14950 
14344 14950 
14344 14950 
14344 14950 
14350 14946 
14350 14946 
14356 14942 
14356 14942 
14356 14942 
14362 14938 
14362 14938 
14362 14938 
14374 14930 
14374 14930 
14380 14926 
14380 14926 
14386 14922 
14392 14918 
14392 14918 
14392 14918 
14398 14914 
14404 14910 
14404 14910 
14404 14910 
14416 14902 
14416 14902 
14422 14898 
14428 14894 
14428 14894 
14428 14894 
14440 14886 
14446 14882 
14446 14882 
14446 14882 
14446 14882 
14446 14882 
14446 14882 
14446 14882 
14446 14882 
14446 14882 
14446 14882 
14446 14882 
14452 14878 
14458 14874 
14458 14874 
14458 14874 
14458 14874 
14458 14874 
14464 14870 
14464 14870 
14464 14870 
14464 14870 
14464 14870 
14464 14870 
14464 14870 
14470 14866 
14470 14866 
14470 14866 
14476 14862 
14476 14862 
14482 14858 
14482 14858 
14482 14858 
14482 14858 
14488 14854 
14488 14854 
14488 14854 
14488 14854 
14488 14854 
14488 14854 
14488 14854 
14494 14850 
14494 14850 
14494 14850 
14494 14850 
14494 14850 
14494 14850 
14494 14850 
14494 14850 
14494 14850 
14500 14846 
14500 14846 
14500 14846 
14506 14842 
14512 14838 
14512 14838 
14512 14838 
14512 14838 
14512 14838 
14512 14838 
14518 14834 
14518 14834 
14518 14834 
14518 14834 
14524 14830 
14530 14826 
14530 14826 
14530 14826 
14530 14826 
14530 14826 
14530 14826 
14530 14826 
14536 14822 
14536 14822 
14536 14822 
14542 14818 
14542 14818 
14542 14818 
14542 14818 
14542 14818 
14542 14818 
14542 14818 
14548 14814 
14554 14810 
14560 14806 
14560 14806 
14560 14806 
14560 14806 
14560 14806 
14560 14806 
14560 14806 
14560 14806 
14566 14802 
14566 14802 
14572 14798 
14578 14794 
14578 14794 
14584 14790 
14590 14786 
14596 14782 
14596 14782 
14596 14782 
14596 14782 
14596 14782 
14596 14782 
14596 14782 
14602 14778 
14602 14778 
14602 14778 
14602 14778 
14608 14774 
14608 14774 
14614 14770 
14614 14770 
14614 14770 
14614 14770 
14614 14770 
14614 14770 
14614 14770 
14620 14614 
14752 14526 
14794 14498 
14824 14478 
14914 14418 
14926 14410 
14968 14382 
14980 14374 
14992 14366 
14998 14362 
15004 14358 
15004 14358 
15022 14346 
15040 14334 
15052 14326 
15088 14302 
15112 14286 
15142 14266 
15148 14262 
15154 14258 
15166 14250 
15178 14242 
15178 14242 
15208 14222 
15214 14218 
15214 14218 
15214 14218 
15220 14214 
15226 14210 
15292 14166 
15292 14166 
15292 14166 
15316 14150 
15316 14150 
15322 14146 
15322 14146 
15322 14146 
15328 14142 
15328 14142 
15334 14138 
15340 14134 
15346 14130 
15364 14118 
15364 14118 
15382 14106 
15388 14102 
15394 14098 
15424 14078 
15430 14074 
15442 14066 
15442 14066 
15460 14054 
15466 14050 
15466 14050 
15466 14050 
15490 14034 
15490 14034 
15496 14030 
15502 14026 
15514 14018 
15520 14014 
15532 14006 
15532 14006 
15538 14002 
15562 13986 
15568 13982 
15598 13962 
15610 13954 
15610 13954 
15610 13954 
15616 13950 
15634 13938 
15634 13938 
15640 13934 
15652 13926 
15664 13918 
15670 13914 
15682 13906 
15688 13902 
15694 13898 
15700 13894 
15706 13890 
15706 13890 
15706 13890 
15712 13886 
15724 13878 
15730 13874 
15730 13874 
15736 13870 
15742 13866 
15742 13866 
15742 13866 
15742 13866 
15742 13866 
15760 13854 
15778 13842 
15784 13838 
15790 13834 
15790 13834 
15790 13834 
15808 13822 
15808 13822 
15814 13818 
15814 13818 
15826 13810 
15832 13806 
15838 13802 
15838 13802 
15856 13790 
15862 13786 
15874 13778 
15880 13774 
15886 13770 
15886 13770 
15898 13762 
15898 13762 
15904 13758 
15910 13754 
15928 13742 
15934 13738 
15940 13734 
15940 13734 
15946 13730 
15946 13730 
15958 13722 
15964 13718 
15982 13706 
15982 13706 
15982 13706 
15988 13702 
16000 13694 
16006 13690 
16036 13670 
16042 13666 
16054 13658 
16060 13654 
16060 13654 
16060 13654 
16066 13650 
16078 13642 
16078 13642 
16084 13638 
16108 13622 
16132 13606 
16144 13598 
16150 13594 
16156 13590 
16174 13578 
16186 13570 
16192 13566 
16198 13562 
16210 13554 
16228 13542 
16234 13538 
16234 13538 
16234 13538 
16258 13522 
16258 13522 
16276 13510 
16276 13510 
16276 13510 
16306 13490 
16312 13486 
16384 13438 
16420 13414 
16552 13326 
16570 13314 
16576 13310 
16582 13306 
16588 13302 
16624 13278 
16630 13274 
16636 13270 
16642 13266 
16666 13250 
16720 13214 
16846 13130 
16894 13098 
16918 13082 
17020 13014 
17254 13010 
17332 12958 
17350 12946 
17422 12898 
17656 12894 
17932 12866 
17932 12866 
17944 12858 
