1 8 38 31 44 18 7 28 6 37 19 27 17 43 30 36 46 33 20 47 21 32 53 51 57 49 56 52 58 50 55 54 39 48 5 42 24 10 45 35 4 26 2 29 34 41 16 22 3 23 14 25 13 11 12 15 40 9 
1 8 38 31 44 18 7 28 6 37 19 27 17 43 30 36 46 33 20 47 21 32 53 51 57 49 56 55 50 58 52 54 39 48 5 42 24 10 45 35 4 26 2 29 34 41 16 22 3 23 14 25 13 11 12 15 40 9 
1 8 38 31 44 18 7 28 6 37 19 27 17 43 30 36 46 33 20 47 21 32 53 51 57 49 56 58 50 55 52 54 39 48 5 42 24 10 45 35 4 26 2 29 34 41 16 22 3 23 14 25 13 11 12 15 40 9 
1 8 38 31 44 18 7 28 6 37 19 27 17 43 30 36 46 33 20 47 21 32 53 51 57 49 56 52 55 58 50 54 39 48 5 42 24 10 45 35 4 26 2 29 34 41 16 22 3 23 14 25 13 11 12 15 40 9 
1 8 38 31 44 18 7 28 6 37 19 27 17 43 30 36 46 33 20 47 21 32 53 51 57 49 56 55 52 58 50 54 39 48 5 42 24 10 45 35 4 26 2 29 34 41 16 22 3 23 14 25 13 11 12 15 40 9 
1 8 38 31 44 18 7 28 6 37 19 27 17 43 30 36 46 33 20 47 21 32 53 51 57 49 56 52 58 55 50 54 39 48 5 42 24 10 45 35 4 26 2 29 34 41 16 22 3 23 14 25 13 11 12 15 40 9 
1 8 38 31 44 18 7 28 6 37 19 27 17 43 30 36 46 33 20 47 21 32 53 51 57 49 56 58 52 55 50 54 39 48 5 42 24 10 45 35 4 26 2 29 34 41 16 22 3 23 14 25 13 11 12 15 40 9 
1 8 38 31 44 18 7 28 6 37 19 27 17 43 30 36 46 33 20 47 21 32 53 51 50 58 52 57 49 56 55 54 39 48 5 42 24 10 45 35 4 26 2 29 34 41 16 22 3 23 14 25 13 11 12 15 40 9 
1 8 38 31 44 18 7 28 6 37 19 27 17 43 30 36 46 33 20 47 21 32 53 51 50 58 56 49 57 52 55 54 39 48 5 42 24 10 45 35 4 26 2 29 34 41 16 22 3 23 14 25 13 11 12 15 40 9 
1 8 38 31 44 18 7 28 6 37 19 27 17 43 30 36 46 33 20 47 21 32 53 51 57 49 56 50 58 52 55 54 39 48 5 42 24 10 45 35 4 26 2 29 34 41 16 22 3 23 14 25 13 11 12 15 40 9 
1 8 38 31 44 18 7 28 6 37 19 27 17 43 30 36 46 33 20 47 21 32 53 51 57 52 55 49 56 58 50 54 39 48 5 42 24 10 45 35 4 26 2 29 34 41 16 22 3 23 14 25 13 11 12 15 40 9 
1 8 38 31 44 18 7 28 6 37 19 27 17 43 30 36 46 33 20 47 21 32 53 51 57 52 56 49 55 58 50 54 39 48 5 42 24 10 45 35 4 26 2 29 34 41 16 22 3 23 14 25 13 11 12 15 40 9 
1 8 38 31 44 18 7 28 6 37 19 27 17 43 30 36 46 33 20 47 21 32 53 51 50 58 55 56 49 57 52 54 39 48 5 42 24 10 45 35 4 26 2 29 34 41 16 22 3 23 14 25 13 11 12 15 40 9 
1 8 38 31 44 18 7 28 6 37 19 27 17 43 30 36 46 33 20 47 21 32 53 51 57 49 56 50 58 55 52 54 39 48 5 42 24 10 45 35 4 26 2 29 34 41 16 22 3 23 14 25 13 11 12 15 40 9 
1 8 38 31 44 18 7 28 6 37 19 27 17 43 30 36 46 33 20 47 21 32 53 51 52 57 49 56 58 50 55 54 39 48 5 42 24 10 45 35 4 26 2 29 34 41 16 22 3 23 14 25 13 11 12 15 40 9 
1 8 38 31 44 18 7 28 6 37 19 27 17 43 30 36 46 33 20 47 21 32 53 51 57 52 49 56 58 50 55 54 39 48 5 42 24 10 45 35 4 26 2 29 34 41 16 22 3 23 14 25 13 11 12 15 40 9 
1 8 38 31 44 18 7 28 6 37 19 27 17 43 30 36 46 33 20 47 21 32 53 51 49 57 52 56 58 50 55 54 39 48 5 42 24 10 45 35 4 26 2 29 34 41 16 22 3 23 14 25 13 11 12 15 40 9 
1 8 38 31 44 18 7 28 6 37 19 27 17 43 30 36 46 33 20 47 21 32 53 51 57 49 52 56 58 50 55 54 39 48 5 42 24 10 45 35 4 26 2 29 34 41 16 22 3 23 14 25 13 11 12 15 40 9 
1 8 38 31 44 18 7 28 6 37 19 27 17 43 30 36 46 33 20 47 21 32 53 51 52 57 49 50 58 56 55 54 39 48 5 42 24 10 45 35 4 26 2 29 34 41 16 22 3 23 14 25 13 11 12 15 40 9 
1 8 38 31 44 18 7 28 6 37 19 27 17 43 30 36 46 33 20 47 21 32 53 51 57 52 49 50 58 56 55 54 39 48 5 42 24 10 45 35 4 26 2 29 34 41 16 22 3 23 14 25 13 11 12 15 40 9 
1 8 38 31 44 18 7 28 6 37 19 27 17 43 30 36 46 33 20 47 21 32 53 51 52 57 49 56 55 58 50 54 39 48 5 42 24 10 45 35 4 26 2 29 34 41 16 22 3 23 14 25 13 11 12 15 40 9 
1 8 38 31 44 18 7 28 6 37 19 27 17 43 30 36 46 33 20 47 21 32 53 51 57 52 49 56 55 58 50 54 39 48 5 42 24 10 45 35 4 26 2 29 34 41 16 22 3 23 14 25 13 11 12 15 40 9 
1 8 38 31 44 18 7 28 6 37 19 27 17 43 30 36 46 33 20 47 21 32 53 51 49 57 52 55 56 58 50 54 39 48 5 42 24 10 45 35 4 26 2 29 34 41 16 22 3 23 14 25 13 11 12 15 40 9 
1 8 38 31 44 18 7 28 6 37 19 27 17 43 30 36 46 33 20 47 21 32 53 51 49 57 52 56 55 58 50 54 39 48 5 42 24 10 45 35 4 26 2 29 34 41 16 22 3 23 14 25 13 11 12 15 40 9 
1 8 38 31 44 18 7 28 6 37 19 27 17 43 30 36 46 33 20 47 21 32 53 51 57 49 52 55 56 58 50 54 39 48 5 42 24 10 45 35 4 26 2 29 34 41 16 22 3 23 14 25 13 11 12 15 40 9 
1 8 38 31 44 18 7 28 6 37 19 27 17 43 30 36 46 33 20 47 21 32 53 51 57 49 52 56 55 58 50 54 39 48 5 42 24 10 45 35 4 26 2 29 34 41 16 22 3 23 14 25 13 11 12 15 40 9 
1 8 38 31 44 18 7 28 6 37 19 27 17 43 30 36 46 33 20 47 21 32 53 51 52 57 49 56 50 58 55 54 39 48 5 42 24 10 45 35 4 26 2 29 34 41 16 22 3 23 14 25 13 11 12 15 40 9 
1 8 38 31 44 18 7 28 6 37 19 27 17 43 30 36 46 33 20 47 21 32 53 51 57 52 49 56 50 58 55 54 39 48 5 42 24 10 45 35 4 26 2 29 34 41 16 22 3 23 14 25 13 11 12 15 40 9 
1 8 38 31 44 18 7 28 6 37 19 27 17 43 30 36 46 33 20 47 21 32 53 51 49 57 52 56 50 58 55 54 39 48 5 42 24 10 45 35 4 26 2 29 34 41 16 22 3 23 14 25 13 11 12 15 40 9 
1 8 38 31 44 18 7 28 6 37 19 27 17 43 30 36 46 33 20 47 21 32 53 51 49 57 52 58 50 56 55 54 39 48 5 42 24 10 45 35 4 26 2 29 34 41 16 22 3 23 14 25 13 11 12 15 40 9 
1 8 38 31 44 18 7 28 6 37 19 27 17 43 30 36 46 33 20 47 21 32 53 51 52 57 49 55 56 58 50 54 39 48 5 42 24 10 45 35 4 26 2 29 34 41 16 22 3 23 14 25 13 11 12 15 40 9 
1 8 38 31 44 18 7 28 6 37 19 27 17 43 30 36 46 33 20 47 21 32 53 51 57 49 52 56 50 58 55 54 39 48 5 42 24 10 45 35 4 26 2 29 34 41 16 22 3 23 14 25 13 11 12 15 40 9 
1 8 38 31 44 18 7 28 6 37 19 27 17 43 30 36 46 33 20 47 21 32 53 51 57 49 52 58 50 56 55 54 39 48 5 42 24 10 45 35 4 26 2 29 34 41 16 22 3 23 14 25 13 11 12 15 40 9 
1 8 38 31 44 18 7 28 6 37 19 27 17 43 30 36 46 33 20 47 21 32 53 51 57 52 49 55 56 58 50 54 39 48 5 42 24 10 45 35 4 26 2 29 34 41 16 22 3 23 14 25 13 11 12 15 40 9 
1 8 38 31 44 18 7 28 6 37 19 27 17 43 30 36 46 33 20 47 21 32 53 56 49 51 57 52 55 58 50 54 39 48 5 42 24 10 45 35 4 26 2 29 34 41 16 22 3 23 14 25 13 11 12 15 40 9 
1 8 38 31 44 18 7 28 6 37 19 27 17 43 30 36 46 33 20 47 21 32 53 56 49 57 51 52 55 58 50 54 39 48 5 42 24 10 45 35 4 26 2 29 34 41 16 22 3 23 14 25 13 11 12 15 40 9 
1 8 38 31 44 18 7 28 6 37 19 27 17 43 30 36 46 33 20 47 21 32 53 56 49 51 57 52 58 55 50 54 39 48 5 42 24 10 45 35 4 26 2 29 34 41 16 22 3 23 14 25 13 11 12 15 40 9 
1 8 38 31 44 18 7 28 6 37 19 27 17 43 30 36 46 33 20 47 21 32 53 56 49 57 51 52 58 55 50 54 39 48 5 42 24 10 45 35 4 26 2 29 34 41 16 22 3 23 14 25 13 11 12 15 40 9 
1 8 38 31 44 18 7 28 6 37 19 27 17 43 30 36 46 33 20 47 21 32 53 56 49 52 57 51 50 58 55 54 39 48 5 42 24 10 45 35 4 26 2 29 34 41 16 22 3 23 14 25 13 11 12 15 40 9 
1 8 38 31 44 18 7 28 6 37 19 27 17 43 30 36 46 33 20 47 21 32 53 56 49 57 52 51 50 58 55 54 39 48 5 42 24 10 45 35 4 26 2 29 34 41 16 22 3 23 14 25 13 11 12 15 40 9 
1 8 38 31 44 18 7 28 6 37 19 27 17 43 30 36 46 33 20 47 21 32 53 58 50 51 52 57 49 56 55 54 39 48 5 42 24 10 45 35 4 26 2 29 34 41 16 22 3 23 14 25 13 11 12 15 40 9 
1 8 38 31 44 18 7 28 6 37 19 27 17 43 30 36 46 33 20 47 21 32 53 58 50 51 57 52 49 56 55 54 39 48 5 42 24 10 45 35 4 26 2 29 34 41 16 22 3 23 14 25 13 11 12 15 40 9 
1 8 38 31 44 18 7 28 6 37 19 27 17 43 30 36 46 33 20 47 21 32 53 58 50 56 49 51 57 52 55 54 39 48 5 42 24 10 45 35 4 26 2 29 34 41 16 22 3 23 14 25 13 11 12 15 40 9 
1 8 38 31 44 18 7 28 6 37 19 27 17 43 30 36 46 33 20 47 21 32 53 58 50 56 49 57 51 52 55 54 39 48 5 42 24 10 45 35 4 26 2 29 34 41 16 22 3 23 14 25 13 11 12 15 40 9 
1 8 38 31 44 18 7 28 6 37 19 27 17 43 30 36 46 33 20 47 21 32 53 51 49 57 52 55 58 56 50 54 39 48 5 42 24 10 45 35 4 26 2 29 34 41 16 22 3 23 14 25 13 11 12 15 40 9 
1 8 38 31 44 18 7 28 6 37 19 27 17 43 30 36 46 33 20 47 21 32 53 51 49 57 52 58 55 56 50 54 39 48 5 42 24 10 45 35 4 26 2 29 34 41 16 22 3 23 14 25 13 11 12 15 40 9 
1 8 38 31 44 18 7 28 6 37 19 27 17 43 30 36 46 33 20 47 21 32 53 51 57 49 52 55 58 56 50 54 39 48 5 42 24 10 45 35 4 26 2 29 34 41 16 22 3 23 14 25 13 11 12 15 40 9 
1 8 38 31 44 18 7 28 6 37 19 27 17 43 30 36 46 33 20 47 21 32 53 51 57 49 52 58 55 56 50 54 39 48 5 42 24 10 45 35 4 26 2 29 34 41 16 22 3 23 14 25 13 11 12 15 40 9 
1 8 38 31 44 18 7 28 6 37 19 27 17 43 30 36 46 33 20 47 21 32 53 56 55 58 50 51 49 57 52 54 39 48 5 42 24 10 45 35 4 26 2 29 34 41 16 22 3 23 14 25 13 11 12 15 40 9 
1 8 38 31 44 18 7 28 6 37 19 27 17 43 30 36 46 33 20 47 21 32 53 56 55 58 50 51 57 49 52 54 39 48 5 42 24 10 45 35 4 26 2 29 34 41 16 22 3 23 14 25 13 11 12 15 40 9 
1 8 38 31 44 18 7 28 6 37 19 27 17 43 30 36 46 33 20 47 21 32 53 58 50 56 55 52 51 57 49 54 39 48 5 42 24 10 45 35 4 26 2 29 34 41 16 22 3 23 14 25 13 11 12 15 40 9 
1 8 38 31 44 18 7 28 6 37 19 27 17 43 30 36 46 33 20 47 21 32 53 58 50 56 55 52 57 51 49 54 39 48 5 42 24 10 45 35 4 26 2 29 34 41 16 22 3 23 14 25 13 11 12 15 40 9 
1 8 38 31 44 18 7 28 6 37 19 27 17 43 30 36 46 33 20 47 21 32 53 58 55 50 56 49 51 57 52 54 39 48 5 42 24 10 45 35 4 26 2 29 34 41 16 22 3 23 14 25 13 11 12 15 40 9 
1 8 38 31 44 18 7 28 6 37 19 27 17 43 30 36 46 33 20 47 21 32 53 58 55 50 56 49 57 51 52 54 39 48 5 42 24 10 45 35 4 26 2 29 34 41 16 22 3 23 14 25 13 11 12 15 40 9 
1 8 38 31 44 18 7 28 6 37 19 27 17 43 30 36 46 33 20 47 21 32 53 51 52 57 49 55 58 56 50 54 39 48 5 42 24 10 45 35 4 26 2 29 34 41 16 22 3 23 14 25 13 11 12 15 40 9 
1 8 38 31 44 18 7 28 6 37 19 27 17 43 30 36 46 33 20 47 21 32 53 51 57 52 49 55 58 56 50 54 39 48 5 42 24 10 45 35 4 26 2 29 34 41 16 22 3 23 14 25 13 11 12 15 40 9 
1 8 38 31 44 18 7 28 6 37 19 27 17 43 30 36 46 33 20 47 21 32 53 56 50 58 55 49 51 57 52 54 39 48 5 42 24 10 45 35 4 26 2 29 34 41 16 22 3 23 14 25 13 11 12 15 40 9 
1 8 38 31 44 18 7 28 6 37 19 27 17 43 30 36 46 33 20 47 21 32 53 56 50 58 55 49 57 51 52 54 39 48 5 42 24 10 45 35 4 26 2 29 34 41 16 22 3 23 14 25 13 11 12 15 40 9 
1 8 38 31 44 18 7 28 6 37 19 27 17 43 30 36 46 33 20 47 21 32 53 51 49 57 52 55 58 50 56 54 39 48 5 42 24 10 45 35 4 26 2 29 34 41 16 22 3 23 14 25 13 11 12 15 40 9 
1 8 38 31 44 18 7 28 6 37 19 27 17 43 30 36 46 33 20 47 21 32 53 51 57 49 52 55 58 50 56 54 39 48 5 42 24 10 45 35 4 26 2 29 34 41 16 22 3 23 14 25 13 11 12 15 40 9 
1 8 38 31 44 18 7 28 6 37 19 27 17 43 30 36 46 33 20 47 21 32 53 58 55 52 51 57 49 56 50 54 39 48 5 42 24 10 45 35 4 26 2 29 34 41 16 22 3 23 14 25 13 11 12 15 40 9 
1 8 38 31 44 18 7 28 6 37 19 27 17 43 30 36 46 33 20 47 21 32 53 58 55 52 57 51 49 56 50 54 39 48 5 42 24 10 45 35 4 26 2 29 34 41 16 22 3 23 14 25 13 11 12 15 40 9 
1 8 38 31 44 18 7 28 6 37 19 27 17 43 30 36 46 33 20 47 21 32 53 58 55 56 49 52 57 51 50 54 39 48 5 42 24 10 45 35 4 26 2 29 34 41 16 22 3 23 14 25 13 11 12 15 40 9 
1 8 38 31 44 18 7 28 6 37 19 27 17 43 30 36 46 33 20 47 21 32 53 58 55 56 49 57 52 51 50 54 39 48 5 42 24 10 45 35 4 26 2 29 34 41 16 22 3 23 14 25 13 11 12 15 40 9 
1 8 38 31 44 18 7 28 6 37 19 27 17 43 30 36 46 33 20 47 21 32 53 58 55 56 52 49 57 51 50 54 39 48 5 42 24 10 45 35 4 26 2 29 34 41 16 22 3 23 14 25 13 11 12 15 40 9 
1 8 38 31 44 18 7 28 6 37 19 27 17 43 30 36 46 33 20 47 21 32 53 58 55 56 52 57 49 51 50 54 39 48 5 42 24 10 45 35 4 26 2 29 34 41 16 22 3 23 14 25 13 11 12 15 40 9 
1 8 38 31 44 18 7 28 6 37 19 27 17 43 30 36 46 33 20 47 21 32 53 58 56 55 52 49 57 51 50 54 39 48 5 42 24 10 45 35 4 26 2 29 34 41 16 22 3 23 14 25 13 11 12 15 40 9 
1 8 38 31 44 18 7 28 6 37 19 27 17 43 30 36 46 33 20 47 21 32 53 58 56 55 52 57 49 51 50 54 39 48 5 42 24 10 45 35 4 26 2 29 34 41 16 22 3 23 14 25 13 11 12 15 40 9 
1 8 38 31 44 18 7 28 6 37 19 27 17 43 30 36 46 33 20 47 21 32 53 56 50 51 49 57 52 58 55 54 39 48 5 42 24 10 45 35 4 26 2 29 34 41 16 22 3 23 14 25 13 11 12 15 40 9 
1 8 38 31 44 18 7 28 6 37 19 27 17 43 30 36 46 33 20 47 21 32 53 56 50 51 57 49 52 58 55 54 39 48 5 42 24 10 45 35 4 26 2 29 34 41 16 22 3 23 14 25 13 11 12 15 40 9 
1 8 38 31 44 18 7 28 6 37 19 27 17 43 30 36 46 33 20 47 21 32 53 56 58 55 49 52 57 51 50 54 39 48 5 42 24 10 45 35 4 26 2 29 34 41 16 22 3 23 14 25 13 11 12 15 40 9 
1 8 38 31 44 18 7 28 6 37 19 27 17 43 30 36 46 33 20 47 21 32 53 56 58 55 49 57 52 51 50 54 39 48 5 42 24 10 45 35 4 26 2 29 34 41 16 22 3 23 14 25 13 11 12 15 40 9 
1 8 38 31 44 18 7 28 6 37 19 27 17 43 30 36 46 33 20 47 21 32 53 58 55 56 49 51 57 52 50 54 39 48 5 42 24 10 45 35 4 26 2 29 34 41 16 22 3 23 14 25 13 11 12 15 40 9 
1 8 38 31 44 18 7 28 6 37 19 27 17 43 30 36 46 33 20 47 21 32 53 58 55 56 49 57 51 52 50 54 39 48 5 42 24 10 45 35 4 26 2 29 34 41 16 22 3 23 14 25 13 11 12 15 40 9 
1 8 38 31 44 18 7 28 6 37 19 27 17 43 30 36 46 33 20 47 21 32 53 58 52 49 57 51 50 56 55 54 39 48 5 42 24 10 45 35 4 26 2 29 34 41 16 22 3 23 14 25 13 11 12 15 40 9 
1 8 38 31 44 18 7 28 6 37 19 27 17 43 30 36 46 33 20 47 21 32 53 58 52 51 57 49 55 56 50 54 39 48 5 42 24 10 45 35 4 26 2 29 34 41 16 22 3 23 14 25 13 11 12 15 40 9 
1 8 38 31 44 18 7 28 6 37 19 27 17 43 30 36 46 33 20 47 21 32 53 58 52 57 49 51 50 56 55 54 39 48 5 42 24 10 45 35 4 26 2 29 34 41 16 22 3 23 14 25 13 11 12 15 40 9 
1 8 38 31 44 18 7 28 6 37 19 27 17 43 30 36 46 33 20 47 21 32 53 58 52 57 51 49 55 56 50 54 39 48 5 42 24 10 45 35 4 26 2 29 34 41 16 22 3 23 14 25 13 11 12 15 40 9 
1 8 38 31 44 18 7 28 6 37 19 27 17 43 30 36 46 33 20 47 21 32 53 58 55 49 51 57 52 56 50 54 39 48 5 42 24 10 45 35 4 26 2 29 34 41 16 22 3 23 14 25 13 11 12 15 40 9 
1 8 38 31 44 18 7 28 6 37 19 27 17 43 30 36 46 33 20 47 21 32 53 58 55 49 57 51 52 56 50 54 39 48 5 42 24 10 45 35 4 26 2 29 34 41 16 22 3 23 14 25 13 11 12 15 40 9 
1 8 38 31 44 18 7 28 6 37 19 27 17 43 30 36 46 33 20 47 21 32 53 58 56 50 51 49 57 52 55 54 39 48 5 42 24 10 45 35 4 26 2 29 34 41 16 22 3 23 14 25 13 11 12 15 40 9 
1 8 38 31 44 18 7 28 6 37 19 27 17 43 30 36 46 33 20 47 21 32 53 58 56 50 51 57 49 52 55 54 39 48 5 42 24 10 45 35 4 26 2 29 34 41 16 22 3 23 14 25 13 11 12 15 40 9 
1 8 38 31 44 18 7 28 6 37 19 27 17 43 30 36 46 33 20 47 21 32 53 58 56 55 49 52 57 51 50 54 39 48 5 42 24 10 45 35 4 26 2 29 34 41 16 22 3 23 14 25 13 11 12 15 40 9 
1 8 38 31 44 18 7 28 6 37 19 27 17 43 30 36 46 33 20 47 21 32 53 58 56 55 49 57 52 51 50 54 39 48 5 42 24 10 45 35 4 26 2 29 34 41 16 22 3 23 14 25 13 11 12 15 40 9 
1 8 38 31 44 18 7 28 6 37 19 27 17 43 30 36 46 33 20 47 21 32 53 56 50 58 55 52 49 57 51 54 39 48 5 42 24 10 45 35 4 26 2 29 34 41 16 22 3 23 14 25 13 11 12 15 40 9 
1 8 38 31 44 18 7 28 6 37 19 27 17 43 30 36 46 33 20 47 21 32 53 56 50 58 55 52 57 49 51 54 39 48 5 42 24 10 45 35 4 26 2 29 34 41 16 22 3 23 14 25 13 11 12 15 40 9 
1 8 38 31 44 18 7 28 6 37 19 27 17 43 30 36 46 33 20 47 21 32 53 56 51 49 57 52 55 58 50 54 39 48 5 42 24 10 45 35 4 26 2 29 34 41 16 22 3 23 14 25 13 11 12 15 40 9 
1 8 38 31 44 18 7 28 6 37 19 27 17 43 30 36 46 33 20 47 21 32 53 56 51 57 49 52 55 58 50 54 39 48 5 42 24 10 45 35 4 26 2 29 34 41 16 22 3 23 14 25 13 11 12 15 40 9 
1 8 38 31 44 18 7 28 6 37 19 27 17 43 30 36 46 33 20 47 21 32 53 58 55 56 50 51 49 57 52 54 39 48 5 42 24 10 45 35 4 26 2 29 34 41 16 22 3 23 14 25 13 11 12 15 40 9 
1 8 38 31 44 18 7 28 6 37 19 27 17 43 30 36 46 33 20 47 21 32 53 58 55 56 50 51 57 49 52 54 39 48 5 42 24 10 45 35 4 26 2 29 34 41 16 22 3 23 14 25 13 11 12 15 40 9 
1 8 38 31 44 18 7 28 6 37 19 27 17 43 30 36 46 33 20 47 21 32 53 51 52 57 49 58 55 56 50 54 39 48 5 42 24 10 45 35 4 26 2 29 34 41 16 22 3 23 14 25 13 11 12 15 40 9 
1 8 38 31 44 18 7 28 6 37 19 27 17 43 30 36 46 33 20 47 21 32 53 51 57 52 49 58 55 56 50 54 39 48 5 42 24 10 45 35 4 26 2 29 34 41 16 22 3 23 14 25 13 11 12 15 40 9 
1 8 38 31 44 18 7 28 6 37 19 27 17 43 30 36 46 33 20 47 21 32 53 57 51 52 49 56 55 58 50 54 39 48 5 42 24 10 45 35 4 26 2 29 34 41 16 22 3 23 14 25 13 11 12 15 40 9 
1 8 38 31 44 18 7 28 6 37 19 27 17 43 30 36 46 33 20 47 21 32 53 57 52 51 49 56 55 58 50 54 39 48 5 42 24 10 45 35 4 26 2 29 34 41 16 22 3 23 14 25 13 11 12 15 40 9 
1 8 38 31 44 18 7 28 6 37 19 27 17 43 30 36 46 33 20 47 21 32 53 58 50 51 52 57 49 55 56 54 39 48 5 42 24 10 45 35 4 26 2 29 34 41 16 22 3 23 14 25 13 11 12 15 40 9 
1 8 38 31 44 18 7 28 6 37 19 27 17 43 30 36 46 33 20 47 21 32 53 58 50 51 57 52 49 55 56 54 39 48 5 42 24 10 45 35 4 26 2 29 34 41 16 22 3 23 14 25 13 11 12 15 40 9 
1 8 38 31 44 18 7 28 6 37 19 27 17 43 30 36 46 33 20 47 21 32 53 58 50 56 51 49 57 52 55 54 39 48 5 42 24 10 45 35 4 26 2 29 34 41 16 22 3 23 14 25 13 11 12 15 40 9 
1 8 38 31 44 18 7 28 6 37 19 27 17 43 30 36 46 33 20 47 21 32 53 58 50 56 51 57 49 52 55 54 39 48 5 42 24 10 45 35 4 26 2 29 34 41 16 22 3 23 14 25 13 11 12 15 40 9 
1 8 38 31 44 18 7 28 6 37 19 27 17 43 30 36 46 33 20 47 21 32 53 58 50 56 55 49 52 57 51 54 39 48 5 42 24 10 45 35 4 26 2 29 34 41 16 22 3 23 14 25 13 11 12 15 40 9 
1 8 38 31 44 18 7 28 6 37 19 27 17 43 30 36 46 33 20 47 21 32 53 58 50 56 55 49 57 52 51 54 39 48 5 42 24 10 45 35 4 26 2 29 34 41 16 22 3 23 14 25 13 11 12 15 40 9 
1 8 38 31 44 18 7 28 6 37 19 27 17 43 30 36 46 33 20 47 21 32 53 57 49 51 52 55 56 58 50 54 39 48 5 42 24 10 45 35 4 26 2 29 34 41 16 22 3 23 14 25 13 11 12 15 40 9 
1 8 38 31 44 18 7 28 6 37 19 27 17 43 30 36 46 33 20 47 21 32 53 57 49 51 52 56 55 58 50 54 39 48 5 42 24 10 45 35 4 26 2 29 34 41 16 22 3 23 14 25 13 11 12 15 40 9 
1 8 38 31 44 18 7 28 6 37 19 27 17 43 30 36 46 33 20 47 21 32 53 57 51 49 52 55 56 58 50 54 39 48 5 42 24 10 45 35 4 26 2 29 34 41 16 22 3 23 14 25 13 11 12 15 40 9 
1 8 38 31 44 18 7 28 6 37 19 27 17 43 30 36 46 33 20 47 21 32 53 57 51 49 52 56 55 58 50 54 39 48 5 42 24 10 45 35 4 26 2 29 34 41 16 22 3 23 14 25 13 11 12 15 40 9 
1 8 38 31 44 18 7 28 6 37 19 27 17 43 30 36 46 33 20 47 21 32 53 57 51 52 49 56 50 58 55 54 39 48 5 42 24 10 45 35 4 26 2 29 34 41 16 22 3 23 14 25 13 11 12 15 40 9 
1 8 38 31 44 18 7 28 6 37 19 27 17 43 30 36 46 33 20 47 21 32 53 57 52 51 49 56 50 58 55 54 39 48 5 42 24 10 45 35 4 26 2 29 34 41 16 22 3 23 14 25 13 11 12 15 40 9 
1 8 38 31 44 18 7 28 6 37 19 27 17 43 30 36 46 33 20 47 21 32 53 51 49 52 57 50 58 55 56 54 39 48 5 42 24 10 45 35 4 26 2 29 34 41 16 22 3 23 14 25 13 11 12 15 40 9 
1 8 38 31 44 18 7 28 6 37 19 27 17 43 30 36 46 33 20 47 21 32 53 51 52 49 57 50 58 55 56 54 39 48 5 42 24 10 45 35 4 26 2 29 34 41 16 22 3 23 14 25 13 11 12 15 40 9 
1 8 38 31 44 18 7 28 6 37 19 27 17 43 30 36 46 33 20 47 21 32 53 58 55 56 49 51 52 57 50 54 39 48 5 42 24 10 45 35 4 26 2 29 34 41 16 22 3 23 14 25 13 11 12 15 40 9 
1 8 38 31 44 18 7 28 6 37 19 27 17 43 30 36 46 33 20 47 21 32 53 58 55 56 49 52 51 57 50 54 39 48 5 42 24 10 45 35 4 26 2 29 34 41 16 22 3 23 14 25 13 11 12 15 40 9 
1 8 38 31 44 18 7 28 6 37 19 27 17 43 30 36 46 33 20 47 21 32 53 56 55 58 49 52 57 51 50 54 39 48 5 42 24 10 45 35 4 26 2 29 34 41 16 22 3 23 14 25 13 11 12 15 40 9 
1 8 38 31 44 18 7 28 6 37 19 27 17 43 30 36 46 33 20 47 21 32 53 56 55 58 49 57 52 51 50 54 39 48 5 42 24 10 45 35 4 26 2 29 34 41 16 22 3 23 14 25 13 11 12 15 40 9 
1 8 38 31 44 18 7 28 6 37 19 27 17 43 30 36 46 33 20 47 21 32 53 51 49 57 52 50 56 55 58 54 39 48 5 42 24 10 45 35 4 26 2 29 34 41 16 22 3 23 14 25 13 11 12 15 40 9 
1 8 38 31 44 18 7 28 6 37 19 27 17 43 30 36 46 33 20 47 21 32 53 51 57 49 52 50 56 55 58 54 39 48 5 42 24 10 45 35 4 26 2 29 34 41 16 22 3 23 14 25 13 11 12 15 40 9 
1 8 38 31 44 18 7 28 6 37 19 27 17 43 30 36 46 33 20 47 21 32 53 58 49 51 57 52 55 56 50 54 39 48 5 42 24 10 45 35 4 26 2 29 34 41 16 22 3 23 14 25 13 11 12 15 40 9 
1 8 38 31 44 18 7 28 6 37 19 27 17 43 30 36 46 33 20 47 21 32 53 58 49 57 51 52 55 56 50 54 39 48 5 42 24 10 45 35 4 26 2 29 34 41 16 22 3 23 14 25 13 11 12 15 40 9 
1 8 38 31 44 18 7 28 6 37 19 27 17 43 30 36 46 33 20 47 21 32 53 58 55 52 49 57 51 50 56 54 39 48 5 42 24 10 45 35 4 26 2 29 34 41 16 22 3 23 14 25 13 11 12 15 40 9 
1 8 38 31 44 18 7 28 6 37 19 27 17 43 30 36 46 33 20 47 21 32 53 58 55 52 49 57 51 56 50 54 39 48 5 42 24 10 45 35 4 26 2 29 34 41 16 22 3 23 14 25 13 11 12 15 40 9 
1 8 38 31 44 18 7 28 6 37 19 27 17 43 30 36 46 33 20 47 21 32 53 58 55 52 57 49 51 50 56 54 39 48 5 42 24 10 45 35 4 26 2 29 34 41 16 22 3 23 14 25 13 11 12 15 40 9 
1 8 38 31 44 18 7 28 6 37 19 27 17 43 30 36 46 33 20 47 21 32 53 58 55 52 57 49 51 56 50 54 39 48 5 42 24 10 45 35 4 26 2 29 34 41 16 22 3 23 14 25 13 11 12 15 40 9 
1 8 38 31 44 18 7 28 6 37 19 27 17 43 30 36 46 33 20 47 21 32 53 58 51 49 57 52 55 56 50 54 39 48 5 42 24 10 45 35 4 26 2 29 34 41 16 22 3 23 14 25 13 11 12 15 40 9 
1 8 38 31 44 18 7 28 6 37 19 27 17 43 30 36 46 33 20 47 21 32 53 58 51 57 49 52 55 56 50 54 39 48 5 42 24 10 45 35 4 26 2 29 34 41 16 22 3 23 14 25 13 11 12 15 40 9 
1 8 38 31 44 18 7 28 6 37 19 27 17 43 30 36 46 33 20 47 21 32 53 58 55 49 52 57 51 50 56 54 39 48 5 42 24 10 45 35 4 26 2 29 34 41 16 22 3 23 14 25 13 11 12 15 40 9 
1 8 38 31 44 18 7 28 6 37 19 27 17 43 30 36 46 33 20 47 21 32 53 58 55 49 52 57 51 56 50 54 39 48 5 42 24 10 45 35 4 26 2 29 34 41 16 22 3 23 14 25 13 11 12 15 40 9 
1 8 38 31 44 18 7 28 6 37 19 27 17 43 30 36 46 33 20 47 21 32 53 58 55 49 57 52 51 50 56 54 39 48 5 42 24 10 45 35 4 26 2 29 34 41 16 22 3 23 14 25 13 11 12 15 40 9 
1 8 38 31 44 18 7 28 6 37 19 27 17 43 30 36 46 33 20 47 21 32 53 58 55 49 57 52 51 56 50 54 39 48 5 42 24 10 45 35 4 26 2 29 34 41 16 22 3 23 14 25 13 11 12 15 40 9 
1 8 38 31 44 18 7 28 6 37 19 27 17 43 30 36 46 33 20 47 21 32 53 57 49 51 52 55 58 56 50 54 39 48 5 42 24 10 45 35 4 26 2 29 34 41 16 22 3 23 14 25 13 11 12 15 40 9 
1 8 38 31 44 18 7 28 6 37 19 27 17 43 30 36 46 33 20 47 21 32 53 57 49 51 52 58 55 56 50 54 39 48 5 42 24 10 45 35 4 26 2 29 34 41 16 22 3 23 14 25 13 11 12 15 40 9 
1 8 38 31 44 18 7 28 6 37 19 27 17 43 30 36 46 33 20 47 21 32 53 57 51 49 52 55 58 56 50 54 39 48 5 42 24 10 45 35 4 26 2 29 34 41 16 22 3 23 14 25 13 11 12 15 40 9 
1 8 38 31 44 18 7 28 6 37 19 27 17 43 30 36 46 33 20 47 21 32 53 57 51 49 52 58 55 56 50 54 39 48 5 42 24 10 45 35 4 26 2 29 34 41 16 22 3 23 14 25 13 11 12 15 40 9 
1 8 38 31 44 18 7 28 6 37 19 27 17 43 30 36 46 33 20 47 21 32 53 58 55 56 50 52 49 57 51 54 39 48 5 42 24 10 45 35 4 26 2 29 34 41 16 22 3 23 14 25 13 11 12 15 40 9 
1 8 38 31 44 18 7 28 6 37 19 27 17 43 30 36 46 33 20 47 21 32 53 58 55 56 50 52 57 49 51 54 39 48 5 42 24 10 45 35 4 26 2 29 34 41 16 22 3 23 14 25 13 11 12 15 40 9 
1 8 38 31 44 18 7 28 6 37 19 27 17 43 30 36 46 33 20 47 21 32 53 58 55 56 51 49 57 52 50 54 39 48 5 42 24 10 45 35 4 26 2 29 34 41 16 22 3 23 14 25 13 11 12 15 40 9 
1 8 38 31 44 18 7 28 6 37 19 27 17 43 30 36 46 33 20 47 21 32 53 58 55 56 51 57 49 52 50 54 39 48 5 42 24 10 45 35 4 26 2 29 34 41 16 22 3 23 14 25 13 11 12 15 40 9 
1 8 38 31 44 18 7 28 6 37 19 27 17 43 30 36 46 33 20 47 21 32 53 58 51 52 57 49 55 56 50 54 39 48 5 42 24 10 45 35 4 26 2 29 34 41 16 22 3 23 14 25 13 11 12 15 40 9 
1 8 38 31 44 18 7 28 6 37 19 27 17 43 30 36 46 33 20 47 21 32 53 58 51 57 52 49 55 56 50 54 39 48 5 42 24 10 45 35 4 26 2 29 34 41 16 22 3 23 14 25 13 11 12 15 40 9 
1 8 38 31 44 18 7 28 6 37 19 27 17 43 30 36 46 33 20 47 21 32 53 50 56 49 52 57 51 58 55 54 39 48 5 42 24 10 45 35 4 26 2 29 34 41 16 22 3 23 14 25 13 11 12 15 40 9 
1 8 38 31 44 18 7 28 6 37 19 27 17 43 30 36 46 33 20 47 21 32 53 50 56 49 57 52 51 58 55 54 39 48 5 42 24 10 45 35 4 26 2 29 34 41 16 22 3 23 14 25 13 11 12 15 40 9 
1 8 38 31 44 18 7 28 6 37 19 27 17 43 30 36 46 33 20 47 21 32 53 50 56 55 58 49 51 57 52 54 39 48 5 42 24 10 45 35 4 26 2 29 34 41 16 22 3 23 14 25 13 11 12 15 40 9 
1 8 38 31 44 18 7 28 6 37 19 27 17 43 30 36 46 33 20 47 21 32 53 50 56 55 58 49 57 51 52 54 39 48 5 42 24 10 45 35 4 26 2 29 34 41 16 22 3 23 14 25 13 11 12 15 40 9 
1 8 38 31 44 18 7 28 6 37 19 27 17 43 30 36 46 33 20 47 21 32 53 57 49 52 51 50 56 58 55 54 39 48 5 42 24 10 45 35 4 26 2 29 34 41 16 22 3 23 14 25 13 11 12 15 40 9 
1 8 38 31 44 18 7 28 6 37 19 27 17 43 30 36 46 33 20 47 21 32 53 57 51 52 49 55 58 56 50 54 39 48 5 42 24 10 45 35 4 26 2 29 34 41 16 22 3 23 14 25 13 11 12 15 40 9 
1 8 38 31 44 18 7 28 6 37 19 27 17 43 30 36 46 33 20 47 21 32 53 57 52 49 51 50 56 58 55 54 39 48 5 42 24 10 45 35 4 26 2 29 34 41 16 22 3 23 14 25 13 11 12 15 40 9 
1 8 38 31 44 18 7 28 6 37 19 27 17 43 30 36 46 33 20 47 21 32 53 57 52 51 49 55 58 56 50 54 39 48 5 42 24 10 45 35 4 26 2 29 34 41 16 22 3 23 14 25 13 11 12 15 40 9 
1 8 38 31 44 18 7 28 6 37 19 27 17 43 30 36 46 33 20 47 21 32 53 56 55 58 57 49 52 51 50 54 39 48 5 42 24 10 45 35 4 26 2 29 34 41 16 22 3 23 14 25 13 11 12 15 40 9 
1 8 38 31 44 18 7 28 6 37 19 27 17 43 30 36 46 33 20 47 21 32 53 56 55 58 57 52 49 51 50 54 39 48 5 42 24 10 45 35 4 26 2 29 34 41 16 22 3 23 14 25 13 11 12 15 40 9 
1 8 38 31 44 18 7 28 6 37 19 27 17 43 30 36 46 33 20 47 21 32 53 51 49 52 57 50 56 55 58 54 39 48 5 42 24 10 45 35 4 26 2 29 34 41 16 22 3 23 14 25 13 11 12 15 40 9 
1 8 38 31 44 18 7 28 6 37 19 27 17 43 30 36 46 33 20 47 21 32 53 51 52 49 57 50 56 55 58 54 39 48 5 42 24 10 45 35 4 26 2 29 34 41 16 22 3 23 14 25 13 11 12 15 40 9 
1 8 38 31 44 18 7 28 6 37 19 27 17 43 30 36 46 33 20 47 21 32 53 58 57 49 51 52 55 56 50 54 39 48 5 42 24 10 45 35 4 26 2 29 34 41 16 22 3 23 14 25 13 11 12 15 40 9 
1 8 38 31 44 18 7 28 6 37 19 27 17 43 30 36 46 33 20 47 21 32 53 58 57 51 49 52 55 56 50 54 39 48 5 42 24 10 45 35 4 26 2 29 34 41 16 22 3 23 14 25 13 11 12 15 40 9 
1 8 38 31 44 18 7 28 6 37 19 27 17 43 30 36 46 33 20 47 21 32 53 57 49 51 52 55 58 50 56 54 39 48 5 42 24 10 45 35 4 26 2 29 34 41 16 22 3 23 14 25 13 11 12 15 40 9 
1 8 38 31 44 18 7 28 6 37 19 27 17 43 30 36 46 33 20 47 21 32 53 57 49 52 51 50 58 55 56 54 39 48 5 42 24 10 45 35 4 26 2 29 34 41 16 22 3 23 14 25 13 11 12 15 40 9 
1 8 38 31 44 18 7 28 6 37 19 27 17 43 30 36 46 33 20 47 21 32 53 57 49 52 51 56 55 58 50 54 39 48 5 42 24 10 45 35 4 26 2 29 34 41 16 22 3 23 14 25 13 11 12 15 40 9 
1 8 38 31 44 18 7 28 6 37 19 27 17 43 30 36 46 33 20 47 21 32 53 57 51 49 52 55 58 50 56 54 39 48 5 42 24 10 45 35 4 26 2 29 34 41 16 22 3 23 14 25 13 11 12 15 40 9 
1 8 38 31 44 18 7 28 6 37 19 27 17 43 30 36 46 33 20 47 21 32 53 57 52 49 51 50 58 55 56 54 39 48 5 42 24 10 45 35 4 26 2 29 34 41 16 22 3 23 14 25 13 11 12 15 40 9 
1 8 38 31 44 18 7 28 6 37 19 27 17 43 30 36 46 33 20 47 21 32 53 57 52 49 51 56 55 58 50 54 39 48 5 42 24 10 45 35 4 26 2 29 34 41 16 22 3 23 14 25 13 11 12 15 40 9 
1 8 38 31 44 18 7 28 6 37 19 27 17 43 30 36 46 33 20 47 21 32 53 56 50 51 49 52 57 58 55 54 39 48 5 42 24 10 45 35 4 26 2 29 34 41 16 22 3 23 14 25 13 11 12 15 40 9 
1 8 38 31 44 18 7 28 6 37 19 27 17 43 30 36 46 33 20 47 21 32 53 56 50 51 52 49 57 58 55 54 39 48 5 42 24 10 45 35 4 26 2 29 34 41 16 22 3 23 14 25 13 11 12 15 40 9 
1 8 38 31 44 18 7 28 6 37 19 27 17 43 30 36 46 33 20 47 21 32 53 57 49 51 52 55 56 50 58 54 39 48 5 42 24 10 45 35 4 26 2 29 34 41 16 22 3 23 14 25 13 11 12 15 40 9 
1 8 38 31 44 18 7 28 6 37 19 27 17 43 30 36 46 33 20 47 21 32 53 57 51 49 52 55 56 50 58 54 39 48 5 42 24 10 45 35 4 26 2 29 34 41 16 22 3 23 14 25 13 11 12 15 40 9 
1 8 38 31 44 18 7 28 6 37 19 27 17 43 30 36 46 33 20 47 21 32 53 58 57 49 52 51 50 56 55 54 39 48 5 42 24 10 45 35 4 26 2 29 34 41 16 22 3 23 14 25 13 11 12 15 40 9 
1 8 38 31 44 18 7 28 6 37 19 27 17 43 30 36 46 33 20 47 21 32 53 58 57 51 52 49 55 56 50 54 39 48 5 42 24 10 45 35 4 26 2 29 34 41 16 22 3 23 14 25 13 11 12 15 40 9 
1 8 38 31 44 18 7 28 6 37 19 27 17 43 30 36 46 33 20 47 21 32 53 58 57 52 49 51 50 56 55 54 39 48 5 42 24 10 45 35 4 26 2 29 34 41 16 22 3 23 14 25 13 11 12 15 40 9 
1 8 38 31 44 18 7 28 6 37 19 27 17 43 30 36 46 33 20 47 21 32 53 58 57 52 51 49 55 56 50 54 39 48 5 42 24 10 45 35 4 26 2 29 34 41 16 22 3 23 14 25 13 11 12 15 40 9 
1 8 38 31 44 18 7 28 6 37 19 27 17 43 30 36 46 33 20 47 21 32 53 57 49 52 51 56 50 58 55 54 39 48 5 42 24 10 45 35 4 26 2 29 34 41 16 22 3 23 14 25 13 11 12 15 40 9 
1 8 38 31 44 18 7 28 6 37 19 27 17 43 30 36 46 33 20 47 21 32 53 57 51 52 49 55 58 50 56 54 39 48 5 42 24 10 45 35 4 26 2 29 34 41 16 22 3 23 14 25 13 11 12 15 40 9 
1 8 38 31 44 18 7 28 6 37 19 27 17 43 30 36 46 33 20 47 21 32 53 57 52 49 51 56 50 58 55 54 39 48 5 42 24 10 45 35 4 26 2 29 34 41 16 22 3 23 14 25 13 11 12 15 40 9 
1 8 38 31 44 18 7 28 6 37 19 27 17 43 30 36 46 33 20 47 21 32 53 57 52 51 49 55 58 50 56 54 39 48 5 42 24 10 45 35 4 26 2 29 34 41 16 22 3 23 14 25 13 11 12 15 40 9 
1 8 38 31 44 18 7 28 6 37 19 27 17 43 30 36 46 33 20 47 21 32 53 56 55 58 51 49 52 57 50 54 39 48 5 42 24 10 45 35 4 26 2 29 34 41 16 22 3 23 14 25 13 11 12 15 40 9 
1 8 38 31 44 18 7 28 6 37 19 27 17 43 30 36 46 33 20 47 21 32 53 56 55 58 51 52 49 57 50 54 39 48 5 42 24 10 45 35 4 26 2 29 34 41 16 22 3 23 14 25 13 11 12 15 40 9 
1 8 38 31 44 18 7 28 6 37 19 27 17 43 30 36 46 33 20 47 21 32 53 58 55 52 49 51 57 50 56 54 39 48 5 42 24 10 45 35 4 26 2 29 34 41 16 22 3 23 14 25 13 11 12 15 40 9 
1 8 38 31 44 18 7 28 6 37 19 27 17 43 30 36 46 33 20 47 21 32 53 58 55 52 51 49 57 50 56 54 39 48 5 42 24 10 45 35 4 26 2 29 34 41 16 22 3 23 14 25 13 11 12 15 40 9 
1 8 38 31 44 18 7 28 6 37 19 27 17 43 30 36 46 33 20 47 21 32 53 58 55 56 50 57 49 52 51 54 39 48 5 42 24 10 45 35 4 26 2 29 34 41 16 22 3 23 14 25 13 11 12 15 40 9 
1 8 38 31 44 18 7 28 6 37 19 27 17 43 30 36 46 33 20 47 21 32 53 58 55 56 50 57 52 49 51 54 39 48 5 42 24 10 45 35 4 26 2 29 34 41 16 22 3 23 14 25 13 11 12 15 40 9 
1 8 38 31 44 18 7 28 6 37 19 27 17 43 30 36 46 33 20 47 21 32 53 58 55 56 51 49 52 57 50 54 39 48 5 42 24 10 45 35 4 26 2 29 34 41 16 22 3 23 14 25 13 11 12 15 40 9 
1 8 38 31 44 18 7 28 6 37 19 27 17 43 30 36 46 33 20 47 21 32 53 58 55 56 51 52 49 57 50 54 39 48 5 42 24 10 45 35 4 26 2 29 34 41 16 22 3 23 14 25 13 11 12 15 40 9 
1 8 38 31 44 18 7 28 6 37 19 27 17 43 30 36 46 33 20 47 21 32 53 58 57 49 51 52 50 56 55 54 39 48 5 42 24 10 45 35 4 26 2 29 34 41 16 22 3 23 14 25 13 11 12 15 40 9 
1 8 38 31 44 18 7 28 6 37 19 27 17 43 30 36 46 33 20 47 21 32 53 58 57 51 49 52 50 56 55 54 39 48 5 42 24 10 45 35 4 26 2 29 34 41 16 22 3 23 14 25 13 11 12 15 40 9 
1 8 38 31 44 18 7 28 6 37 19 27 17 43 30 36 46 33 20 47 21 32 53 56 50 57 49 52 51 58 55 54 39 48 5 42 24 10 45 35 4 26 2 29 34 41 16 22 3 23 14 25 13 11 12 15 40 9 
1 8 38 31 44 18 7 28 6 37 19 27 17 43 30 36 46 33 20 47 21 32 53 56 50 57 52 49 51 58 55 54 39 48 5 42 24 10 45 35 4 26 2 29 34 41 16 22 3 23 14 25 13 11 12 15 40 9 
1 8 38 31 44 18 7 28 6 37 19 27 17 43 30 36 46 33 20 47 21 32 53 58 55 49 51 52 57 50 56 54 39 48 5 42 24 10 45 35 4 26 2 29 34 41 16 22 3 23 14 25 13 11 12 15 40 9 
1 8 38 31 44 18 7 28 6 37 19 27 17 43 30 36 46 33 20 47 21 32 53 58 55 49 52 51 57 50 56 54 39 48 5 42 24 10 45 35 4 26 2 29 34 41 16 22 3 23 14 25 13 11 12 15 40 9 
1 8 38 31 44 18 7 28 6 37 19 27 17 43 30 36 46 33 20 47 21 32 53 50 51 52 57 49 58 55 56 54 39 48 5 42 24 10 45 35 4 26 2 29 34 41 16 22 3 23 14 25 13 11 12 15 40 9 
1 8 38 31 44 18 7 28 6 37 19 27 17 43 30 36 46 33 20 47 21 32 53 50 51 57 52 49 58 55 56 54 39 48 5 42 24 10 45 35 4 26 2 29 34 41 16 22 3 23 14 25 13 11 12 15 40 9 
1 8 38 31 44 18 7 28 6 37 19 27 17 43 30 36 46 33 20 47 21 32 53 50 56 55 58 49 52 57 51 54 39 48 5 42 24 10 45 35 4 26 2 29 34 41 16 22 3 23 14 25 13 11 12 15 40 9 
1 8 38 31 44 18 7 28 6 37 19 27 17 43 30 36 46 33 20 47 21 32 53 50 56 55 58 49 57 52 51 54 39 48 5 42 24 10 45 35 4 26 2 29 34 41 16 22 3 23 14 25 13 11 12 15 40 9 
1 8 38 31 44 18 7 28 6 37 19 27 17 43 30 36 46 33 20 47 21 32 53 57 51 52 49 58 55 56 50 54 39 48 5 42 24 10 45 35 4 26 2 29 34 41 16 22 3 23 14 25 13 11 12 15 40 9 
1 8 38 31 44 18 7 28 6 37 19 27 17 43 30 36 46 33 20 47 21 32 53 57 52 51 49 58 55 56 50 54 39 48 5 42 24 10 45 35 4 26 2 29 34 41 16 22 3 23 14 25 13 11 12 15 40 9 
1 8 38 31 44 18 7 28 6 37 19 27 17 43 30 36 46 33 20 47 21 32 53 57 49 52 51 58 55 56 50 54 39 48 5 42 24 10 45 35 4 26 2 29 34 41 16 22 3 23 14 25 13 11 12 15 40 9 
1 8 38 31 44 18 7 28 6 37 19 27 17 43 30 36 46 33 20 47 21 32 53 57 52 49 51 58 55 56 50 54 39 48 5 42 24 10 45 35 4 26 2 29 34 41 16 22 3 23 14 25 13 11 12 15 40 9 
1 8 38 31 44 18 7 28 6 37 19 27 17 43 30 36 46 33 20 47 21 32 53 57 49 52 51 50 56 55 58 54 39 48 5 42 24 10 45 35 4 26 2 29 34 41 16 22 3 23 14 25 13 11 12 15 40 9 
1 8 38 31 44 18 7 28 6 37 19 27 17 43 30 36 46 33 20 47 21 32 53 57 52 49 51 50 56 55 58 54 39 48 5 42 24 10 45 35 4 26 2 29 34 41 16 22 3 23 14 25 13 11 12 15 40 9 
1 8 38 31 44 18 7 28 6 37 19 27 17 43 30 36 46 33 20 47 21 32 53 50 56 51 52 57 49 55 58 54 39 48 5 42 24 10 45 35 4 26 2 29 34 41 16 22 3 23 14 25 13 11 12 15 40 9 
1 8 38 31 44 18 7 28 6 37 19 27 17 43 30 36 46 33 20 47 21 32 53 50 56 51 57 52 49 55 58 54 39 48 5 42 24 10 45 35 4 26 2 29 34 41 16 22 3 23 14 25 13 11 12 15 40 9 
1 8 38 31 44 18 7 28 6 37 19 27 17 43 30 36 46 33 20 47 21 32 53 50 52 49 57 51 56 55 58 54 39 48 5 42 24 10 45 35 4 26 2 29 34 41 16 22 3 23 14 25 13 11 12 15 40 9 
1 8 38 31 44 18 7 28 6 37 19 27 17 43 30 36 46 33 20 47 21 32 53 50 52 57 49 51 56 55 58 54 39 48 5 42 24 10 45 35 4 26 2 29 34 41 16 22 3 23 14 25 13 11 12 15 40 9 
1 8 38 31 44 18 7 28 6 37 19 27 17 43 30 36 46 33 20 47 21 32 53 57 49 51 52 50 56 55 58 54 39 48 5 42 24 10 45 35 4 26 2 29 34 41 16 22 3 23 14 25 13 11 12 15 40 9 
1 8 38 31 44 18 7 28 6 37 19 27 17 43 30 36 46 33 20 47 21 32 53 57 51 49 52 50 56 55 58 54 39 48 5 42 24 10 45 35 4 26 2 29 34 41 16 22 3 23 14 25 13 11 12 15 40 9 
1 8 38 31 44 18 7 28 6 37 19 27 17 43 30 36 46 33 20 47 21 32 53 50 51 49 52 57 58 55 56 54 39 48 5 42 24 10 45 35 4 26 2 29 34 41 16 22 3 23 14 25 13 11 12 15 40 9 
1 8 38 31 44 18 7 28 6 37 19 27 17 43 30 36 46 33 20 47 21 32 53 50 51 52 49 57 58 55 56 54 39 48 5 42 24 10 45 35 4 26 2 29 34 41 16 22 3 23 14 25 13 11 12 15 40 9 
1 8 38 31 44 18 7 28 6 37 19 27 17 43 30 36 46 33 20 47 21 32 53 50 56 55 58 57 49 52 51 54 39 48 5 42 24 10 45 35 4 26 2 29 34 41 16 22 3 23 14 25 13 11 12 15 40 9 
1 8 38 31 44 18 7 28 6 37 19 27 17 43 30 36 46 33 20 47 21 32 53 50 56 55 58 57 52 49 51 54 39 48 5 42 24 10 45 35 4 26 2 29 34 41 16 22 3 23 14 25 13 11 12 15 40 9 
1 8 38 31 44 18 7 28 6 37 19 27 17 43 30 36 46 33 20 47 21 32 53 57 49 52 51 58 55 50 56 54 39 48 5 42 24 10 45 35 4 26 2 29 34 41 16 22 3 23 14 25 13 11 12 15 40 9 
1 8 38 31 44 18 7 28 6 37 19 27 17 43 30 36 46 33 20 47 21 32 53 57 52 49 51 58 55 50 56 54 39 48 5 42 24 10 45 35 4 26 2 29 34 41 16 22 3 23 14 25 13 11 12 15 40 9 
1 8 38 31 44 18 7 28 6 37 19 27 17 43 30 36 46 33 20 47 21 32 53 57 49 52 51 56 50 55 58 54 39 48 5 42 24 10 45 35 4 26 2 29 34 41 16 22 3 23 14 25 13 11 12 15 40 9 
1 8 38 31 44 18 7 28 6 37 19 27 17 43 30 36 46 33 20 47 21 32 53 57 52 49 51 56 50 55 58 54 39 48 5 42 24 10 45 35 4 26 2 29 34 41 16 22 3 23 14 25 13 11 12 15 40 9 
1 8 38 31 44 18 7 28 6 37 19 27 17 43 30 36 46 33 20 47 21 32 53 50 56 55 52 49 51 57 58 54 39 48 5 42 24 10 45 35 4 26 2 29 34 41 16 22 3 23 14 25 13 11 12 15 40 9 
1 8 38 31 44 18 7 28 6 37 19 27 17 43 30 36 46 33 20 47 21 32 53 50 56 55 52 51 49 57 58 54 39 48 5 42 24 10 45 35 4 26 2 29 34 41 16 22 3 23 14 25 13 11 12 15 40 9 
1 8 38 31 44 18 7 28 6 37 19 27 17 43 30 36 46 33 20 47 21 32 53 50 56 51 49 52 57 58 55 54 39 48 5 42 24 10 45 35 4 26 2 29 34 41 16 22 3 23 14 25 13 11 12 15 40 9 
1 8 38 31 44 18 7 28 6 37 19 27 17 43 30 36 46 33 20 47 21 32 53 50 56 51 52 49 57 58 55 54 39 48 5 42 24 10 45 35 4 26 2 29 34 41 16 22 3 23 14 25 13 11 12 15 40 9 
1 8 38 31 44 18 7 28 6 37 19 27 17 43 30 36 46 33 20 47 21 32 53 50 52 49 51 57 58 55 56 54 39 48 5 42 24 10 45 35 4 26 2 29 34 41 16 22 3 23 14 25 13 11 12 15 40 9 
1 8 38 31 44 18 7 28 6 37 19 27 17 43 30 36 46 33 20 47 21 32 53 50 52 51 49 57 58 55 56 54 39 48 5 42 24 10 45 35 4 26 2 29 34 41 16 22 3 23 14 25 13 11 12 15 40 9 
1 8 38 31 44 18 7 28 6 37 19 27 17 43 30 36 46 33 20 47 21 32 53 50 56 55 49 51 52 57 58 54 39 48 5 42 24 10 45 35 4 26 2 29 34 41 16 22 3 23 14 25 13 11 12 15 40 9 
1 8 38 31 44 18 7 28 6 37 19 27 17 43 30 36 46 33 20 47 21 32 53 50 56 55 49 52 51 57 58 54 39 48 5 42 24 10 45 35 4 26 2 29 34 41 16 22 3 23 14 25 13 11 12 15 40 9 
1 8 38 31 44 18 7 28 6 37 19 27 17 43 30 36 46 33 20 47 21 32 53 50 57 49 52 51 58 55 56 54 39 48 5 42 24 10 45 35 4 26 2 29 34 41 16 22 3 23 14 25 13 11 12 15 40 9 
1 8 38 31 44 18 7 28 6 37 19 27 17 43 30 36 46 33 20 47 21 32 53 50 57 52 49 51 58 55 56 54 39 48 5 42 24 10 45 35 4 26 2 29 34 41 16 22 3 23 14 25 13 11 12 15 40 9 
1 8 38 31 44 18 7 28 6 37 19 27 17 43 30 36 46 33 20 47 21 32 53 50 57 49 52 51 56 55 58 54 39 48 5 42 24 10 45 35 4 26 2 29 34 41 16 22 3 23 14 25 13 11 12 15 40 9 
1 8 38 31 44 18 7 28 6 37 19 27 17 43 30 36 46 33 20 47 21 32 53 50 57 52 49 51 56 55 58 54 39 48 5 42 24 10 45 35 4 26 2 29 34 41 16 22 3 23 14 25 13 11 12 15 40 9 
1 8 38 31 44 18 7 28 6 37 19 27 17 43 30 36 46 33 20 47 21 32 53 50 55 56 51 49 52 57 58 54 39 48 5 42 24 10 45 35 4 26 2 29 34 41 16 22 3 23 14 25 13 11 12 15 40 9 
1 8 38 31 44 18 7 28 6 37 19 27 17 43 30 36 46 33 20 47 21 32 53 50 55 56 51 52 49 57 58 54 39 48 5 42 24 10 45 35 4 26 2 29 34 41 16 22 3 23 14 25 13 11 12 15 40 9 
1 8 38 31 44 18 7 28 6 37 19 27 17 43 30 36 46 33 20 47 21 32 53 55 56 50 51 49 52 57 58 54 39 48 5 42 24 10 45 35 4 26 2 29 34 41 16 22 3 23 14 25 13 11 12 15 40 9 
1 8 38 31 44 18 7 28 6 37 19 27 17 43 30 36 46 33 20 47 21 32 53 55 56 50 51 52 49 57 58 54 39 48 5 42 24 10 45 35 4 26 2 29 34 41 16 22 3 23 14 25 13 11 12 15 40 9 
1 8 38 31 44 18 7 28 6 37 19 27 17 43 30 36 46 33 20 47 21 32 53 55 58 49 51 52 57 50 56 54 39 48 5 42 24 10 45 35 4 26 2 29 34 41 16 22 3 23 14 25 13 11 12 15 40 9 
1 8 38 31 44 18 7 28 6 37 19 27 17 43 30 36 46 33 20 47 21 32 53 55 58 49 52 51 57 50 56 54 39 48 5 42 24 10 45 35 4 26 2 29 34 41 16 22 3 23 14 25 13 11 12 15 40 9 
1 8 38 31 44 18 7 28 6 37 19 27 17 43 30 36 46 33 20 47 21 32 53 55 58 57 49 51 52 50 56 54 39 48 5 42 24 10 45 35 4 26 2 29 34 41 16 22 3 23 14 25 13 11 12 15 40 9 
1 8 38 31 44 18 7 28 6 37 19 27 17 43 30 36 46 33 20 47 21 32 53 55 58 57 51 49 52 50 56 54 39 48 5 42 24 10 45 35 4 26 2 29 34 41 16 22 3 23 14 25 13 11 12 15 40 9 
1 8 38 31 44 18 7 28 6 37 19 27 17 43 30 36 46 33 20 47 21 32 53 55 56 50 57 51 52 49 58 54 39 48 5 42 24 10 45 35 4 26 2 29 34 41 16 22 3 23 14 25 13 11 12 15 40 9 
1 8 38 31 44 18 7 28 6 37 19 27 17 43 30 36 46 33 20 47 21 32 53 55 56 50 57 52 51 49 58 54 39 48 5 42 24 10 45 35 4 26 2 29 34 41 16 22 3 23 14 25 13 11 12 15 40 9 
1 8 38 31 44 18 7 28 6 37 19 27 17 43 30 36 46 33 20 47 21 32 53 55 56 50 52 49 51 57 58 54 39 48 5 42 24 10 45 35 4 26 2 29 34 41 16 22 3 23 14 25 13 11 12 15 40 9 
1 8 38 31 44 18 7 28 6 37 19 27 17 43 30 36 46 33 20 47 21 32 53 55 56 50 52 51 49 57 58 54 39 48 5 42 24 10 45 35 4 26 2 29 34 41 16 22 3 23 14 25 13 11 12 15 40 9 
1 8 38 31 44 18 7 28 6 37 19 27 17 43 30 36 46 33 20 47 21 32 53 55 58 51 49 52 57 50 56 54 39 48 5 42 24 10 45 35 4 26 2 29 34 41 16 22 3 23 14 25 13 11 12 15 40 9 
1 8 38 31 44 18 7 28 6 37 19 27 17 43 30 36 46 33 20 47 21 32 53 55 58 51 52 49 57 50 56 54 39 48 5 42 24 10 45 35 4 26 2 29 34 41 16 22 3 23 14 25 13 11 12 15 40 9 
1 8 38 31 44 18 7 28 6 37 19 27 17 43 30 36 46 33 20 47 21 32 53 55 56 50 57 49 52 51 58 54 39 48 5 42 24 10 45 35 4 26 2 29 34 41 16 22 3 23 14 25 13 11 12 15 40 9 
1 8 38 31 44 18 7 28 6 37 19 27 17 43 30 36 46 33 20 47 21 32 53 55 56 50 57 52 49 51 58 54 39 48 5 42 24 10 45 35 4 26 2 29 34 41 16 22 3 23 14 25 13 11 12 15 40 9 
1 8 38 31 44 18 7 28 6 37 19 27 17 43 30 36 46 33 20 47 21 32 53 50 56 55 57 51 52 49 58 54 39 48 5 42 24 10 45 35 4 26 2 29 34 41 16 22 3 23 14 25 13 11 12 15 40 9 
1 8 38 31 44 18 7 28 6 37 19 27 17 43 30 36 46 33 20 47 21 32 53 50 56 55 57 52 51 49 58 54 39 48 5 42 24 10 45 35 4 26 2 29 34 41 16 22 3 23 14 25 13 11 12 15 40 9 
1 8 38 31 44 18 7 28 6 37 19 27 17 43 30 36 46 33 20 47 21 32 53 50 56 51 49 52 57 55 58 54 39 48 5 42 24 10 45 35 4 26 2 29 34 41 16 22 3 23 14 25 13 11 12 15 40 9 
1 8 38 31 44 18 7 28 6 37 19 27 17 43 30 36 46 33 20 47 21 32 53 50 56 51 52 49 57 55 58 54 39 48 5 42 24 10 45 35 4 26 2 29 34 41 16 22 3 23 14 25 13 11 12 15 40 9 
1 8 38 31 44 18 7 28 6 37 19 27 17 43 30 36 46 33 20 47 21 32 53 50 56 55 57 49 52 51 58 54 39 48 5 42 24 10 45 35 4 26 2 29 34 41 16 22 3 23 14 25 13 11 12 15 40 9 
1 8 38 31 44 18 7 28 6 37 19 27 17 43 30 36 46 33 20 47 21 32 53 50 56 55 57 52 49 51 58 54 39 48 5 42 24 10 45 35 4 26 2 29 34 41 16 22 3 23 14 25 13 11 12 15 40 9 
1 8 38 31 44 18 7 28 6 37 19 27 17 43 30 36 46 33 20 47 21 32 53 57 55 58 51 49 52 50 56 54 39 48 5 42 24 10 45 35 4 26 2 29 34 41 16 22 3 23 14 25 13 11 12 15 40 9 
1 8 38 31 44 18 7 28 6 37 19 27 17 43 30 36 46 33 20 47 21 32 53 57 55 56 50 52 49 51 58 54 39 48 5 42 24 10 45 35 4 26 2 29 34 41 16 22 3 23 14 25 13 11 12 15 40 9 
1 8 38 31 44 18 7 28 6 37 19 27 17 43 30 36 46 33 20 47 21 32 53 50 56 51 49 52 55 57 58 54 39 48 5 42 24 10 45 35 4 26 2 29 34 41 16 22 3 23 14 25 13 11 12 15 40 9 
1 8 38 31 44 18 7 28 6 37 19 27 17 43 30 36 46 33 20 47 21 32 53 50 57 55 58 49 52 51 56 54 39 48 5 42 24 10 45 35 4 26 2 29 34 41 16 22 3 23 14 25 13 11 12 15 40 9 
1 8 38 31 44 18 7 28 6 37 19 27 17 43 30 36 46 33 20 47 21 32 53 50 56 51 52 49 55 57 58 54 39 48 5 42 24 10 45 35 4 26 2 29 34 41 16 22 3 23 14 25 13 11 12 15 40 9 
1 8 38 31 44 18 7 28 6 37 19 27 17 43 30 36 46 33 20 47 21 32 53 50 52 49 51 56 55 57 58 54 39 48 5 42 24 10 45 35 4 26 2 29 34 41 16 22 3 23 14 25 13 11 12 15 40 9 
1 8 38 31 44 18 7 28 6 37 19 27 17 43 30 36 46 33 20 47 21 32 53 55 57 58 49 51 52 50 56 54 39 48 5 42 24 10 45 35 4 26 2 29 34 41 16 22 3 23 14 25 13 11 12 15 40 9 
1 8 38 31 44 18 7 28 6 37 19 27 17 43 30 36 46 33 20 47 21 32 53 55 57 58 51 49 52 50 56 54 39 48 5 42 24 10 45 35 4 26 2 29 34 41 16 22 3 23 14 25 13 11 12 15 40 9 
1 8 38 31 44 18 7 28 6 37 19 27 17 43 30 36 46 33 20 47 21 32 53 55 57 50 56 51 52 49 58 54 39 48 5 42 24 10 45 35 4 26 2 29 34 41 16 22 3 23 14 25 13 11 12 15 40 9 
1 8 38 31 44 18 7 28 6 37 19 27 17 43 30 36 46 33 20 47 21 32 53 55 57 50 52 49 58 51 56 54 39 48 5 42 24 10 45 35 4 26 2 29 34 41 16 22 3 23 14 25 13 11 12 15 40 9 
0
12739 24116 
12779 23819 
12779 23819 
12899 23302 
12899 23302 
12999 23291 
12999 23291 
13034 23104 
13034 23104 
13034 23104 
13034 23104 
13034 23104 
13074 22807 
13074 22807 
13144 22499 
13144 22499 
13214 22455 
13214 22455 
13269 22290 
13269 22290 
13304 21685 
13304 21685 
13374 21641 
13374 21641 
13374 21641 
13374 21641 
13439 21487 
13439 21487 
13509 21443 
13509 21443 
13509 21443 
13509 21443 
13509 21443 
13509 21443 
13554 21135 
13554 21135 
13654 21124 
13654 21124 
13689 20937 
13689 20937 
13759 20783 
13759 20783 
13759 20783 
13759 20783 
13769 20618 
13769 20618 
13769 20618 
13769 20618 
13799 20596 
13799 20596 
13884 20574 
13884 20574 
13899 20475 
13899 20475 
13904 20420 
13904 20420 
13934 20398 
13934 20398 
14004 20134 
14004 20134 
14019 19958 
14019 19958 
14019 19958 
14019 19958 
14089 19914 
14089 19914 
14089 19914 
14089 19914 
14154 19870 
14154 19870 
14154 19870 
14154 19870 
14194 19727 
14194 19727 
14224 19716 
14224 19716 
14224 19716 
14224 19716 
14224 19716 
14224 19716 
14224 19716 
14224 19716 
14224 19716 
14224 19716 
14254 19584 
14254 19584 
14254 19584 
14254 19584 
14264 19419 
14264 19419 
14359 19320 
14359 19320 
14409 19254 
14409 19254 
14459 19232 
14459 19232 
14459 19232 
14459 19232 
14459 19232 
14459 19232 
14479 19210 
14479 19210 
14479 19210 
14479 19210 
14544 19056 
14544 19056 
14569 19045 
14569 19045 
14584 18869 
14584 18869 
14609 18770 
14609 18770 
14649 18726 
14649 18726 
14679 18616 
14679 18616 
14719 18407 
14719 18407 
14719 18407 
14719 18407 
14774 18297 
14774 18297 
14854 18209 
14854 18209 
14854 18209 
14854 18209 
14874 18187 
14874 18187 
14874 18187 
14874 18187 
14894 18176 
14894 18176 
14894 18176 
14894 18176 
14909 18099 
14909 18099 
14984 18088 
14984 18088 
14999 18066 
14999 18066 
15009 17989 
15009 17989 
15009 17989 
15009 17989 
15014 17879 
15014 17879 
15039 17868 
15039 17868 
15084 17725 
15084 17725 
15109 17703 
15109 17703 
15109 17703 
15109 17703 
15109 17703 
15109 17703 
15149 17681 
15149 17681 
15184 17549 
15184 17549 
15219 17527 
15219 17527 
15219 17527 
15219 17527 
15244 17505 
15244 17505 
15244 17505 
15244 17505 
15269 17362 
15269 17362 
15284 17318 
15284 17318 
15284 17318 
15284 17318 
15284 17318 
15284 17318 
15394 17296 
15394 17296 
15404 17164 
15404 17164 
15419 17120 
15419 17120 
15454 17054 
15454 17054 
15454 17054 
15454 17054 
15464 16889 
15464 16889 
15559 16570 
15559 16570 
15579 16526 
15579 16526 
15704 16493 
15704 16493 
15744 16460 
15744 16460 
15754 16295 
15754 16295 
15859 16163 
15859 16163 
15859 16163 
15859 16163 
15894 16075 
15894 16075 
15914 16031 
15914 16031 
15934 16009 
15934 16009 
15994 15965 
15994 15965 
16034 15932 
16034 15932 
16069 15811 
16069 15811 
16114 15646 
16114 15646 
16134 15602 
16134 15602 
16269 15514 
16269 15514 
16309 15470 
16309 15470 
16394 15426 
16394 15426 
16409 15393 
16409 15393 
16469 15272 
16469 15272 
16484 15239 
16484 15239 
16489 15107 
16489 15107 
16564 14953 
16564 14953 
16664 14843 
16664 14843 
16704 14634 
16704 14634 
16759 14524 
16759 14524 
17094 14392 
17169 14238 
17294 14062 
17379 14018 
17429 13864 
17469 13831 
17729 13655 
17824 13336 
17829 13325 
18209 13248 
