0 1495 381 2012 1157 990 764 178 147 1788 542 508 749 696 408 318 1213 714 1082 717 935 228 538 1670 816 1922 1096 840 1147 986 498 1250 553 678 2136 754 1046 326 1117 261 692 1525 1104 616 2162 488 753 1184 9674 9145 8301 8858 10140 9975 10466 9920 8062 8420 
1495 0 1135 637 583 2207 2056 1641 1590 736 1312 1494 1150 988 1552 1243 2360 2004 2291 1615 1279 1272 1163 906 983 585 2269 2097 381 2155 1898 1091 1661 840 988 1984 2272 1778 976 1443 872 504 2223 1957 1098 1727 1388 661 9769 8173 9464 8017 9200 9706 8141 10493 9108 10058 
381 1135 0 1633 778 1163 971 551 457 1412 375 481 474 349 475 301 1359 918 1255 686 699 207 262 1308 480 1541 1251 1029 774 1133 772 936 622 301 1760 922 1227 644 785 325 442 1144 1231 850 1790 640 591 810 9666 10354 10551 9813 8149 8892 8578 10370 9176 10142 
2012 637 1633 0 886 2550 2444 2175 2081 444 1697 1881 1480 1385 1969 1806 2662 2397 2624 1941 1519 1805 1576 735 1321 102 2589 2467 879 2485 2343 1190 2044 1336 451 2357 2613 2255 1161 1901 1467 532 2526 2373 594 2138 1695 900 9096 10363 8319 9422 9453 10000 8919 10542 9350 8850 
1157 583 778 886 0 1686 1565 1329 1210 636 814 999 609 500 1084 1006 1818 1516 1764 1078 703 970 691 588 443 788 1735 1592 283 1626 1458 528 1163 503 985 1481 1750 1377 396 1021 768 370 1680 1489 1025 1253 839 97 9144 8907 9080 10232 9937 8850 8834 8617 8478 10232 
990 2207 1163 2550 1686 0 235 1015 845 2191 895 717 1078 1219 689 1289 230 279 93 611 1047 1162 1049 1961 1244 2450 116 153 1826 83 525 1428 553 1401 2502 244 66 704 1403 848 1598 2019 174 387 2468 528 856 1654 9360 9900 9055 9454 10611 10519 8632 9892 9023 10060 
764 2056 971 2444 1565 235 0 781 618 2111 753 568 965 1077 507 1070 465 54 323 532 984 947 894 1901 1123 2344 349 85 1676 260 290 1375 402 1231 2435 105 285 469 1324 648 1396 1914 386 153 2415 334 769 1545 10516 8866 9888 10417 9165 10319 9868 10433 8863 10429 
178 1641 551 2175 1329 1015 781 0 228 1962 709 649 924 874 534 413 1244 737 1103 844 1103 372 715 1847 994 2086 1127 863 1303 1025 493 1426 659 841 2310 795 1064 312 1294 418 805 1695 1149 629 2338 565 911 1359 10034 9718 10548 9552 8066 8919 8990 9410 9087 9477 
147 1590 457 2081 1210 845 618 228 0 1831 507 425 737 725 307 459 1068 568 936 617 897 352 546 1691 831 1988 951 694 1230 842 355 1240 434 757 2177 610 900 194 1121 214 819 1579 961 470 2193 352 695 1226 9319 10228 8128 9987 8101 9572 8236 8827 8419 8051 
1788 736 1412 444 636 2191 2111 1962 1831 0 1389 1565 1154 1107 1668 1639 2282 2067 2258 1588 1145 1606 1294 292 1015 358 2218 2123 771 2121 2049 783 1718 1138 349 2017 2252 1987 790 1632 1366 297 2149 2058 401 1826 1344 606 9277 9403 8924 8334 9929 10241 10312 8810 10120 10290 
542 1312 375 1697 814 895 753 709 507 1389 0 186 242 326 280 646 1061 704 981 332 395 514 159 1215 378 1598 962 787 932 847 660 737 353 522 1727 675 961 620 632 295 795 1171 925 676 1727 441 225 802 8849 9371 9708 8974 9452 9863 8488 8622 8089 9122 
508 1494 481 1881 999 717 568 649 425 1565 186 0 411 510 129 698 893 519 804 220 502 559 332 1378 560 1782 790 604 1114 673 493 879 168 687 1899 491 782 487 793 250 921 1353 760 495 1892 262 282 984 9472 8981 8153 8282 9339 9074 10006 9962 9046 8225 
749 1150 474 1480 609 1078 965 924 737 1154 242 411 0 205 519 774 1215 919 1156 471 231 663 221 973 169 1380 1128 988 776 1018 899 504 567 468 1488 877 1142 861 390 524 807 949 1076 905 1486 673 239 581 8159 9455 8560 10280 8190 10442 9774 8569 9541 10476 
696 988 349 1385 500 1219 1077 874 725 1107 326 510 205 0 586 641 1376 1027 1303 632 424 555 192 974 133 1287 1282 1113 608 1167 959 591 678 265 1453 1000 1284 882 437 526 611 866 1238 993 1470 758 428 504 9718 8913 8808 10272 8336 9096 9392 10532 8847 10205 
408 1552 475 1969 1084 689 507 534 307 1668 280 129 519 586 0 642 887 455 780 312 629 504 397 1492 656 1871 776 558 1174 659 381 1001 157 724 2006 449 753 359 907 175 913 1445 761 408 2004 176 410 1077 10407 9102 9013 8106 9253 9801 8234 8761 9572 8953 
318 1243 301 1806 1006 1289 1070 413 459 1639 646 698 774 641 642 0 1505 1019 1382 917 997 140 558 1569 773 1722 1390 1142 927 1276 814 1231 799 503 1986 1048 1348 643 1075 467 393 1356 1389 926 2030 768 870 1056 9318 10637 10033 9904 10261 10231 9750 8445 10399 10261 
1213 2360 1359 2662 1818 230 465 1244 1068 2282 1061 893 1215 1376 887 1505 0 507 151 746 1144 1374 1218 2035 1383 2561 117 382 1982 230 754 1504 739 1579 2577 459 193 933 1503 1054 1799 2134 139 616 2532 739 980 1777 10285 10421 10452 8823 9768 9014 10254 10192 10363 9783 
714 2004 918 2397 1516 279 54 737 568 2067 704 519 919 1027 455 1019 507 0 369 495 945 895 843 1860 1076 2297 390 127 1625 292 251 1337 354 1178 2393 91 332 427 1281 595 1344 1867 418 112 2375 281 728 1498 8066 9935 9654 9281 10163 9500 10289 8755 8146 9340 
1082 2291 1255 2624 1764 93 323 1103 936 2258 981 804 1156 1303 780 1382 151 369 0 687 1114 1254 1135 2022 1323 2523 64 243 1911 139 611 1489 641 1490 2564 336 42 792 1471 940 1690 2093 154 475 2527 621 930 1730 10249 10466 8071 9682 8809 9657 9553 8853 10297 9468 
717 1615 686 1941 1078 611 532 844 617 1588 332 220 471 632 312 917 746 495 687 0 453 778 490 1371 639 1840 658 536 1237 548 574 844 207 852 1907 432 674 630 799 466 1120 1409 608 519 1884 339 246 1044 9401 9945 10038 9137 10183 10057 9812 10145 8915 8181 
935 1279 699 1519 703 1047 984 1103 897 1145 395 502 231 424 629 997 1144 945 1114 453 0 879 439 919 336 1418 1075 987 924 976 985 393 618 688 1457 884 1108 987 360 688 1034 992 1009 958 1432 745 225 646 9449 8190 8125 10575 9397 8949 8026 8476 8687 10590 
228 1272 207 1805 970 1162 947 372 352 1606 514 559 663 555 504 140 1374 895 1254 778 879 0 444 1512 685 1717 1260 1016 932 1145 704 1140 661 473 1954 919 1221 544 991 329 468 1332 1255 808 1989 636 739 1009 10123 9511 8305 9632 10617 8929 9810 8229 9175 8084 
538 1163 262 1576 691 1049 894 715 546 1294 159 332 221 192 397 558 1218 843 1135 490 439 444 0 1145 286 1479 1119 934 783 1002 768 713 499 363 1637 822 1114 694 580 340 650 1057 1083 804 1649 570 341 693 10130 9277 10234 8390 10163 10309 8297 8361 10226 8441 
1670 906 1308 735 588 1961 1901 1847 1691 292 1215 1378 973 974 1492 1569 2035 1860 2022 1371 919 1512 1145 0 860 646 1978 1905 813 1887 1870 534 1521 1070 543 1802 2019 1830 586 1483 1355 403 1905 1864 515 1638 1133 519 10236 9622 9111 10052 8136 8532 8311 9727 10528 10246 
816 983 480 1321 443 1244 1123 994 831 1015 378 560 169 133 656 773 1383 1076 1323 639 336 685 286 860 0 1222 1296 1150 611 1185 1036 458 723 368 1356 1038 1308 976 306 624 723 793 1245 1054 1364 819 406 424 10201 8955 10025 9629 9788 9494 10548 10040 8285 10263 
1922 585 1541 102 788 2450 2344 2086 1988 358 1598 1782 1380 1287 1871 1722 2561 2297 2523 1840 1418 1717 1479 646 1222 0 2488 2367 796 2384 2246 1091 1944 1246 435 2256 2513 2160 1059 1806 1391 431 2425 2274 569 2039 1595 800 8996 9672 10571 9701 10212 8430 9269 9371 9760 10459 
1096 2269 1251 2589 1735 116 349 1127 951 2218 962 790 1128 1282 776 1390 117 390 64 658 1075 1260 1119 1978 1296 2488 0 266 1889 118 639 1445 632 1477 2521 343 97 816 1433 941 1689 2059 91 500 2481 625 898 1698 10191 10144 8367 10041 10507 8641 8682 8070 9071 9658 
840 2097 1029 2467 1592 153 85 863 694 2123 787 604 988 1113 558 1142 382 127 243 536 987 1016 934 1905 1150 2367 266 0 1716 177 374 1376 436 1279 2443 113 207 552 1334 709 1459 1936 302 235 2418 390 780 1568 8268 10421 10338 8583 8923 8765 10209 9745 8759 10475 
1147 381 774 879 283 1826 1676 1303 1230 771 932 1114 776 608 1174 927 1982 1625 1911 1237 924 932 783 813 611 796 1889 1716 0 1775 1526 807 1281 474 1100 1604 1892 1414 663 1072 605 475 1844 1579 1172 1349 1015 379 9856 9857 10021 8910 10090 10553 77 10543 9744 9505 
986 2155 1133 2485 1626 83 260 1025 842 2121 847 673 1018 1167 659 1276 230 292 139 548 976 1145 1002 1887 1185 2384 118 177 1775 0 543 1354 514 1360 2429 233 133 716 1334 825 1571 1954 127 404 2393 509 791 1592 8490 9086 9214 8268 9099 10257 8113 8057 9120 8282 
498 1898 772 2343 1458 525 290 493 355 2049 660 493 899 959 381 814 754 251 611 574 985 704 768 1870 1036 2246 639 374 1526 543 0 1370 373 1059 2386 324 572 183 1285 455 1168 1823 669 139 2384 242 761 1456 8975 9436 10347 8972 8282 8358 10536 10105 8378 10196 
1250 1091 936 1190 528 1428 1375 1426 1240 783 737 879 504 591 1001 1231 1504 1337 1489 844 393 1140 713 534 458 1091 1445 1376 807 1354 1370 0 1007 794 1076 1275 1486 1354 169 1026 1143 692 1372 1349 1043 1131 614 437 10383 8165 8167 8737 8321 8539 9942 10586 10176 8180 
553 1661 622 2044 1163 553 402 659 434 1718 353 168 567 678 157 799 739 354 641 207 618 661 499 1521 723 1944 632 436 1281 514 373 1007 0 849 2048 323 618 424 937 332 1062 1514 609 344 2035 134 394 1145 8959 10067 8101 10182 10581 10493 10618 9836 8665 10353 
678 840 301 1336 503 1401 1231 841 757 1138 522 687 468 265 724 503 1579 1178 1490 852 688 473 363 1070 368 1246 1477 1279 474 1360 1059 794 849 0 1486 1168 1466 941 627 604 356 860 1444 1122 1528 898 677 554 8222 10407 8666 53 9259 8752 9350 9258 10365 9435 
2136 988 1760 451 985 2502 2435 2310 2177 349 1727 1899 1488 1453 2006 1986 2577 2393 2564 1907 1457 1954 1637 543 1356 435 2521 2443 1100 2429 2386 1076 2048 1486 0 2338 2561 2331 1112 1976 1701 633 2447 2390 146 2160 1666 953 10554 8550 8124 8880 8118 8550 9855 8863 9368 8631 
754 1984 922 2357 1481 244 105 795 610 2017 675 491 877 1000 449 1048 459 91 336 432 884 919 822 1802 1038 2256 343 113 1604 233 324 1275 323 1168 2338 0 305 488 1228 605 1356 1826 355 190 2316 286 673 1457 10265 9417 10295 9507 9874 9660 9482 9782 9697 9775 
1046 2272 1227 2613 1750 66 285 1064 900 2252 961 782 1142 1284 753 1348 193 332 42 674 1108 1221 1114 2019 1308 2513 97 207 1892 133 572 1486 618 1466 2561 305 0 753 1464 910 1661 2082 181 437 2526 590 919 1718 10092 9447 10141 9720 9168 9138 10535 8932 8356 8703 
326 1778 644 2255 1377 704 469 312 194 1987 620 487 861 882 359 643 933 427 792 630 987 544 694 1830 976 2160 816 552 1414 716 183 1354 424 941 2331 488 753 0 1250 357 1011 1745 841 317 2339 301 769 1385 8181 9379 9758 9088 9220 10554 9073 8443 9313 10614 
1117 976 785 1161 396 1403 1324 1294 1121 790 632 793 390 437 907 1075 1503 1281 1471 799 360 991 580 586 306 1059 1433 1334 663 1334 1285 169 937 627 1112 1228 1464 1250 0 909 974 637 1368 1280 1100 1053 555 317 10082 10275 10078 8249 9717 9855 8522 8873 9617 8667 
261 1443 325 1901 1021 848 648 418 214 1632 295 250 524 526 175 467 1054 595 940 466 688 329 340 1483 624 1806 941 709 1072 825 455 1026 332 604 1976 605 910 357 909 0 751 1389 931 525 1988 320 495 1029 9408 9063 8044 8755 9337 8705 9641 9642 9251 8164 
692 872 442 1467 768 1598 1396 805 819 1366 795 921 807 611 913 393 1799 1344 1690 1120 1034 468 650 1355 723 1391 1689 1459 605 1571 1168 1143 1062 356 1701 1356 1661 1011 974 751 0 1071 1671 1264 1766 1071 989 843 9600 9145 8146 8430 9731 10050 8632 8311 10091 9216 
1525 504 1144 532 370 2019 1914 1695 1579 297 1171 1353 949 866 1445 1356 2134 1867 2093 1409 992 1332 1057 403 793 431 2059 1936 475 1954 1823 692 1514 860 633 1826 2082 1745 637 1389 1071 0 1997 1846 698 1611 1164 370 9726 10609 8979 10129 8172 10289 9809 8508 8863 10141 
1104 2223 1231 2526 1680 174 386 1149 961 2149 925 760 1076 1238 761 1389 139 418 154 608 1009 1255 1083 1905 1245 2425 91 302 1844 127 669 1372 609 1444 2447 355 181 841 1368 931 1671 1997 0 530 2405 622 842 1640 8787 8921 10330 9143 8975 8521 8926 8886 8594 10063 
616 1957 850 2373 1489 387 153 629 470 2058 676 495 905 993 408 926 616 112 475 519 958 808 804 1864 1054 2274 500 235 1579 404 139 1349 344 1122 2390 190 437 317 1280 525 1264 1846 530 0 2379 236 735 1477 8050 8400 9590 9942 10243 9299 10023 9545 8585 9813 
2162 1098 1790 594 1025 2468 2415 2338 2193 401 1727 1892 1486 1470 2004 2030 2532 2375 2527 1884 1432 1989 1649 515 1364 569 2481 2418 1172 2393 2384 1043 2035 1528 146 2316 2526 2339 1100 1988 1766 698 2405 2379 0 2152 1647 981 8661 8323 10512 9611 8003 8648 9859 10561 10455 10500 
488 1727 640 2138 1253 528 334 565 352 1826 441 262 673 758 176 768 739 281 621 339 745 636 570 1638 819 2039 625 390 1349 509 242 1131 134 898 2160 286 590 301 1053 320 1071 1611 622 236 2152 0 520 1242 9248 8009 9812 9440 8278 8913 9254 8154 9504 8918 
753 1388 591 1695 839 856 769 911 695 1344 225 282 239 428 410 870 980 728 930 246 225 739 341 1133 406 1595 898 780 1015 791 761 614 394 677 1666 673 919 769 555 495 989 1164 842 735 1647 520 0 801 10386 8134 9076 9287 10381 10200 8929 8151 9942 9313 
1184 661 810 900 97 1654 1545 1359 1226 606 802 984 581 504 1077 1056 1777 1498 1730 1044 646 1009 693 519 424 800 1698 1568 379 1592 1456 437 1145 554 953 1457 1718 1385 317 1029 843 370 1640 1477 981 1242 801 0 8666 9470 10458 8188 8979 8643 9833 10316 9918 9864 
9674 9769 9666 9096 9144 9360 10516 10034 9319 9277 8849 9472 8159 9718 10407 9318 10285 8066 10249 9401 9449 10123 10130 10236 10201 8996 10191 8268 9856 8490 8975 10383 8959 8222 10554 10265 10092 8181 10082 9408 9600 9726 8787 8050 8661 9248 10386 8666 0 860 640 860 1030 1220 170 1400 290 640 
9145 8173 10354 10363 8907 9900 8866 9718 10228 9403 9371 8981 9455 8913 9102 10637 10421 9935 10466 9945 8190 9511 9277 9622 8955 9672 10144 10421 9857 9086 9436 8165 10067 10407 8550 9417 9447 9379 10275 9063 9145 10609 8921 8400 8323 8009 8134 9470 860 0 690 1750 1750 1340 170 540 1220 540 
8301 9464 10551 8319 9080 9055 9888 10548 8128 8924 9708 8153 8560 8808 9013 10033 10452 9654 8071 10038 8125 8305 10234 9111 10025 10571 8367 10338 10021 9214 10347 8167 8101 8666 8124 10295 10141 9758 10078 8044 8146 8979 10330 9590 10512 9812 9076 10458 640 690 0 860 2000 640 1880 80 850 1880 
8858 8017 9813 9422 10232 9454 10417 9552 9987 8334 8974 8282 10280 10272 8106 9904 8823 9281 9682 9137 10575 9632 8390 10052 9629 9701 10041 8583 8910 8268 8972 8737 10182 53 8880 9507 9720 9088 8249 8755 8430 10129 9143 9942 9611 9440 9287 8188 860 1750 860 0 1720 1720 150 1930 870 200 
10140 9200 8149 9453 9937 10611 9165 8066 8101 9929 9452 9339 8190 8336 9253 10261 9768 10163 8809 10183 9397 10617 10163 8136 9788 10212 10507 8923 10090 9099 8282 8321 10581 9259 8118 9874 9168 9220 9717 9337 9731 8172 8975 10243 8003 8278 10381 8979 1030 1750 2000 1720 0 1720 150 190 1520 660 
9975 9706 8892 10000 8850 10519 10319 8919 9572 10241 9863 9074 10442 9096 9801 10231 9014 9500 9657 10057 8949 8929 10309 8532 9494 8430 8641 8765 10553 10257 8358 8539 10493 8752 8550 9660 9138 10554 9855 8705 10050 10289 8521 9299 8648 8913 10200 8643 1220 1340 640 1720 1720 0 150 1730 650 1690 
10466 8141 8578 8919 8834 8632 9868 8990 8236 10312 8488 10006 9774 9392 8234 9750 10254 10289 9553 9812 8026 9810 8297 8311 10548 9269 8682 10209 77 8113 10536 9942 10618 9350 9855 9482 10535 9073 8522 9641 8632 9809 8926 10023 9859 9254 8929 9833 170 170 1880 150 150 150 0 1730 790 1880 
9920 10493 10370 10542 8617 9892 10433 9410 8827 8810 8622 9962 8569 10532 8761 8445 10192 8755 8853 10145 8476 8229 8361 9727 10040 9371 8070 9745 10543 8057 10105 10586 9836 9258 8863 9782 8932 8443 8873 9642 8311 8508 8886 9545 10561 8154 8151 10316 1400 540 80 1930 190 1730 1730 0 1720 1400 
8062 9108 9176 9350 8478 9023 8863 9087 8419 10120 8089 9046 9541 8847 9572 10399 10363 8146 10297 8915 8687 9175 10226 10528 8285 9760 9071 8759 9744 9120 8378 10176 8665 10365 9368 9697 8356 9313 9617 9251 10091 8863 8594 8585 10455 9504 9942 9918 290 1220 850 870 1520 650 790 1720 0 1480 
8420 10058 10142 8850 10232 10060 10429 9477 8051 10290 9122 8225 10476 10205 8953 10261 9783 9340 9468 8181 10590 8084 8441 10246 10263 10459 9658 10475 9505 8282 10196 8180 10353 9435 8631 9775 8703 10614 8667 8164 9216 10141 10063 9813 10500 8918 9313 9864 640 540 1880 200 660 1690 1880 1400 1480 0 

0 1495 381 2012 1157 990 764 178 147 1788 542 508 749 696 408 318 1213 714 1082 717 935 228 538 1670 816 1922 1096 840 1147 986 498 1250 553 678 2136 754 1046 326 1117 261 692 1525 1104 616 2162 488 753 1184 9559 10201 9229 8515 10225 10091 10117 9659 9023 8772 
1495 0 1135 637 583 2207 2056 1641 1590 736 1312 1494 1150 988 1552 1243 2360 2004 2291 1615 1279 1272 1163 906 983 585 2269 2097 381 2155 1898 1091 1661 840 988 1984 2272 1778 976 1443 872 504 2223 1957 1098 1727 1388 661 10330 8343 10378 9302 10258 8806 8317 10304 8087 8843 
381 1135 0 1633 778 1163 971 551 457 1412 375 481 474 349 475 301 1359 918 1255 686 699 207 262 1308 480 1541 1251 1029 774 1133 772 936 622 301 1760 922 1227 644 785 325 442 1144 1231 850 1790 640 591 810 9873 9138 9442 9345 8842 9503 9360 8573 9283 10639 
2012 637 1633 0 886 2550 2444 2175 2081 444 1697 1881 1480 1385 1969 1806 2662 2397 2624 1941 1519 1805 1576 735 1321 102 2589 2467 879 2485 2343 1190 2044 1336 451 2357 2613 2255 1161 1901 1467 532 2526 2373 594 2138 1695 900 8131 10398 8549 9339 8037 9160 10339 9531 8825 8179 
1157 583 778 886 0 1686 1565 1329 1210 636 814 999 609 500 1084 1006 1818 1516 1764 1078 703 970 691 588 443 788 1735 1592 283 1626 1458 528 1163 503 985 1481 1750 1377 396 1021 768 370 1680 1489 1025 1253 839 97 9567 9310 8728 8123 10517 10291 8633 8934 9489 9181 
990 2207 1163 2550 1686 0 235 1015 845 2191 895 717 1078 1219 689 1289 230 279 93 611 1047 1162 1049 1961 1244 2450 116 153 1826 83 525 1428 553 1401 2502 244 66 704 1403 848 1598 2019 174 387 2468 528 856 1654 9905 8136 10359 9051 10059 9600 9509 9465 9864 8851 
764 2056 971 2444 1565 235 0 781 618 2111 753 568 965 1077 507 1070 465 54 323 532 984 947 894 1901 1123 2344 349 85 1676 260 290 1375 402 1231 2435 105 285 469 1324 648 1396 1914 386 153 2415 334 769 1545 8052 8784 9084 9684 9197 8995 8403 8379 8889 8632 
178 1641 551 2175 1329 1015 781 0 228 1962 709 649 924 874 534 413 1244 737 1103 844 1103 372 715 1847 994 2086 1127 863 1303 1025 493 1426 659 841 2310 795 1064 312 1294 418 805 1695 1149 629 2338 565 911 1359 8315 8968 8996 9119 8699 10197 10464 9897 9290 9403 
147 1590 457 2081 1210 845 618 228 0 1831 507 425 737 725 307 459 1068 568 936 617 897 352 546 1691 831 1988 951 694 1230 842 355 1240 434 757 2177 610 900 194 1121 214 819 1579 961 470 2193 352 695 1226 8109 10131 10362 10427 9350 8084 10572 9525 9901 8899 
1788 736 1412 444 636 2191 2111 1962 1831 0 1389 1565 1154 1107 1668 1639 2282 2067 2258 1588 1145 1606 1294 292 1015 358 2218 2123 771 2121 2049 783 1718 1138 349 2017 2252 1987 790 1632 1366 297 2149 2058 401 1826 1344 606 10605 9685 10604 8717 9208 10615 9063 9555 9607 10508 
542 1312 375 1697 814 895 753 709 507 1389 0 186 242 326 280 646 1061 704 981 332 395 514 159 1215 378 1598 962 787 932 847 660 737 353 522 1727 675 961 620 632 295 795 1171 925 676 1727 441 225 802 10560 9938 9813 9874 9193 9910 10358 8410 9615 10350 
508 1494 481 1881 999 717 568 649 425 1565 186 0 411 510 129 698 893 519 804 220 502 559 332 1378 560 1782 790 604 1114 673 493 879 168 687 1899 491 782 487 793 250 921 1353 760 495 1892 262 282 984 8955 9416 9594 8477 9328 9671 9699 8961 9511 10199 
749 1150 474 1480 609 1078 965 924 737 1154 242 411 0 205 519 774 1215 919 1156 471 231 663 221 973 169 1380 1128 988 776 1018 899 504 567 468 1488 877 1142 861 390 524 807 949 1076 905 1486 673 239 581 9558 10406 8770 10394 10295 10375 8999 8984 8639 9103 
696 988 349 1385 500 1219 1077 874 725 1107 326 510 205 0 586 641 1376 1027 1303 632 424 555 192 974 133 1287 1282 1113 608 1167 959 591 678 265 1453 1000 1284 882 437 526 611 866 1238 993 1470 758 428 504 8109 8771 8271 8058 10118 10532 10620 9517 10425 8705 
408 1552 475 1969 1084 689 507 534 307 1668 280 129 519 586 0 642 887 455 780 312 629 504 397 1492 656 1871 776 558 1174 659 381 1001 157 724 2006 449 753 359 907 175 913 1445 761 408 2004 176 410 1077 10052 10177 9401 10625 10458 9198 10595 8834 10407 8723 
318 1243 301 1806 1006 1289 1070 413 459 1639 646 698 774 641 642 0 1505 1019 1382 917 997 140 558 1569 773 1722 1390 1142 927 1276 814 1231 799 503 1986 1048 1348 643 1075 467 393 1356 1389 926 2030 768 870 1056 9436 9877 9870 9880 8770 10584 9081 9192 9374 8852 
1213 2360 1359 2662 1818 230 465 1244 1068 2282 1061 893 1215 1376 887 1505 0 507 151 746 1144 1374 1218 2035 1383 2561 117 382 1982 230 754 1504 739 1579 2577 459 193 933 1503 1054 1799 2134 139 616 2532 739 980 1777 9375 8729 10279 8320 10073 9017 9182 10211 9987 8308 
714 2004 918 2397 1516 279 54 737 568 2067 704 519 919 1027 455 1019 507 0 369 495 945 895 843 1860 1076 2297 390 127 1625 292 251 1337 354 1178 2393 91 332 427 1281 595 1344 1867 418 112 2375 281 728 1498 9620 10522 9235 10293 9606 9337 9776 10398 9394 9286 
1082 2291 1255 2624 1764 93 323 1103 936 2258 981 804 1156 1303 780 1382 151 369 0 687 1114 1254 1135 2022 1323 2523 64 243 1911 139 611 1489 641 1490 2564 336 42 792 1471 940 1690 2093 154 475 2527 621 930 1730 10339 8388 8509 9985 9120 9647 8806 10501 9672 8971 
717 1615 686 1941 1078 611 532 844 617 1588 332 220 471 632 312 917 746 495 687 0 453 778 490 1371 639 1840 658 536 1237 548 574 844 207 852 1907 432 674 630 799 466 1120 1409 608 519 1884 339 246 1044 9838 9698 8585 8734 9498 9059 10197 10231 10486 8497 
935 1279 699 1519 703 1047 984 1103 897 1145 395 502 231 424 629 997 1144 945 1114 453 0 879 439 919 336 1418 1075 987 924 976 985 393 618 688 1457 884 1108 987 360 688 1034 992 1009 958 1432 745 225 646 9246 8061 9037 8940 9995 8561 9775 9415 8858 8518 
228 1272 207 1805 970 1162 947 372 352 1606 514 559 663 555 504 140 1374 895 1254 778 879 0 444 1512 685 1717 1260 1016 932 1145 704 1140 661 473 1954 919 1221 544 991 329 468 1332 1255 808 1989 636 739 1009 9205 8482 8681 9310 8368 9395 9360 10539 8858 9353 
538 1163 262 1576 691 1049 894 715 546 1294 159 332 221 192 397 558 1218 843 1135 490 439 444 0 1145 286 1479 1119 934 783 1002 768 713 499 363 1637 822 1114 694 580 340 650 1057 1083 804 1649 570 341 693 10478 9238 8310 9756 10152 9082 8057 9789 9596 9499 
1670 906 1308 735 588 1961 1901 1847 1691 292 1215 1378 973 974 1492 1569 2035 1860 2022 1371 919 1512 1145 0 860 646 1978 1905 813 1887 1870 534 1521 1070 543 1802 2019 1830 586 1483 1355 403 1905 1864 515 1638 1133 519 9019 9348 8254 8682 8952 9807 9309 9401 9881 9224 
816 983 480 1321 443 1244 1123 994 831 1015 378 560 169 133 656 773 1383 1076 1323 639 336 685 286 860 0 1222 1296 1150 611 1185 1036 458 723 368 1356 1038 1308 976 306 624 723 793 1245 1054 1364 819 406 424 9456 9789 9218 8507 8511 10518 10065 9315 10423 8506 
1922 585 1541 102 788 2450 2344 2086 1988 358 1598 1782 1380 1287 1871 1722 2561 2297 2523 1840 1418 1717 1479 646 1222 0 2488 2367 796 2384 2246 1091 1944 1246 435 2256 2513 2160 1059 1806 1391 431 2425 2274 569 2039 1595 800 8519 8283 10498 9128 8372 10421 9050 10428 8254 8589 
1096 2269 1251 2589 1735 116 349 1127 951 2218 962 790 1128 1282 776 1390 117 390 64 658 1075 1260 1119 1978 1296 2488 0 266 1889 118 639 1445 632 1477 2521 343 97 816 1433 941 1689 2059 91 500 2481 625 898 1698 10448 9911 9918 9812 9890 8480 8196 9275 9235 8766 
840 2097 1029 2467 1592 153 85 863 694 2123 787 604 988 1113 558 1142 382 127 243 536 987 1016 934 1905 1150 2367 266 0 1716 177 374 1376 436 1279 2443 113 207 552 1334 709 1459 1936 302 235 2418 390 780 1568 9405 9614 8846 9929 8987 8882 10465 10117 10596 8660 
1147 381 774 879 283 1826 1676 1303 1230 771 932 1114 776 608 1174 927 1982 1625 1911 1237 924 932 783 813 611 796 1889 1716 0 1775 1526 807 1281 474 1100 1604 1892 1414 663 1072 605 475 1844 1579 1172 1349 1015 379 8592 8978 9528 9712 8558 8478 111 9180 8461 10317 
986 2155 1133 2485 1626 83 260 1025 842 2121 847 673 1018 1167 659 1276 230 292 139 548 976 1145 1002 1887 1185 2384 118 177 1775 0 543 1354 514 1360 2429 233 133 716 1334 825 1571 1954 127 404 2393 509 791 1592 9373 9027 10228 9541 8748 8847 9948 8003 8292 9585 
498 1898 772 2343 1458 525 290 493 355 2049 660 493 899 959 381 814 754 251 611 574 985 704 768 1870 1036 2246 639 374 1526 543 0 1370 373 1059 2386 324 572 183 1285 455 1168 1823 669 139 2384 242 761 1456 8514 9067 8853 9160 9399 9713 9755 9115 9273 8804 
1250 1091 936 1190 528 1428 1375 1426 1240 783 737 879 504 591 1001 1231 1504 1337 1489 844 393 1140 713 534 458 1091 1445 1376 807 1354 1370 0 1007 794 1076 1275 1486 1354 169 1026 1143 692 1372 1349 1043 1131 614 437 9415 8450 10174 10124 9001 8477 10007 9804 8416 9259 
553 1661 622 2044 1163 553 402 659 434 1718 353 168 567 678 157 799 739 354 641 207 618 661 499 1521 723 1944 632 436 1281 514 373 1007 0 849 2048 323 618 424 937 332 1062 1514 609 344 2035 134 394 1145 9724 9647 9461 9383 9402 10040 9430 9243 8454 9863 
678 840 301 1336 503 1401 1231 841 757 1138 522 687 468 265 724 503 1579 1178 1490 852 688 473 363 1070 368 1246 1477 1279 474 1360 1059 794 849 0 1486 1168 1466 941 627 604 356 860 1444 1122 1528 898 677 554 9747 9941 8421 47 9285 9759 9652 8875 8948 8479 
2136 988 1760 451 985 2502 2435 2310 2177 349 1727 1899 1488 1453 2006 1986 2577 2393 2564 1907 1457 1954 1637 543 1356 435 2521 2443 1100 2429 2386 1076 2048 1486 0 2338 2561 2331 1112 1976 1701 633 2447 2390 146 2160 1666 953 10270 9363 9089 8912 8603 8531 8471 8664 9503 8401 
754 1984 922 2357 1481 244 105 795 610 2017 675 491 877 1000 449 1048 459 91 336 432 884 919 822 1802 1038 2256 343 113 1604 233 324 1275 323 1168 2338 0 305 488 1228 605 1356 1826 355 190 2316 286 673 1457 8714 9692 10575 10024 10558 9443 8522 8476 9152 10223 
1046 2272 1227 2613 1750 66 285 1064 900 2252 961 782 1142 1284 753 1348 193 332 42 674 1108 1221 1114 2019 1308 2513 97 207 1892 133 572 1486 618 1466 2561 305 0 753 1464 910 1661 2082 181 437 2526 590 919 1718 10026 8017 10154 8131 8782 10637 9649 10481 8714 9769 
326 1778 644 2255 1377 704 469 312 194 1987 620 487 861 882 359 643 933 427 792 630 987 544 694 1830 976 2160 816 552 1414 716 183 1354 424 941 2331 488 753 0 1250 357 1011 1745 841 317 2339 301 769 1385 8432 8539 10524 8112 10139 8328 9615 9799 9116 9163 
1117 976 785 1161 396 1403 1324 1294 1121 790 632 793 390 437 907 1075 1503 1281 1471 799 360 991 580 586 306 1059 1433 1334 663 1334 1285 169 937 627 1112 1228 1464 1250 0 909 974 637 1368 1280 1100 1053 555 317 9440 10396 10332 8588 9243 8381 8990 8912 9334 10630 
261 1443 325 1901 1021 848 648 418 214 1632 295 250 524 526 175 467 1054 595 940 466 688 329 340 1483 624 1806 941 709 1072 825 455 1026 332 604 1976 605 910 357 909 0 751 1389 931 525 1988 320 495 1029 8820 10087 8306 10388 10411 10207 9547 8944 8823 8634 
692 872 442 1467 768 1598 1396 805 819 1366 795 921 807 611 913 393 1799 1344 1690 1120 1034 468 650 1355 723 1391 1689 1459 605 1571 1168 1143 1062 356 1701 1356 1661 1011 974 751 0 1071 1671 1264 1766 1071 989 843 9137 8240 10311 8364 8216 9381 8329 8109 8196 10258 
1525 504 1144 532 370 2019 1914 1695 1579 297 1171 1353 949 866 1445 1356 2134 1867 2093 1409 992 1332 1057 403 793 431 2059 1936 475 1954 1823 692 1514 860 633 1826 2082 1745 637 1389 1071 0 1997 1846 698 1611 1164 370 10121 9871 9862 8223 10045 8929 9596 9714 9116 9874 
1104 2223 1231 2526 1680 174 386 1149 961 2149 925 760 1076 1238 761 1389 139 418 154 608 1009 1255 1083 1905 1245 2425 91 302 1844 127 669 1372 609 1444 2447 355 181 841 1368 931 1671 1997 0 530 2405 622 842 1640 8252 10287 10597 8493 9016 10203 9138 8385 9642 8607 
616 1957 850 2373 1489 387 153 629 470 2058 676 495 905 993 408 926 616 112 475 519 958 808 804 1864 1054 2274 500 235 1579 404 139 1349 344 1122 2390 190 437 317 1280 525 1264 1846 530 0 2379 236 735 1477 9555 8341 9906 10341 8720 8973 10128 9797 8552 10356 
2162 1098 1790 594 1025 2468 2415 2338 2193 401 1727 1892 1486 1470 2004 2030 2532 2375 2527 1884 1432 1989 1649 515 1364 569 2481 2418 1172 2393 2384 1043 2035 1528 146 2316 2526 2339 1100 1988 1766 698 2405 2379 0 2152 1647 981 10238 9687 10085 9506 9593 8808 9302 8125 8696 9701 
488 1727 640 2138 1253 528 334 565 352 1826 441 262 673 758 176 768 739 281 621 339 745 636 570 1638 819 2039 625 390 1349 509 242 1131 134 898 2160 286 590 301 1053 320 1071 1611 622 236 2152 0 520 1242 10083 8380 9425 9272 9495 10178 10594 8573 8771 9324 
753 1388 591 1695 839 856 769 911 695 1344 225 282 239 428 410 870 980 728 930 246 225 739 341 1133 406 1595 898 780 1015 791 761 614 394 677 1666 673 919 769 555 495 989 1164 842 735 1647 520 0 801 9295 8457 9718 10481 9744 10283 9041 9522 10411 8897 
1184 661 810 900 97 1654 1545 1359 1226 606 802 984 581 504 1077 1056 1777 1498 1730 1044 646 1009 693 519 424 800 1698 1568 379 1592 1456 437 1145 554 953 1457 1718 1385 317 1029 843 370 1640 1477 981 1242 801 0 10275 10562 9083 10573 8268 10347 8626 9923 9736 7999 
9559 10330 9873 8131 9567 9905 8052 8315 8109 10605 10560 8955 9558 8109 10052 9436 9375 9620 10339 9838 9246 9205 10478 9019 9456 8519 10448 9405 8592 9373 8514 9415 9724 9747 10270 8714 10026 8432 9440 8820 9137 10121 8252 9555 10238 10083 9295 10275 0 570 680 570 485 820 670 575 855 680 
10201 8343 9138 10398 9310 8136 8784 8968 10131 9685 9938 9416 10406 8771 10177 9877 8729 10522 8388 9698 8061 8482 9238 9348 9789 8283 9911 9614 8978 9027 9067 8450 9647 9941 9363 9692 8017 8539 10396 10087 8240 9871 10287 8341 9687 8380 8457 10562 570 0 655 705 705 330 670 730 390 730 
9229 10378 9442 8549 8728 10359 9084 8996 10362 10604 9813 9594 8770 8271 9401 9870 10279 9235 8509 8585 9037 8681 8310 8254 9218 10498 9918 8846 9528 10228 8853 10174 9461 8421 9089 10575 10154 10524 10332 8306 10311 9862 10597 9906 10085 9425 9718 9083 680 655 0 570 0 680 185 960 575 185 
8515 9302 9345 9339 8123 9051 9684 9119 10427 8717 9874 8477 10394 8058 10625 9880 8320 10293 9985 8734 8940 9310 9756 8682 8507 9128 9812 9929 9712 9541 9160 10124 9383 47 8912 10024 8131 8112 8588 10388 8364 8223 8493 10341 9506 9272 10481 10573 570 705 570 0 140 140 125 35 565 900 
10225 10258 8842 8037 10517 10059 9197 8699 9350 9208 9193 9328 10295 10118 10458 8770 10073 9606 9120 9498 9995 8368 10152 8952 8511 8372 9890 8987 8558 8748 9399 9001 9402 9285 8603 10558 8782 10139 9243 10411 8216 10045 9016 8720 9593 9495 9744 8268 485 705 0 140 0 140 125 905 240 670 
10091 8806 9503 9160 10291 9600 8995 10197 8084 10615 9910 9671 10375 10532 9198 10584 9017 9337 9647 9059 8561 9395 9082 9807 10518 10421 8480 8882 8478 8847 9713 8477 10040 9759 8531 9443 10637 8328 8381 10207 9381 8929 10203 8973 8808 10178 10283 10347 820 330 680 140 140 0 125 135 675 155 
10117 8317 9360 10339 8633 9509 8403 10464 10572 9063 10358 9699 8999 10620 10595 9081 9182 9776 8806 10197 9775 9360 8057 9309 10065 9050 8196 10465 111 9948 9755 10007 9430 9652 8471 8522 9649 9615 8990 9547 8329 9596 9138 10128 9302 10594 9041 8626 670 670 185 125 125 125 0 135 605 185 
9659 10304 8573 9531 8934 9465 8379 9897 9525 9555 8410 8961 8984 9517 8834 9192 10211 10398 10501 10231 9415 10539 9789 9401 9315 10428 9275 10117 9180 8003 9115 9804 9243 8875 8664 8476 10481 9799 8912 8944 8109 9714 8385 9797 8125 8573 9522 9923 575 730 960 35 905 135 135 0 140 575 
9023 8087 9283 8825 9489 9864 8889 9290 9901 9607 9615 9511 8639 10425 10407 9374 9987 9394 9672 10486 8858 8858 9596 9881 10423 8254 9235 10596 8461 8292 9273 8416 8454 8948 9503 9152 8714 9116 9334 8823 8196 9116 9642 8552 8696 8771 10411 9736 855 390 575 565 240 675 605 140 0 260 
8772 8843 10639 8179 9181 8851 8632 9403 8899 10508 10350 10199 9103 8705 8723 8852 8308 9286 8971 8497 8518 9353 9499 9224 8506 8589 8766 8660 10317 9585 8804 9259 9863 8479 8401 10223 9769 9163 10630 8634 10258 9874 8607 10356 9701 9324 8897 7999 680 730 185 900 670 155 185 575 260 0 
