0 1495 381 2012 1157 990 764 178 147 1788 542 508 749 696 408 318 1213 714 1082 717 935 228 538 1670 816 1922 1096 840 1147 986 498 1250 553 678 2136 754 1046 326 1117 261 692 1525 1104 616 2162 488 753 1184 9506 9156 10414 8982 8180 9756 10188 9890 10308 9743 
1495 0 1135 637 583 2207 2056 1641 1590 736 1312 1494 1150 988 1552 1243 2360 2004 2291 1615 1279 1272 1163 906 983 585 2269 2097 381 2155 1898 1091 1661 840 988 1984 2272 1778 976 1443 872 504 2223 1957 1098 1727 1388 661 9367 8954 8577 9993 8994 9368 8730 9812 9147 9528 
381 1135 0 1633 778 1163 971 551 457 1412 375 481 474 349 475 301 1359 918 1255 686 699 207 262 1308 480 1541 1251 1029 774 1133 772 936 622 301 1760 922 1227 644 785 325 442 1144 1231 850 1790 640 591 810 8459 10586 9363 8239 8217 9486 8909 8878 9184 9575 
2012 637 1633 0 886 2550 2444 2175 2081 444 1697 1881 1480 1385 1969 1806 2662 2397 2624 1941 1519 1805 1576 735 1321 102 2589 2467 879 2485 2343 1190 2044 1336 451 2357 2613 2255 1161 1901 1467 532 2526 2373 594 2138 1695 900 10527 10505 10425 9672 10480 8137 10443 10221 10545 8393 
1157 583 778 886 0 1686 1565 1329 1210 636 814 999 609 500 1084 1006 1818 1516 1764 1078 703 970 691 588 443 788 1735 1592 283 1626 1458 528 1163 503 985 1481 1750 1377 396 1021 768 370 1680 1489 1025 1253 839 97 8326 8440 9979 9216 8420 8883 9909 9469 9016 9158 
990 2207 1163 2550 1686 0 235 1015 845 2191 895 717 1078 1219 689 1289 230 279 93 611 1047 1162 1049 1961 1244 2450 116 153 1826 83 525 1428 553 1401 2502 244 66 704 1403 848 1598 2019 174 387 2468 528 856 1654 10048 10635 9245 9485 9798 9665 10060 9889 8608 10304 
764 2056 971 2444 1565 235 0 781 618 2111 753 568 965 1077 507 1070 465 54 323 532 984 947 894 1901 1123 2344 349 85 1676 260 290 1375 402 1231 2435 105 285 469 1324 648 1396 1914 386 153 2415 334 769 1545 8340 9789 8808 9513 10267 8151 8888 10019 9162 9851 
178 1641 551 2175 1329 1015 781 0 228 1962 709 649 924 874 534 413 1244 737 1103 844 1103 372 715 1847 994 2086 1127 863 1303 1025 493 1426 659 841 2310 795 1064 312 1294 418 805 1695 1149 629 2338 565 911 1359 8846 8221 10409 9066 9245 9827 9429 8692 8665 8859 
147 1590 457 2081 1210 845 618 228 0 1831 507 425 737 725 307 459 1068 568 936 617 897 352 546 1691 831 1988 951 694 1230 842 355 1240 434 757 2177 610 900 194 1121 214 819 1579 961 470 2193 352 695 1226 8120 9547 10510 9174 9017 9461 9013 8604 9255 8640 
1788 736 1412 444 636 2191 2111 1962 1831 0 1389 1565 1154 1107 1668 1639 2282 2067 2258 1588 1145 1606 1294 292 1015 358 2218 2123 771 2121 2049 783 1718 1138 349 2017 2252 1987 790 1632 1366 297 2149 2058 401 1826 1344 606 9636 8441 9482 8204 9603 9443 8555 9459 33 8292 
542 1312 375 1697 814 895 753 709 507 1389 0 186 242 326 280 646 1061 704 981 332 395 514 159 1215 378 1598 962 787 932 847 660 737 353 522 1727 675 961 620 632 295 795 1171 925 676 1727 441 225 802 10561 10306 9417 8569 9718 10031 9523 8188 10286 8735 
508 1494 481 1881 999 717 568 649 425 1565 186 0 411 510 129 698 893 519 804 220 502 559 332 1378 560 1782 790 604 1114 673 493 879 168 687 1899 491 782 487 793 250 921 1353 760 495 1892 262 282 984 8425 8613 9137 9699 10429 8985 9885 8934 9257 8520 
749 1150 474 1480 609 1078 965 924 737 1154 242 411 0 205 519 774 1215 919 1156 471 231 663 221 973 169 1380 1128 988 776 1018 899 504 567 468 1488 877 1142 861 390 524 807 949 1076 905 1486 673 239 581 8507 9234 8534 8137 8542 9137 10635 9303 9506 8931 
696 988 349 1385 500 1219 1077 874 725 1107 326 510 205 0 586 641 1376 1027 1303 632 424 555 192 974 133 1287 1282 1113 608 1167 959 591 678 265 1453 1000 1284 882 437 526 611 866 1238 993 1470 758 428 504 9043 8729 10059 10323 10268 8607 8149 9134 10108 10118 
408 1552 475 1969 1084 689 507 534 307 1668 280 129 519 586 0 642 887 455 780 312 629 504 397 1492 656 1871 776 558 1174 659 381 1001 157 724 2006 449 753 359 907 175 913 1445 761 408 2004 176 410 1077 8564 8873 9122 10539 8672 10197 10454 8440 8284 9213 
318 1243 301 1806 1006 1289 1070 413 459 1639 646 698 774 641 642 0 1505 1019 1382 917 997 140 558 1569 773 1722 1390 1142 927 1276 814 1231 799 503 1986 1048 1348 643 1075 467 393 1356 1389 926 2030 768 870 1056 9642 8788 8920 8726 8684 9368 9129 9086 8386 10044 
1213 2360 1359 2662 1818 230 465 1244 1068 2282 1061 893 1215 1376 887 1505 0 507 151 746 1144 1374 1218 2035 1383 2561 117 382 1982 230 754 1504 739 1579 2577 459 193 933 1503 1054 1799 2134 139 616 2532 739 980 1777 10438 9817 9091 10081 9145 9568 10617 8952 8027 8684 
714 2004 918 2397 1516 279 54 737 568 2067 704 519 919 1027 455 1019 507 0 369 495 945 895 843 1860 1076 2297 390 127 1625 292 251 1337 354 1178 2393 91 332 427 1281 595 1344 1867 418 112 2375 281 728 1498 9915 9191 9431 10522 9051 9543 9815 8781 8779 8309 
1082 2291 1255 2624 1764 93 323 1103 936 2258 981 804 1156 1303 780 1382 151 369 0 687 1114 1254 1135 2022 1323 2523 64 243 1911 139 611 1489 641 1490 2564 336 42 792 1471 940 1690 2093 154 475 2527 621 930 1730 9887 8217 9270 8999 9087 8610 9472 8493 10147 8530 
717 1615 686 1941 1078 611 532 844 617 1588 332 220 471 632 312 917 746 495 687 0 453 778 490 1371 639 1840 658 536 1237 548 574 844 207 852 1907 432 674 630 799 466 1120 1409 608 519 1884 339 246 1044 10515 9342 9189 9472 8039 8140 10129 9288 10551 9700 
935 1279 699 1519 703 1047 984 1103 897 1145 395 502 231 424 629 997 1144 945 1114 453 0 879 439 919 336 1418 1075 987 924 976 985 393 618 688 1457 884 1108 987 360 688 1034 992 1009 958 1432 745 225 646 9759 9530 8577 8337 9344 8128 8105 8422 8256 9813 
228 1272 207 1805 970 1162 947 372 352 1606 514 559 663 555 504 140 1374 895 1254 778 879 0 444 1512 685 1717 1260 1016 932 1145 704 1140 661 473 1954 919 1221 544 991 329 468 1332 1255 808 1989 636 739 1009 9278 9997 8692 10468 9510 10184 8004 8625 10252 10181 
538 1163 262 1576 691 1049 894 715 546 1294 159 332 221 192 397 558 1218 843 1135 490 439 444 0 1145 286 1479 1119 934 783 1002 768 713 499 363 1637 822 1114 694 580 340 650 1057 1083 804 1649 570 341 693 10358 8226 10263 8693 8465 10225 10609 9434 8979 9890 
1670 906 1308 735 588 1961 1901 1847 1691 292 1215 1378 973 974 1492 1569 2035 1860 2022 1371 919 1512 1145 0 860 646 1978 1905 813 1887 1870 534 1521 1070 543 1802 2019 1830 586 1483 1355 403 1905 1864 515 1638 1133 519 9422 9364 8579 8499 9283 10388 10151 8242 8555 29 
816 983 480 1321 443 1244 1123 994 831 1015 378 560 169 133 656 773 1383 1076 1323 639 336 685 286 860 0 1222 1296 1150 611 1185 1036 458 723 368 1356 1038 1308 976 306 624 723 793 1245 1054 1364 819 406 424 8087 10292 10587 8050 8865 8176 9355 9990 9468 10065 
1922 585 1541 102 788 2450 2344 2086 1988 358 1598 1782 1380 1287 1871 1722 2561 2297 2523 1840 1418 1717 1479 646 1222 0 2488 2367 796 2384 2246 1091 1944 1246 435 2256 2513 2160 1059 1806 1391 431 2425 2274 569 2039 1595 800 10268 9404 9880 8629 8088 10563 9564 9401 9002 8267 
1096 2269 1251 2589 1735 116 349 1127 951 2218 962 790 1128 1282 776 1390 117 390 64 658 1075 1260 1119 1978 1296 2488 0 266 1889 118 639 1445 632 1477 2521 343 97 816 1433 941 1689 2059 91 500 2481 625 898 1698 8969 9897 10364 10264 8821 9059 8723 10631 8704 8022 
840 2097 1029 2467 1592 153 85 863 694 2123 787 604 988 1113 558 1142 382 127 243 536 987 1016 934 1905 1150 2367 266 0 1716 177 374 1376 436 1279 2443 113 207 552 1334 709 1459 1936 302 235 2418 390 780 1568 8253 8115 9039 9321 8144 10625 9860 10467 9189 8514 
1147 381 774 879 283 1826 1676 1303 1230 771 932 1114 776 608 1174 927 1982 1625 1911 1237 924 932 783 813 611 796 1889 1716 0 1775 1526 807 1281 474 1100 1604 1892 1414 663 1072 605 475 1844 1579 1172 1349 1015 379 9055 8490 9859 8418 9104 9899 10421 8764 8159 10351 
986 2155 1133 2485 1626 83 260 1025 842 2121 847 673 1018 1167 659 1276 230 292 139 548 976 1145 1002 1887 1185 2384 118 177 1775 0 543 1354 514 1360 2429 233 133 716 1334 825 1571 1954 127 404 2393 509 791 1592 8929 10052 10018 10072 9368 9158 9990 10462 10584 8922 
498 1898 772 2343 1458 525 290 493 355 2049 660 493 899 959 381 814 754 251 611 574 985 704 768 1870 1036 2246 639 374 1526 543 0 1370 373 1059 2386 324 572 183 1285 455 1168 1823 669 139 2384 242 761 1456 9377 9521 10508 9112 10141 10028 10000 9585 8877 9348 
1250 1091 936 1190 528 1428 1375 1426 1240 783 737 879 504 591 1001 1231 1504 1337 1489 844 393 1140 713 534 458 1091 1445 1376 807 1354 1370 0 1007 794 1076 1275 1486 1354 169 1026 1143 692 1372 1349 1043 1131 614 437 9459 9705 9077 8354 9194 8091 8201 8298 10487 8397 
553 1661 622 2044 1163 553 402 659 434 1718 353 168 567 678 157 799 739 354 641 207 618 661 499 1521 723 1944 632 436 1281 514 373 1007 0 849 2048 323 618 424 937 332 1062 1514 609 344 2035 134 394 1145 9093 8363 10052 8638 10341 9540 9931 9838 9003 9729 
678 840 301 1336 503 1401 1231 841 757 1138 522 687 468 265 724 503 1579 1178 1490 852 688 473 363 1070 368 1246 1477 1279 474 1360 1059 794 849 0 1486 1168 1466 941 627 604 356 860 1444 1122 1528 898 677 554 10209 10615 8358 9927 8668 9827 9839 10393 8393 9692 
2136 988 1760 451 985 2502 2435 2310 2177 349 1727 1899 1488 1453 2006 1986 2577 2393 2564 1907 1457 1954 1637 543 1356 435 2521 2443 1100 2429 2386 1076 2048 1486 0 2338 2561 2331 1112 1976 1701 633 2447 2390 146 2160 1666 953 9945 9565 9075 9750 10213 8438 9305 9001 8364 8758 
754 1984 922 2357 1481 244 105 795 610 2017 675 491 877 1000 449 1048 459 91 336 432 884 919 822 1802 1038 2256 343 113 1604 233 324 1275 323 1168 2338 0 305 488 1228 605 1356 1826 355 190 2316 286 673 1457 10412 9637 8027 8030 9836 9489 9693 9534 8342 8143 
1046 2272 1227 2613 1750 66 285 1064 900 2252 961 782 1142 1284 753 1348 193 332 42 674 1108 1221 1114 2019 1308 2513 97 207 1892 133 572 1486 618 1466 2561 305 0 753 1464 910 1661 2082 181 437 2526 590 919 1718 10001 9524 8328 8011 9573 8559 9219 9026 9181 9594 
326 1778 644 2255 1377 704 469 312 194 1987 620 487 861 882 359 643 933 427 792 630 987 544 694 1830 976 2160 816 552 1414 716 183 1354 424 941 2331 488 753 0 1250 357 1011 1745 841 317 2339 301 769 1385 8092 9255 8042 8695 8490 9396 10236 9243 8730 8222 
1117 976 785 1161 396 1403 1324 1294 1121 790 632 793 390 437 907 1075 1503 1281 1471 799 360 991 580 586 306 1059 1433 1334 663 1334 1285 169 937 627 1112 1228 1464 1250 0 909 974 637 1368 1280 1100 1053 555 317 8641 9329 8270 9088 8975 9624 9108 9274 8813 9462 
261 1443 325 1901 1021 848 648 418 214 1632 295 250 524 526 175 467 1054 595 940 466 688 329 340 1483 624 1806 941 709 1072 825 455 1026 332 604 1976 605 910 357 909 0 751 1389 931 525 1988 320 495 1029 8041 9636 8225 8639 8347 8464 9264 10004 9825 8300 
692 872 442 1467 768 1598 1396 805 819 1366 795 921 807 611 913 393 1799 1344 1690 1120 1034 468 650 1355 723 1391 1689 1459 605 1571 1168 1143 1062 356 1701 1356 1661 1011 974 751 0 1071 1671 1264 1766 1071 989 843 9970 10267 10318 9593 9711 9128 8258 8793 9962 8819 
1525 504 1144 532 370 2019 1914 1695 1579 297 1171 1353 949 866 1445 1356 2134 1867 2093 1409 992 1332 1057 403 793 431 2059 1936 475 1954 1823 692 1514 860 633 1826 2082 1745 637 1389 1071 0 1997 1846 698 1611 1164 370 9068 8452 8877 8860 9055 8525 9840 9537 9388 9030 
1104 2223 1231 2526 1680 174 386 1149 961 2149 925 760 1076 1238 761 1389 139 418 154 608 1009 1255 1083 1905 1245 2425 91 302 1844 127 669 1372 609 1444 2447 355 181 841 1368 931 1671 1997 0 530 2405 622 842 1640 8713 8505 8298 9904 8711 8119 10038 9718 8568 9149 
616 1957 850 2373 1489 387 153 629 470 2058 676 495 905 993 408 926 616 112 475 519 958 808 804 1864 1054 2274 500 235 1579 404 139 1349 344 1122 2390 190 437 317 1280 525 1264 1846 530 0 2379 236 735 1477 10025 8328 9514 9807 9942 8024 9351 9286 8585 9482 
2162 1098 1790 594 1025 2468 2415 2338 2193 401 1727 1892 1486 1470 2004 2030 2532 2375 2527 1884 1432 1989 1649 515 1364 569 2481 2418 1172 2393 2384 1043 2035 1528 146 2316 2526 2339 1100 1988 1766 698 2405 2379 0 2152 1647 981 9742 8598 10581 9953 8105 9969 8427 9549 10294 10601 
488 1727 640 2138 1253 528 334 565 352 1826 441 262 673 758 176 768 739 281 621 339 745 636 570 1638 819 2039 625 390 1349 509 242 1131 134 898 2160 286 590 301 1053 320 1071 1611 622 236 2152 0 520 1242 10261 8941 8953 8843 10336 10089 10422 7990 8532 8796 
753 1388 591 1695 839 856 769 911 695 1344 225 282 239 428 410 870 980 728 930 246 225 739 341 1133 406 1595 898 780 1015 791 761 614 394 677 1666 673 919 769 555 495 989 1164 842 735 1647 520 0 801 8223 8304 9577 8631 8020 9475 9852 9180 10588 9636 
1184 661 810 900 97 1654 1545 1359 1226 606 802 984 581 504 1077 1056 1777 1498 1730 1044 646 1009 693 519 424 800 1698 1568 379 1592 1456 437 1145 554 953 1457 1718 1385 317 1029 843 370 1640 1477 981 1242 801 0 7992 10051 9711 9512 8199 8929 10287 10192 10288 8968 
9506 9367 8459 10527 8326 10048 8340 8846 8120 9636 10561 8425 8507 9043 8564 9642 10438 9915 9887 10515 9759 9278 10358 9422 8087 10268 8969 8253 9055 8929 9377 9459 9093 10209 9945 10412 10001 8092 8641 8041 9970 9068 8713 10025 9742 10261 8223 7992 0 1183 399 812 371 371 35 371 707 322 
9156 8954 10586 10505 8440 10635 9789 8221 9547 8441 10306 8613 9234 8729 8873 8788 9817 9191 8217 9342 9530 9997 8226 9364 10292 9404 9897 8115 8490 10052 9521 9705 8363 10615 9565 9637 9524 9255 9329 9636 10267 8452 8505 8328 8598 8941 8304 10051 1183 0 1211 1211 749 1183 301 651 574 1281 
10414 8577 9363 10425 9979 9245 8808 10409 10510 9482 9417 9137 8534 10059 9122 8920 9091 9431 9270 9189 8577 8692 10263 8579 10587 9880 10364 9039 9859 10018 10508 9077 10052 8358 9075 8027 8328 8042 8270 8225 10318 8877 8298 9514 10581 8953 9577 9711 399 1211 0 1211 1288 574 35 574 21 1183 
8982 9993 8239 9672 9216 9485 9513 9066 9174 8204 8569 9699 8137 10323 10539 8726 10081 10522 8999 9472 8337 10468 8693 8499 8050 8629 10264 9321 8418 10072 9112 8354 8638 9927 9750 8030 8011 8695 9088 8639 9593 8860 9904 9807 9953 8843 8631 9512 812 1211 1211 0 1211 567 1183 1211 1008 1183 
8180 8994 8217 10480 8420 9798 10267 9245 9017 9603 9718 10429 8542 10268 8672 8684 9145 9051 9087 8039 9344 9510 8465 9283 8865 8088 8821 8144 9104 9368 10141 9194 10341 8668 10213 9836 9573 8490 8975 8347 9711 9055 8711 9942 8105 10336 8020 8199 371 749 1288 1211 0 1106 371 1106 1099 119 
9756 9368 9486 8137 8883 9665 8151 9827 9461 9443 10031 8985 9137 8607 10197 9368 9568 9543 8610 8140 8128 10184 10225 10388 8176 10563 9059 10625 9899 9158 10028 8091 9540 9827 8438 9489 8559 9396 9624 8464 9128 8525 8119 8024 9969 10089 9475 8929 371 1183 574 567 1106 0 35 1106 35 567 
10188 8730 8909 10443 9909 10060 8888 9429 9013 8555 9523 9885 10635 8149 10454 9129 10617 9815 9472 10129 8105 8004 10609 10151 9355 9564 8723 9860 10421 9990 10000 8201 9931 9839 9305 9693 9219 10236 9108 9264 8258 9840 10038 9351 8427 10422 9852 10287 35 301 35 1183 371 35 0 315 1155 1183 
9890 9812 8878 10221 9469 9889 10019 8692 8604 9459 8188 8934 9303 9134 8440 9086 8952 8781 8493 9288 8422 8625 9434 8242 9990 9401 10631 10467 8764 10462 9585 8298 9838 10393 9001 9534 9026 9243 9274 10004 8793 9537 9718 9286 9549 7990 9180 10192 371 651 574 1211 1106 1106 315 0 399 567 
10308 9147 9184 10545 9016 8608 9162 8665 9255 33 10286 9257 9506 10108 8284 8386 8027 8779 10147 10551 8256 10252 8979 8555 9468 9002 8704 9189 8159 10584 8877 10487 9003 8393 8364 8342 9181 8730 8813 9825 9962 9388 8568 8585 10294 8532 10588 10288 707 574 21 1008 1099 35 1155 399 0 1372 
9743 9528 9575 8393 9158 10304 9851 8859 8640 8292 8735 8520 8931 10118 9213 10044 8684 8309 8530 9700 9813 10181 9890 29 10065 8267 8022 8514 10351 8922 9348 8397 9729 9692 8758 8143 9594 8222 9462 8300 8819 9030 9149 9482 10601 8796 9636 8968 322 1281 1183 1183 119 567 1183 567 1372 0 

0 1495 381 2012 1157 990 764 178 147 1788 542 508 749 696 408 318 1213 714 1082 717 935 228 538 1670 816 1922 1096 840 1147 986 498 1250 553 678 2136 754 1046 326 1117 261 692 1525 1104 616 2162 488 753 1184 8043 8964 8716 10414 8266 9744 8397 8288 9481 9149 
1495 0 1135 637 583 2207 2056 1641 1590 736 1312 1494 1150 988 1552 1243 2360 2004 2291 1615 1279 1272 1163 906 983 585 2269 2097 381 2155 1898 1091 1661 840 988 1984 2272 1778 976 1443 872 504 2223 1957 1098 1727 1388 661 9770 9854 10425 8048 9966 9457 9690 9626 10167 8942 
381 1135 0 1633 778 1163 971 551 457 1412 375 481 474 349 475 301 1359 918 1255 686 699 207 262 1308 480 1541 1251 1029 774 1133 772 936 622 301 1760 922 1227 644 785 325 442 1144 1231 850 1790 640 591 810 10231 9820 10578 8572 8195 8233 9430 9639 9898 9729 
2012 637 1633 0 886 2550 2444 2175 2081 444 1697 1881 1480 1385 1969 1806 2662 2397 2624 1941 1519 1805 1576 735 1321 102 2589 2467 879 2485 2343 1190 2044 1336 451 2357 2613 2255 1161 1901 1467 532 2526 2373 594 2138 1695 900 8903 9981 8573 10296 9067 10109 9427 8767 8823 8497 
1157 583 778 886 0 1686 1565 1329 1210 636 814 999 609 500 1084 1006 1818 1516 1764 1078 703 970 691 588 443 788 1735 1592 283 1626 1458 528 1163 503 985 1481 1750 1377 396 1021 768 370 1680 1489 1025 1253 839 97 10384 8965 8796 8134 9766 10231 10569 9073 8513 8755 
990 2207 1163 2550 1686 0 235 1015 845 2191 895 717 1078 1219 689 1289 230 279 93 611 1047 1162 1049 1961 1244 2450 116 153 1826 83 525 1428 553 1401 2502 244 66 704 1403 848 1598 2019 174 387 2468 528 856 1654 9036 9279 8572 9263 9327 10596 8184 8050 9906 8631 
764 2056 971 2444 1565 235 0 781 618 2111 753 568 965 1077 507 1070 465 54 323 532 984 947 894 1901 1123 2344 349 85 1676 260 290 1375 402 1231 2435 105 285 469 1324 648 1396 1914 386 153 2415 334 769 1545 10136 10025 9396 10113 9870 8739 8549 9921 8312 10580 
178 1641 551 2175 1329 1015 781 0 228 1962 709 649 924 874 534 413 1244 737 1103 844 1103 372 715 1847 994 2086 1127 863 1303 1025 493 1426 659 841 2310 795 1064 312 1294 418 805 1695 1149 629 2338 565 911 1359 10095 9720 8182 10237 10451 8512 8504 10550 8151 9892 
147 1590 457 2081 1210 845 618 228 0 1831 507 425 737 725 307 459 1068 568 936 617 897 352 546 1691 831 1988 951 694 1230 842 355 1240 434 757 2177 610 900 194 1121 214 819 1579 961 470 2193 352 695 1226 9424 8288 9862 9735 8427 10337 10019 10257 9705 9867 
1788 736 1412 444 636 2191 2111 1962 1831 0 1389 1565 1154 1107 1668 1639 2282 2067 2258 1588 1145 1606 1294 292 1015 358 2218 2123 771 2121 2049 783 1718 1138 349 2017 2252 1987 790 1632 1366 297 2149 2058 401 1826 1344 606 10490 9762 9539 8692 9086 10025 9613 9710 74 8848 
542 1312 375 1697 814 895 753 709 507 1389 0 186 242 326 280 646 1061 704 981 332 395 514 159 1215 378 1598 962 787 932 847 660 737 353 522 1727 675 961 620 632 295 795 1171 925 676 1727 441 225 802 10282 8712 9378 8968 8729 8371 10488 9453 8666 9791 
508 1494 481 1881 999 717 568 649 425 1565 186 0 411 510 129 698 893 519 804 220 502 559 332 1378 560 1782 790 604 1114 673 493 879 168 687 1899 491 782 487 793 250 921 1353 760 495 1892 262 282 984 8875 10052 9000 9889 8809 10380 10501 9581 8046 8748 
749 1150 474 1480 609 1078 965 924 737 1154 242 411 0 205 519 774 1215 919 1156 471 231 663 221 973 169 1380 1128 988 776 1018 899 504 567 468 1488 877 1142 861 390 524 807 949 1076 905 1486 673 239 581 9429 8911 8989 7990 9784 10602 8188 10599 8923 9143 
696 988 349 1385 500 1219 1077 874 725 1107 326 510 205 0 586 641 1376 1027 1303 632 424 555 192 974 133 1287 1282 1113 608 1167 959 591 678 265 1453 1000 1284 882 437 526 611 866 1238 993 1470 758 428 504 9987 10225 9497 8303 10421 10528 9501 9706 10195 8120 
408 1552 475 1969 1084 689 507 534 307 1668 280 129 519 586 0 642 887 455 780 312 629 504 397 1492 656 1871 776 558 1174 659 381 1001 157 724 2006 449 753 359 907 175 913 1445 761 408 2004 176 410 1077 8433 9841 9589 9170 9077 9353 9732 9106 8187 8161 
318 1243 301 1806 1006 1289 1070 413 459 1639 646 698 774 641 642 0 1505 1019 1382 917 997 140 558 1569 773 1722 1390 1142 927 1276 814 1231 799 503 1986 1048 1348 643 1075 467 393 1356 1389 926 2030 768 870 1056 7991 8096 8482 8368 8955 9014 8958 10140 9855 10465 
1213 2360 1359 2662 1818 230 465 1244 1068 2282 1061 893 1215 1376 887 1505 0 507 151 746 1144 1374 1218 2035 1383 2561 117 382 1982 230 754 1504 739 1579 2577 459 193 933 1503 1054 1799 2134 139 616 2532 739 980 1777 9744 8541 8265 9274 9542 8237 9707 9989 8122 10627 
714 2004 918 2397 1516 279 54 737 568 2067 704 519 919 1027 455 1019 507 0 369 495 945 895 843 1860 1076 2297 390 127 1625 292 251 1337 354 1178 2393 91 332 427 1281 595 1344 1867 418 112 2375 281 728 1498 7993 8959 8106 9707 9299 9901 10111 10078 10485 10271 
1082 2291 1255 2624 1764 93 323 1103 936 2258 981 804 1156 1303 780 1382 151 369 0 687 1114 1254 1135 2022 1323 2523 64 243 1911 139 611 1489 641 1490 2564 336 42 792 1471 940 1690 2093 154 475 2527 621 930 1730 10050 9009 8493 9337 10229 9457 10540 8347 8828 10371 
717 1615 686 1941 1078 611 532 844 617 1588 332 220 471 632 312 917 746 495 687 0 453 778 490 1371 639 1840 658 536 1237 548 574 844 207 852 1907 432 674 630 799 466 1120 1409 608 519 1884 339 246 1044 9380 10373 9013 8568 8974 10098 9449 9810 9793 9114 
935 1279 699 1519 703 1047 984 1103 897 1145 395 502 231 424 629 997 1144 945 1114 453 0 879 439 919 336 1418 1075 987 924 976 985 393 618 688 1457 884 1108 987 360 688 1034 992 1009 958 1432 745 225 646 10438 8367 9603 9955 8980 10553 10488 10642 10181 10540 
228 1272 207 1805 970 1162 947 372 352 1606 514 559 663 555 504 140 1374 895 1254 778 879 0 444 1512 685 1717 1260 1016 932 1145 704 1140 661 473 1954 919 1221 544 991 329 468 1332 1255 808 1989 636 739 1009 10084 9911 9819 8228 9528 8874 9774 10294 10591 8119 
538 1163 262 1576 691 1049 894 715 546 1294 159 332 221 192 397 558 1218 843 1135 490 439 444 0 1145 286 1479 1119 934 783 1002 768 713 499 363 1637 822 1114 694 580 340 650 1057 1083 804 1649 570 341 693 8906 10453 10183 10024 9426 8483 10213 10134 9119 8406 
1670 906 1308 735 588 1961 1901 1847 1691 292 1215 1378 973 974 1492 1569 2035 1860 2022 1371 919 1512 1145 0 860 646 1978 1905 813 1887 1870 534 1521 1070 543 1802 2019 1830 586 1483 1355 403 1905 1864 515 1638 1133 519 9481 10574 8534 8954 9578 8217 9215 8347 8646 116 
816 983 480 1321 443 1244 1123 994 831 1015 378 560 169 133 656 773 1383 1076 1323 639 336 685 286 860 0 1222 1296 1150 611 1185 1036 458 723 368 1356 1038 1308 976 306 624 723 793 1245 1054 1364 819 406 424 9912 8466 8872 9410 8657 8215 9560 9346 8737 9167 
1922 585 1541 102 788 2450 2344 2086 1988 358 1598 1782 1380 1287 1871 1722 2561 2297 2523 1840 1418 1717 1479 646 1222 0 2488 2367 796 2384 2246 1091 1944 1246 435 2256 2513 2160 1059 1806 1391 431 2425 2274 569 2039 1595 800 9806 8053 10517 8284 8330 9362 9944 10511 9492 9665 
1096 2269 1251 2589 1735 116 349 1127 951 2218 962 790 1128 1282 776 1390 117 390 64 658 1075 1260 1119 1978 1296 2488 0 266 1889 118 639 1445 632 1477 2521 343 97 816 1433 941 1689 2059 91 500 2481 625 898 1698 9877 8144 10466 8483 9114 8254 8990 9124 8101 8029 
840 2097 1029 2467 1592 153 85 863 694 2123 787 604 988 1113 558 1142 382 127 243 536 987 1016 934 1905 1150 2367 266 0 1716 177 374 1376 436 1279 2443 113 207 552 1334 709 1459 1936 302 235 2418 390 780 1568 9681 10409 8777 9154 10361 8360 9807 8743 10320 9511 
1147 381 774 879 283 1826 1676 1303 1230 771 932 1114 776 608 1174 927 1982 1625 1911 1237 924 932 783 813 611 796 1889 1716 0 1775 1526 807 1281 474 1100 1604 1892 1414 663 1072 605 475 1844 1579 1172 1349 1015 379 9084 9844 10359 8695 10520 8331 8480 9657 10222 10508 
986 2155 1133 2485 1626 83 260 1025 842 2121 847 673 1018 1167 659 1276 230 292 139 548 976 1145 1002 1887 1185 2384 118 177 1775 0 543 1354 514 1360 2429 233 133 716 1334 825 1571 1954 127 404 2393 509 791 1592 9149 9967 9453 10228 9257 9888 10136 9216 9508 8338 
498 1898 772 2343 1458 525 290 493 355 2049 660 493 899 959 381 814 754 251 611 574 985 704 768 1870 1036 2246 639 374 1526 543 0 1370 373 1059 2386 324 572 183 1285 455 1168 1823 669 139 2384 242 761 1456 8197 10583 8258 9756 10280 10229 9497 8314 10572 8840 
1250 1091 936 1190 528 1428 1375 1426 1240 783 737 879 504 591 1001 1231 1504 1337 1489 844 393 1140 713 534 458 1091 1445 1376 807 1354 1370 0 1007 794 1076 1275 1486 1354 169 1026 1143 692 1372 1349 1043 1131 614 437 8904 9550 8686 9886 10238 8786 8525 8533 8704 9732 
553 1661 622 2044 1163 553 402 659 434 1718 353 168 567 678 157 799 739 354 641 207 618 661 499 1521 723 1944 632 436 1281 514 373 1007 0 849 2048 323 618 424 937 332 1062 1514 609 344 2035 134 394 1145 9597 10111 8428 10158 9071 8827 9386 9204 10331 9305 
678 840 301 1336 503 1401 1231 841 757 1138 522 687 468 265 724 503 1579 1178 1490 852 688 473 363 1070 368 1246 1477 1279 474 1360 1059 794 849 0 1486 1168 1466 941 627 604 356 860 1444 1122 1528 898 677 554 10015 9619 9727 9207 10322 8753 9504 8203 9995 10577 
2136 988 1760 451 985 2502 2435 2310 2177 349 1727 1899 1488 1453 2006 1986 2577 2393 2564 1907 1457 1954 1637 543 1356 435 2521 2443 1100 2429 2386 1076 2048 1486 0 2338 2561 2331 1112 1976 1701 633 2447 2390 146 2160 1666 953 8135 10299 10444 9522 8191 8502 8798 9635 8730 9129 
754 1984 922 2357 1481 244 105 795 610 2017 675 491 877 1000 449 1048 459 91 336 432 884 919 822 1802 1038 2256 343 113 1604 233 324 1275 323 1168 2338 0 305 488 1228 605 1356 1826 355 190 2316 286 673 1457 9554 9576 8598 8225 9478 7999 9657 10003 9204 9994 
1046 2272 1227 2613 1750 66 285 1064 900 2252 961 782 1142 1284 753 1348 193 332 42 674 1108 1221 1114 2019 1308 2513 97 207 1892 133 572 1486 618 1466 2561 305 0 753 1464 910 1661 2082 181 437 2526 590 919 1718 8739 9746 10053 10158 10604 9157 9008 8686 9090 9235 
326 1778 644 2255 1377 704 469 312 194 1987 620 487 861 882 359 643 933 427 792 630 987 544 694 1830 976 2160 816 552 1414 716 183 1354 424 941 2331 488 753 0 1250 357 1011 1745 841 317 2339 301 769 1385 8395 10009 10104 9176 8334 10222 8129 10427 10124 8866 
1117 976 785 1161 396 1403 1324 1294 1121 790 632 793 390 437 907 1075 1503 1281 1471 799 360 991 580 586 306 1059 1433 1334 663 1334 1285 169 937 627 1112 1228 1464 1250 0 909 974 637 1368 1280 1100 1053 555 317 8719 9038 10401 10470 8911 8662 8902 9452 10625 9627 
261 1443 325 1901 1021 848 648 418 214 1632 295 250 524 526 175 467 1054 595 940 466 688 329 340 1483 624 1806 941 709 1072 825 455 1026 332 604 1976 605 910 357 909 0 751 1389 931 525 1988 320 495 1029 10418 9122 8747 8505 9703 8373 8147 9249 8765 9898 
692 872 442 1467 768 1598 1396 805 819 1366 795 921 807 611 913 393 1799 1344 1690 1120 1034 468 650 1355 723 1391 1689 1459 605 1571 1168 1143 1062 356 1701 1356 1661 1011 974 751 0 1071 1671 1264 1766 1071 989 843 8843 9154 10070 9030 10598 10321 9656 9295 9955 9910 
1525 504 1144 532 370 2019 1914 1695 1579 297 1171 1353 949 866 1445 1356 2134 1867 2093 1409 992 1332 1057 403 793 431 2059 1936 475 1954 1823 692 1514 860 633 1826 2082 1745 637 1389 1071 0 1997 1846 698 1611 1164 370 9400 9839 10158 8929 10607 8253 8096 8535 9994 9916 
1104 2223 1231 2526 1680 174 386 1149 961 2149 925 760 1076 1238 761 1389 139 418 154 608 1009 1255 1083 1905 1245 2425 91 302 1844 127 669 1372 609 1444 2447 355 181 841 1368 931 1671 1997 0 530 2405 622 842 1640 8365 8744 8150 10635 10427 10042 9652 9942 8469 8234 
616 1957 850 2373 1489 387 153 629 470 2058 676 495 905 993 408 926 616 112 475 519 958 808 804 1864 1054 2274 500 235 1579 404 139 1349 344 1122 2390 190 437 317 1280 525 1264 1846 530 0 2379 236 735 1477 9165 8739 10549 9346 9551 9057 8074 10465 9962 8276 
2162 1098 1790 594 1025 2468 2415 2338 2193 401 1727 1892 1486 1470 2004 2030 2532 2375 2527 1884 1432 1989 1649 515 1364 569 2481 2418 1172 2393 2384 1043 2035 1528 146 2316 2526 2339 1100 1988 1766 698 2405 2379 0 2152 1647 981 9785 9542 8569 10502 9010 10488 8920 8805 9467 8605 
488 1727 640 2138 1253 528 334 565 352 1826 441 262 673 758 176 768 739 281 621 339 745 636 570 1638 819 2039 625 390 1349 509 242 1131 134 898 2160 286 590 301 1053 320 1071 1611 622 236 2152 0 520 1242 9091 9508 9750 8349 8276 9562 10192 9743 10332 8247 
753 1388 591 1695 839 856 769 911 695 1344 225 282 239 428 410 870 980 728 930 246 225 739 341 1133 406 1595 898 780 1015 791 761 614 394 677 1666 673 919 769 555 495 989 1164 842 735 1647 520 0 801 8945 9378 9542 9691 10358 9077 9223 10335 9563 9820 
1184 661 810 900 97 1654 1545 1359 1226 606 802 984 581 504 1077 1056 1777 1498 1730 1044 646 1009 693 519 424 800 1698 1568 379 1592 1456 437 1145 554 953 1457 1718 1385 317 1029 843 370 1640 1477 981 1242 801 0 8091 10437 9663 9639 8477 8304 9074 8975 8740 10329 
8043 9770 10231 8903 10384 9036 10136 10095 9424 10490 10282 8875 9429 9987 8433 7991 9744 7993 10050 9380 10438 10084 8906 9481 9912 9806 9877 9681 9084 9149 8197 8904 9597 10015 8135 9554 8739 8395 8719 10418 8843 9400 8365 9165 9785 9091 8945 8091 0 1169 1365 588 1029 1029 217 1029 693 1078 
8964 9854 9820 9981 8965 9279 10025 9720 8288 9762 8712 10052 8911 10225 9841 8096 8541 8959 9009 10373 8367 9911 10453 10574 8466 8053 8144 10409 9844 9967 10583 9550 10111 9619 10299 9576 9746 10009 9038 9122 9154 9839 8744 8739 9542 9508 9378 10437 1169 0 189 189 651 1169 1099 749 826 812 
8716 10425 10578 8573 8796 8572 9396 8182 9862 9539 9378 9000 8989 9497 9589 8482 8265 8106 8493 9013 9603 9819 10183 8534 8872 10517 10466 8777 10359 9453 8258 8686 8428 9727 10444 8598 10053 10104 10401 8747 10070 10158 8150 10549 8569 9750 9542 9663 1365 189 0 189 112 1281 217 1281 1379 217 
10414 8048 8572 10296 8134 9263 10113 10237 9735 8692 8968 9889 7990 8303 9170 8368 9274 9707 9337 8568 9955 8228 10024 8954 9410 8284 8483 9154 8695 10228 9756 9886 10158 9207 9522 8225 10158 9176 10470 8505 9030 8929 10635 9346 10502 8349 9691 9639 588 189 189 0 189 833 217 189 392 217 
8266 9966 8195 9067 9766 9327 9870 10451 8427 9086 8729 8809 9784 10421 9077 8955 9542 9299 10229 8974 8980 9528 9426 9578 8657 8330 9114 10361 10520 9257 10280 10238 9071 10322 8191 9478 10604 8334 8911 9703 10598 10607 10427 9551 9010 8276 10358 8477 1029 651 112 189 0 294 294 294 301 1078 
9744 9457 8233 10109 10231 10596 8739 8512 10337 10025 8371 10380 10602 10528 9353 9014 8237 9901 9457 10098 10553 8874 8483 8217 8215 9362 8254 8360 8331 9888 10229 8786 8827 8753 8502 7999 9157 10222 8662 8373 10321 8253 10042 9057 10488 9562 9077 8304 1029 1169 1281 833 294 0 217 294 1365 826 
8397 9690 9430 9427 10569 8184 8549 8504 10019 9613 10488 10501 8188 9501 9732 8958 9707 10111 10540 9449 10488 9774 10213 9215 9560 9944 8990 9807 8480 10136 9497 8525 9386 9504 8798 9657 9008 8129 8902 8147 9656 8096 9652 8074 8920 10192 9223 9074 217 1099 217 217 294 217 0 1085 245 217 
8288 9626 9639 8767 9073 8050 9921 10550 10257 9710 9453 9581 10599 9706 9106 10140 9989 10078 8347 9810 10642 10294 10134 8347 9346 10511 9124 8743 9657 9216 8314 8533 9204 8203 9635 10003 8686 10427 9452 9249 9295 8535 9942 10465 8805 9743 10335 8975 1029 749 1281 189 294 294 1085 0 1001 826 
9481 10167 9898 8823 8513 9906 8312 8151 9705 74 8666 8046 8923 10195 8187 9855 8122 10485 8828 9793 10181 10591 9119 8646 8737 9492 8101 10320 10222 9508 10572 8704 10331 9995 8730 9204 9090 10124 10625 8765 9955 9994 8469 9962 9467 10332 9563 8740 693 826 1379 392 301 1365 245 1001 0 28 
9149 8942 9729 8497 8755 8631 10580 9892 9867 8848 9791 8748 9143 8120 8161 10465 10627 10271 10371 9114 10540 8119 8406 116 9167 9665 8029 9511 10508 8338 8840 9732 9305 10577 9129 9994 9235 8866 9627 9898 9910 9916 8234 8276 8605 8247 9820 10329 1078 812 217 217 1078 826 217 826 28 0 
