1 8 38 31 44 18 7 28 6 37 19 27 17 43 30 36 46 33 20 47 21 32 39 48 5 42 24 58 53 50 56 49 52 54 55 51 57 10 45 35 4 26 2 29 34 41 16 22 3 23 14 25 13 11 12 15 40 9 
1 8 38 31 44 18 7 28 6 37 19 27 17 43 30 36 46 33 20 47 21 32 39 48 5 42 24 58 53 49 56 50 52 54 55 51 57 10 45 35 4 26 2 29 34 41 16 22 3 23 14 25 13 11 12 15 40 9 
1 8 38 31 44 18 7 28 6 37 19 27 17 43 30 36 46 33 20 47 21 32 39 48 5 42 24 58 53 50 56 49 55 54 52 51 57 10 45 35 4 26 2 29 34 41 16 22 3 23 14 25 13 11 12 15 40 9 
1 8 38 31 44 18 7 28 6 37 19 27 17 43 30 36 46 33 20 47 21 32 39 48 5 42 24 58 53 50 56 52 54 49 55 51 57 10 45 35 4 26 2 29 34 41 16 22 3 23 14 25 13 11 12 15 40 9 
1 8 38 31 44 18 7 28 6 37 19 27 17 43 30 36 46 33 20 47 21 32 39 48 5 42 24 58 53 50 56 49 55 51 52 54 57 10 45 35 4 26 2 29 34 41 16 22 3 23 14 25 13 11 12 15 40 9 
1 8 38 31 44 18 7 28 6 37 19 27 17 43 30 36 46 33 20 47 21 32 39 48 5 42 24 58 53 50 56 52 49 54 55 51 57 10 45 35 4 26 2 29 34 41 16 22 3 23 14 25 13 11 12 15 40 9 
1 8 38 31 44 18 7 28 6 37 19 27 17 43 30 36 46 33 20 47 21 32 39 48 5 42 24 58 53 50 56 49 52 51 55 54 57 10 45 35 4 26 2 29 34 41 16 22 3 23 14 25 13 11 12 15 40 9 
1 8 38 31 44 18 7 28 6 37 19 27 17 43 30 36 46 33 20 47 21 32 39 48 5 42 24 58 53 52 50 56 49 54 55 51 57 10 45 35 4 26 2 29 34 41 16 22 3 23 14 25 13 11 12 15 40 9 
1 8 38 31 44 18 7 28 6 37 19 27 17 43 30 36 46 33 20 47 21 32 39 48 5 42 24 58 53 49 56 50 52 51 55 54 57 10 45 35 4 26 2 29 34 41 16 22 3 23 14 25 13 11 12 15 40 9 
1 8 38 31 44 18 7 28 6 37 19 27 17 43 30 36 46 33 20 47 21 32 39 48 5 42 24 58 53 50 56 54 52 49 55 51 57 10 45 35 4 26 2 29 34 41 16 22 3 23 14 25 13 11 12 15 40 9 
1 8 38 31 44 18 7 28 6 37 19 27 17 43 30 36 46 33 20 47 21 32 39 48 5 42 24 58 53 54 52 50 56 49 55 51 57 10 45 35 4 26 2 29 34 41 16 22 3 23 14 25 13 11 12 15 40 9 
1 8 38 31 44 18 7 28 6 37 19 27 17 43 30 36 46 33 20 47 21 32 39 48 5 42 24 58 53 56 50 52 54 49 55 51 57 10 45 35 4 26 2 29 34 41 16 22 3 23 14 25 13 11 12 15 40 9 
1 8 38 31 44 18 7 28 6 37 19 27 17 43 30 36 46 33 20 47 21 32 39 48 5 42 24 58 53 50 52 56 49 54 55 51 57 10 45 35 4 26 2 29 34 41 16 22 3 23 14 25 13 11 12 15 40 9 
1 8 38 31 44 18 7 28 6 37 19 27 17 43 30 36 46 33 20 47 21 32 39 48 5 42 24 58 53 49 52 54 55 51 50 56 57 10 45 35 4 26 2 29 34 41 16 22 3 23 14 25 13 11 12 15 40 9 
1 8 38 31 44 18 7 28 6 37 19 27 17 43 30 36 46 33 20 47 21 32 39 48 5 42 24 58 53 50 52 54 56 49 55 51 57 10 45 35 4 26 2 29 34 41 16 22 3 23 14 25 13 11 12 15 40 9 
1 8 38 31 44 18 7 28 6 37 19 27 17 43 30 36 46 33 20 47 21 32 39 48 5 42 24 58 53 49 55 54 52 56 50 51 57 10 45 35 4 26 2 29 34 41 16 22 3 23 14 25 13 11 12 15 40 9 
1 8 38 31 44 18 7 28 6 37 19 27 17 43 30 36 46 33 20 47 21 32 39 48 5 42 24 58 53 52 54 55 49 56 50 51 57 10 45 35 4 26 2 29 34 41 16 22 3 23 14 25 13 11 12 15 40 9 
1 8 38 31 44 18 7 28 6 37 19 27 17 43 30 36 46 33 20 47 21 32 39 48 5 42 24 58 53 49 55 51 50 56 52 54 57 10 45 35 4 26 2 29 34 41 16 22 3 23 14 25 13 11 12 15 40 9 
1 8 38 31 44 18 7 28 6 37 19 27 17 43 30 36 46 33 20 47 21 32 39 48 5 42 24 58 53 50 51 55 54 52 49 56 57 10 45 35 4 26 2 29 34 41 16 22 3 23 14 25 13 11 12 15 40 9 
1 8 38 31 44 18 7 28 6 37 19 27 17 43 30 36 46 33 20 47 21 32 39 48 5 42 24 58 53 51 55 49 56 50 52 54 57 10 45 35 4 26 2 29 34 41 16 22 3 23 14 25 13 11 12 15 40 9 
1 8 38 31 44 18 7 28 6 37 19 27 17 43 30 36 46 33 20 47 21 32 39 48 5 42 24 58 53 50 51 55 49 56 52 54 57 10 45 35 4 26 2 29 34 41 16 22 3 23 14 25 13 11 12 15 40 9 
1 8 38 31 44 18 7 28 6 37 19 27 17 43 30 36 46 33 20 47 21 32 39 48 5 42 24 58 53 49 52 50 56 54 55 51 57 10 45 35 4 26 2 29 34 41 16 22 3 23 14 25 13 11 12 15 40 9 
1 8 38 31 44 18 7 28 6 37 19 27 17 43 30 36 46 33 20 47 21 32 39 48 5 42 24 58 53 56 50 52 49 54 55 51 57 10 45 35 4 26 2 29 34 41 16 22 3 23 14 25 13 11 12 15 40 9 
1 8 38 31 44 18 7 28 6 37 19 27 17 43 30 36 46 33 20 47 21 32 39 48 5 42 24 58 53 49 56 50 51 55 54 52 57 10 45 35 4 26 2 29 34 41 16 22 3 23 14 25 13 11 12 15 40 9 
1 8 38 31 44 18 7 28 6 37 19 27 17 43 30 36 46 33 20 47 21 32 39 48 5 42 24 58 53 49 54 55 51 52 50 56 57 10 45 35 4 26 2 29 34 41 16 22 3 23 14 25 13 11 12 15 40 9 
1 8 38 31 44 18 7 28 6 37 19 27 17 43 30 36 46 33 20 47 21 32 39 48 5 42 24 58 53 50 56 52 51 55 49 54 57 10 45 35 4 26 2 29 34 41 16 22 3 23 14 25 13 11 12 15 40 9 
1 8 38 31 44 18 7 28 6 37 19 27 17 43 30 36 46 33 20 47 21 32 39 48 5 42 24 58 53 51 55 54 52 49 56 50 57 10 45 35 4 26 2 29 34 41 16 22 3 23 14 25 13 11 12 15 40 9 
1 8 38 31 44 18 7 28 6 37 19 27 17 43 30 36 46 33 20 47 21 32 39 48 5 42 24 58 53 50 52 49 56 54 55 51 57 10 45 35 4 26 2 29 34 41 16 22 3 23 14 25 13 11 12 15 40 9 
1 8 38 31 44 18 7 28 6 37 19 27 17 43 30 36 46 33 20 47 21 32 39 48 5 42 24 58 53 49 52 56 50 51 55 54 57 10 45 35 4 26 2 29 34 41 16 22 3 23 14 25 13 11 12 15 40 9 
1 8 38 31 44 18 7 28 6 37 19 27 17 43 30 36 46 33 20 47 21 32 39 48 5 42 24 58 53 52 49 56 50 51 55 54 57 10 45 35 4 26 2 29 34 41 16 22 3 23 14 25 13 11 12 15 40 9 
1 8 38 31 44 18 7 28 6 37 19 27 17 43 30 36 46 33 20 47 21 32 39 48 5 42 24 58 53 49 56 52 54 55 51 50 57 10 45 35 4 26 2 29 34 41 16 22 3 23 14 25 13 11 12 15 40 9 
1 8 38 31 44 18 7 28 6 37 19 27 17 43 30 36 46 33 20 47 21 32 39 48 5 42 24 58 53 50 52 51 55 54 49 56 57 10 45 35 4 26 2 29 34 41 16 22 3 23 14 25 13 11 12 15 40 9 
1 8 38 31 44 18 7 28 6 37 19 27 17 43 30 36 46 33 20 47 21 32 39 48 5 42 24 58 53 50 56 49 54 55 51 52 57 10 45 35 4 26 2 29 34 41 16 22 3 23 14 25 13 11 12 15 40 9 
1 8 38 31 44 18 7 28 6 37 19 27 17 43 30 36 46 33 20 47 21 32 39 48 5 42 24 58 53 56 50 51 55 49 52 54 57 10 45 35 4 26 2 29 34 41 16 22 3 23 14 25 13 11 12 15 40 9 
1 8 38 31 44 18 7 28 6 37 19 27 17 43 30 36 46 33 20 47 21 32 39 48 5 42 24 58 53 49 54 55 51 52 56 50 57 10 45 35 4 26 2 29 34 41 16 22 3 23 14 25 13 11 12 15 40 9 
1 8 38 31 44 18 7 28 6 37 19 27 17 43 30 36 46 33 20 47 21 32 39 48 5 42 24 58 53 52 51 55 54 49 56 50 57 10 45 35 4 26 2 29 34 41 16 22 3 23 14 25 13 11 12 15 40 9 
1 8 38 31 44 18 7 28 6 37 19 27 17 43 30 36 46 33 20 47 21 32 39 48 5 42 24 58 53 49 55 54 52 51 50 56 57 10 45 35 4 26 2 29 34 41 16 22 3 23 14 25 13 11 12 15 40 9 
1 8 38 31 44 18 7 28 6 37 19 27 17 43 30 36 46 33 20 47 21 32 39 48 5 42 24 58 53 49 56 52 50 51 55 54 57 10 45 35 4 26 2 29 34 41 16 22 3 23 14 25 13 11 12 15 40 9 
1 8 38 31 44 18 7 28 6 37 19 27 17 43 30 36 46 33 20 47 21 32 39 48 5 42 24 58 53 52 54 49 55 51 50 56 57 10 45 35 4 26 2 29 34 41 16 22 3 23 14 25 13 11 12 15 40 9 
1 8 38 31 44 18 7 28 6 37 19 27 17 43 30 36 46 33 20 47 21 32 39 48 5 42 24 58 53 49 55 51 52 54 56 50 57 10 45 35 4 26 2 29 34 41 16 22 3 23 14 25 13 11 12 15 40 9 
1 8 38 31 44 18 7 28 6 37 19 27 17 43 30 36 46 33 20 47 21 32 39 48 5 42 24 58 53 54 52 51 55 49 56 50 57 10 45 35 4 26 2 29 34 41 16 22 3 23 14 25 13 11 12 15 40 9 
1 8 38 31 44 18 7 28 6 37 19 27 17 43 30 36 46 33 20 47 21 32 39 48 5 42 24 58 53 51 55 49 54 52 50 56 57 10 45 35 4 26 2 29 34 41 16 22 3 23 14 25 13 11 12 15 40 9 
1 8 38 31 44 18 7 28 6 37 19 27 17 43 30 36 46 33 20 47 21 32 39 48 5 42 24 58 53 56 49 55 54 52 50 51 57 10 45 35 4 26 2 29 34 41 16 22 3 23 14 25 13 11 12 15 40 9 
1 8 38 31 44 18 7 28 6 37 19 27 17 43 30 36 46 33 20 47 21 32 39 48 5 42 24 58 53 56 49 55 51 50 52 54 57 10 45 35 4 26 2 29 34 41 16 22 3 23 14 25 13 11 12 15 40 9 
1 8 38 31 44 18 7 28 6 37 19 27 17 43 30 36 46 33 20 47 21 32 39 48 5 42 24 58 53 50 51 52 54 55 49 56 57 10 45 35 4 26 2 29 34 41 16 22 3 23 14 25 13 11 12 15 40 9 
1 8 38 31 44 18 7 28 6 37 19 27 17 43 30 36 46 33 20 47 21 32 39 48 5 42 24 58 53 50 51 55 49 54 52 56 57 10 45 35 4 26 2 29 34 41 16 22 3 23 14 25 13 11 12 15 40 9 
1 8 38 31 44 18 7 28 6 37 19 27 17 43 30 36 46 33 20 47 21 32 39 48 5 42 24 58 53 50 56 54 55 49 52 51 57 10 45 35 4 26 2 29 34 41 16 22 3 23 14 25 13 11 12 15 40 9 
1 8 38 31 44 18 7 28 6 37 19 27 17 43 30 36 46 33 20 47 21 32 39 48 5 42 24 58 53 49 55 54 56 50 52 51 57 10 45 35 4 26 2 29 34 41 16 22 3 23 14 25 13 11 12 15 40 9 
1 8 38 31 44 18 7 28 6 37 19 27 17 43 30 36 46 33 20 47 21 32 39 48 5 42 24 58 53 52 50 56 54 49 55 51 57 10 45 35 4 26 2 29 34 41 16 22 3 23 14 25 13 11 12 15 40 9 
1 8 38 31 44 18 7 28 6 37 19 27 17 43 30 36 46 33 20 47 21 32 39 48 5 42 24 58 53 54 55 49 56 50 52 51 57 10 45 35 4 26 2 29 34 41 16 22 3 23 14 25 13 11 12 15 40 9 
1 8 38 31 44 18 7 28 6 37 19 27 17 43 30 36 46 33 20 47 21 32 39 48 5 42 24 58 53 49 55 51 52 50 56 54 57 10 45 35 4 26 2 29 34 41 16 22 3 23 14 25 13 11 12 15 40 9 
1 8 38 31 44 18 7 28 6 37 19 27 17 43 30 36 46 33 20 47 21 32 39 48 5 42 24 58 53 56 50 52 51 55 49 54 57 10 45 35 4 26 2 29 34 41 16 22 3 23 14 25 13 11 12 15 40 9 
1 8 38 31 44 18 7 28 6 37 19 27 17 43 30 36 46 33 20 47 21 32 39 48 5 42 24 58 53 56 49 52 54 55 51 50 57 10 45 35 4 26 2 29 34 41 16 22 3 23 14 25 13 11 12 15 40 9 
1 8 38 31 44 18 7 28 6 37 19 27 17 43 30 36 46 33 20 47 21 32 39 48 5 42 24 58 53 52 49 54 55 51 50 56 57 10 45 35 4 26 2 29 34 41 16 22 3 23 14 25 13 11 12 15 40 9 
1 8 38 31 44 18 7 28 6 37 19 27 17 43 30 36 46 33 20 47 21 32 39 48 5 42 24 58 53 51 52 54 55 49 56 50 57 10 45 35 4 26 2 29 34 41 16 22 3 23 14 25 13 11 12 15 40 9 
1 8 38 31 44 18 7 28 6 37 19 27 17 43 30 36 46 33 20 47 21 32 39 48 5 42 24 58 53 51 55 49 54 52 56 50 57 10 45 35 4 26 2 29 34 41 16 22 3 23 14 25 13 11 12 15 40 9 
1 8 38 31 44 18 7 28 6 37 19 27 17 43 30 36 46 33 20 47 21 32 39 48 5 42 24 58 53 50 52 56 54 49 55 51 57 10 45 35 4 26 2 29 34 41 16 22 3 23 14 25 13 11 12 15 40 9 
1 8 38 31 44 18 7 28 6 37 19 27 17 43 30 36 46 33 20 47 21 32 39 48 5 42 24 58 53 50 52 51 55 49 56 54 57 10 45 35 4 26 2 29 34 41 16 22 3 23 14 25 13 11 12 15 40 9 
1 8 38 31 44 18 7 28 6 37 19 27 17 43 30 36 46 33 20 47 21 32 39 48 5 42 24 58 53 52 51 50 56 49 55 54 57 10 45 35 4 26 2 29 34 41 16 22 3 23 14 25 13 11 12 15 40 9 
1 8 38 31 44 18 7 28 6 37 19 27 17 43 30 36 46 33 20 47 21 32 39 48 5 42 24 58 53 52 56 50 51 55 49 54 57 10 45 35 4 26 2 29 34 41 16 22 3 23 14 25 13 11 12 15 40 9 
1 8 38 31 44 18 7 28 6 37 19 27 17 43 30 36 46 33 20 47 21 32 39 48 5 42 24 58 53 52 54 55 51 50 56 49 57 10 45 35 4 26 2 29 34 41 16 22 3 23 14 25 13 11 12 15 40 9 
1 8 38 31 44 18 7 28 6 37 19 27 17 43 30 36 46 33 20 47 21 32 39 48 5 42 24 58 53 49 52 51 55 54 56 50 57 10 45 35 4 26 2 29 34 41 16 22 3 23 14 25 13 11 12 15 40 9 
1 8 38 31 44 18 7 28 6 37 19 27 17 43 30 36 46 33 20 47 21 32 39 48 5 42 24 58 53 54 55 51 52 49 56 50 57 10 45 35 4 26 2 29 34 41 16 22 3 23 14 25 13 11 12 15 40 9 
1 8 38 31 44 18 7 28 6 37 19 27 17 43 30 36 46 33 20 47 21 32 39 48 5 42 24 58 53 51 55 54 49 52 50 56 57 10 45 35 4 26 2 29 34 41 16 22 3 23 14 25 13 11 12 15 40 9 
1 8 38 31 44 18 7 28 6 37 19 27 17 43 30 36 46 33 20 47 21 32 39 48 5 42 24 58 53 54 52 49 55 51 50 56 57 10 45 35 4 26 2 29 34 41 16 22 3 23 14 25 13 11 12 15 40 9 
1 8 38 31 44 18 7 28 6 37 19 27 17 43 30 36 46 33 20 47 21 32 39 48 5 42 24 58 53 56 49 52 50 51 55 54 57 10 45 35 4 26 2 29 34 41 16 22 3 23 14 25 13 11 12 15 40 9 
1 8 38 31 44 18 7 28 6 37 19 27 17 43 30 36 46 33 20 47 21 32 39 48 5 42 24 58 53 50 51 55 54 49 52 56 57 10 45 35 4 26 2 29 34 41 16 22 3 23 14 25 13 11 12 15 40 9 
1 8 38 31 44 18 7 28 6 37 19 27 17 43 30 36 46 33 20 47 21 32 39 48 5 42 24 58 53 51 52 50 56 49 55 54 57 10 45 35 4 26 2 29 34 41 16 22 3 23 14 25 13 11 12 15 40 9 
1 8 38 31 44 18 7 28 6 37 19 27 17 43 30 36 46 33 20 47 21 32 39 48 5 42 24 58 53 49 54 55 51 50 52 56 57 10 45 35 4 26 2 29 34 41 16 22 3 23 14 25 13 11 12 15 40 9 
1 8 38 31 44 18 7 28 6 37 19 27 17 43 30 36 46 33 20 47 21 32 39 48 5 42 24 58 53 52 50 51 55 54 49 56 57 10 45 35 4 26 2 29 34 41 16 22 3 23 14 25 13 11 12 15 40 9 
1 8 38 31 44 18 7 28 6 37 19 27 17 43 30 36 46 33 20 47 21 32 39 48 5 42 24 58 53 50 51 52 56 49 55 54 57 10 45 35 4 26 2 29 34 41 16 22 3 23 14 25 13 11 12 15 40 9 
1 8 38 31 44 18 7 28 6 37 19 27 17 43 30 36 46 33 20 47 21 32 39 48 5 42 24 58 53 51 55 54 52 50 56 49 57 10 45 35 4 26 2 29 34 41 16 22 3 23 14 25 13 11 12 15 40 9 
1 8 38 31 44 18 7 28 6 37 19 27 17 43 30 36 46 33 20 47 21 32 39 48 5 42 24 58 53 50 51 55 54 52 56 49 57 10 45 35 4 26 2 29 34 41 16 22 3 23 14 25 13 11 12 15 40 9 
1 8 38 31 44 18 7 28 6 37 19 27 17 43 30 36 46 33 20 47 21 32 39 48 5 42 24 58 53 49 54 55 51 50 56 52 57 10 45 35 4 26 2 29 34 41 16 22 3 23 14 25 13 11 12 15 40 9 
1 8 38 31 44 18 7 28 6 37 19 27 17 43 30 36 46 33 20 47 21 32 39 48 5 42 24 58 53 49 56 54 55 51 52 50 57 10 45 35 4 26 2 29 34 41 16 22 3 23 14 25 13 11 12 15 40 9 
1 8 38 31 44 18 7 28 6 37 19 27 17 43 30 36 46 33 20 47 21 32 39 48 5 42 24 58 53 50 51 55 49 52 54 56 57 10 45 35 4 26 2 29 34 41 16 22 3 23 14 25 13 11 12 15 40 9 
1 8 38 31 44 18 7 28 6 37 19 27 17 43 30 36 46 33 20 47 21 32 39 48 5 42 24 58 53 56 49 54 55 51 52 50 57 10 45 35 4 26 2 29 34 41 16 22 3 23 14 25 13 11 12 15 40 9 
1 8 38 31 44 18 7 28 6 37 19 27 17 43 30 36 46 33 20 47 21 32 39 48 5 42 24 58 53 49 55 51 50 52 54 56 57 10 45 35 4 26 2 29 34 41 16 22 3 23 14 25 13 11 12 15 40 9 
1 8 38 31 44 18 7 28 6 37 19 27 17 43 30 36 46 33 20 47 21 32 39 48 5 42 24 58 53 54 52 50 51 55 49 56 57 10 45 35 4 26 2 29 34 41 16 22 3 23 14 25 13 11 12 15 40 9 
1 8 38 31 44 18 7 28 6 37 19 27 17 43 30 36 46 33 20 47 21 32 39 48 5 42 24 58 53 50 56 52 51 55 54 49 57 10 45 35 4 26 2 29 34 41 16 22 3 23 14 25 13 11 12 15 40 9 
1 8 38 31 44 18 7 28 6 37 19 27 17 43 30 36 46 33 20 47 21 32 39 48 5 42 24 58 53 51 55 54 49 56 50 52 57 10 45 35 4 26 2 29 34 41 16 22 3 23 14 25 13 11 12 15 40 9 
1 8 38 31 44 18 7 28 6 37 19 27 17 43 30 36 46 33 20 47 21 32 39 48 5 42 24 58 53 51 55 54 49 52 56 50 57 10 45 35 4 26 2 29 34 41 16 22 3 23 14 25 13 11 12 15 40 9 
1 8 38 31 44 18 7 28 6 37 19 27 17 43 30 36 46 33 20 47 21 32 39 48 5 42 24 58 53 54 56 50 52 49 55 51 57 10 45 35 4 26 2 29 34 41 16 22 3 23 14 25 13 11 12 15 40 9 
1 8 38 31 44 18 7 28 6 37 19 27 17 43 30 36 46 33 20 47 21 32 39 48 5 42 24 58 53 49 55 51 50 56 54 52 57 10 45 35 4 26 2 29 34 41 16 22 3 23 14 25 13 11 12 15 40 9 
1 8 38 31 44 18 7 28 6 37 19 27 17 43 30 36 46 33 20 47 21 32 39 48 5 42 24 58 53 56 50 51 55 49 54 52 57 10 45 35 4 26 2 29 34 41 16 22 3 23 14 25 13 11 12 15 40 9 
1 8 38 31 44 18 7 28 6 37 19 27 17 43 30 36 46 33 20 47 21 32 39 48 5 42 24 58 53 50 51 55 54 49 56 52 57 10 45 35 4 26 2 29 34 41 16 22 3 23 14 25 13 11 12 15 40 9 
1 8 38 31 44 18 7 28 6 37 19 27 17 43 30 36 46 33 20 47 21 32 39 48 5 42 24 58 53 52 56 49 54 55 51 50 57 10 45 35 4 26 2 29 34 41 16 22 3 23 14 25 13 11 12 15 40 9 
1 8 38 31 44 18 7 28 6 37 19 27 17 43 30 36 46 33 20 47 21 32 39 48 5 42 24 58 53 54 49 55 51 52 50 56 57 10 45 35 4 26 2 29 34 41 16 22 3 23 14 25 13 11 12 15 40 9 
1 8 38 31 44 18 7 28 6 37 19 27 17 43 30 36 46 33 20 47 21 32 39 48 5 42 24 58 53 50 56 54 52 51 55 49 57 10 45 35 4 26 2 29 34 41 16 22 3 23 14 25 13 11 12 15 40 9 
1 8 38 31 44 18 7 28 6 37 19 27 17 43 30 36 46 33 20 47 21 32 39 48 5 42 24 58 53 51 55 49 52 54 56 50 57 10 45 35 4 26 2 29 34 41 16 22 3 23 14 25 13 11 12 15 40 9 
1 8 38 31 44 18 7 28 6 37 19 27 17 43 30 36 46 33 20 47 21 32 39 48 5 42 24 58 53 50 51 55 49 56 54 52 57 10 45 35 4 26 2 29 34 41 16 22 3 23 14 25 13 11 12 15 40 9 
1 8 38 31 44 18 7 28 6 37 19 27 17 43 30 36 46 33 20 47 21 32 39 48 5 42 24 58 53 52 49 55 54 56 50 51 57 10 45 35 4 26 2 29 34 41 16 22 3 23 14 25 13 11 12 15 40 9 
1 8 38 31 44 18 7 28 6 37 19 27 17 43 30 36 46 33 20 47 21 32 39 48 5 42 24 58 53 54 55 49 52 56 50 51 57 10 45 35 4 26 2 29 34 41 16 22 3 23 14 25 13 11 12 15 40 9 
1 8 38 31 44 18 7 28 6 37 19 27 17 43 30 36 46 33 20 47 21 32 39 48 5 42 24 58 53 51 55 54 49 56 52 50 57 10 45 35 4 26 2 29 34 41 16 22 3 23 14 25 13 11 12 15 40 9 
1 8 38 31 44 18 7 28 6 37 19 27 17 43 30 36 46 33 20 47 21 32 39 48 5 42 24 58 53 52 49 55 51 50 56 54 57 10 45 35 4 26 2 29 34 41 16 22 3 23 14 25 13 11 12 15 40 9 
1 8 38 31 44 18 7 28 6 37 19 27 17 43 30 36 46 33 20 47 21 32 39 48 5 42 24 58 53 56 50 51 52 49 55 54 57 10 45 35 4 26 2 29 34 41 16 22 3 23 14 25 13 11 12 15 40 9 
1 8 38 31 44 18 7 28 6 37 19 27 17 43 30 36 46 33 20 47 21 32 39 48 5 42 24 58 53 52 54 56 49 55 51 50 57 10 45 35 4 26 2 29 34 41 16 22 3 23 14 25 13 11 12 15 40 9 
1 8 38 31 44 18 7 28 6 37 19 27 17 43 30 36 46 33 20 47 21 32 39 48 5 42 24 58 53 54 52 56 49 55 51 50 57 10 45 35 4 26 2 29 34 41 16 22 3 23 14 25 13 11 12 15 40 9 
1 8 38 31 44 18 7 28 6 37 19 27 17 43 30 36 46 33 20 47 21 32 39 48 5 42 24 58 53 56 49 55 54 52 51 50 57 10 45 35 4 26 2 29 34 41 16 22 3 23 14 25 13 11 12 15 40 9 
1 8 38 31 44 18 7 28 6 37 19 27 17 43 30 36 46 33 20 47 21 32 39 48 5 42 24 58 53 56 52 54 49 55 51 50 57 10 45 35 4 26 2 29 34 41 16 22 3 23 14 25 13 11 12 15 40 9 
1 8 38 31 44 18 7 28 6 37 19 27 17 43 30 36 46 33 20 47 21 32 39 48 5 42 24 58 53 50 52 51 55 49 54 56 57 10 45 35 4 26 2 29 34 41 16 22 3 23 14 25 13 11 12 15 40 9 
1 8 38 31 44 18 7 28 6 37 19 27 17 43 30 36 46 33 20 47 21 32 39 48 5 42 24 58 53 51 50 52 54 55 49 56 57 10 45 35 4 26 2 29 34 41 16 22 3 23 14 25 13 11 12 15 40 9 
1 8 38 31 44 18 7 28 6 37 19 27 17 43 30 36 46 33 20 47 21 32 39 48 5 42 24 58 53 56 50 51 55 54 52 49 57 10 45 35 4 26 2 29 34 41 16 22 3 23 14 25 13 11 12 15 40 9 
1 8 38 31 44 18 7 28 6 37 19 27 17 43 30 36 46 33 20 47 21 32 39 48 5 42 24 58 53 50 56 54 49 55 51 52 57 10 45 35 4 26 2 29 34 41 16 22 3 23 14 25 13 11 12 15 40 9 
1 8 38 31 44 18 7 28 6 37 19 27 17 43 30 36 46 33 20 47 21 32 39 48 5 42 24 58 53 51 50 56 49 55 54 52 57 10 45 35 4 26 2 29 34 41 16 22 3 23 14 25 13 11 12 15 40 9 
1 8 38 31 44 18 7 28 6 37 19 27 17 43 30 36 46 33 20 47 21 32 39 48 5 42 24 58 53 51 55 49 52 50 56 54 57 10 45 35 4 26 2 29 34 41 16 22 3 23 14 25 13 11 12 15 40 9 
1 8 38 31 44 18 7 28 6 37 19 27 17 43 30 36 46 33 20 47 21 32 39 48 5 42 24 58 53 49 52 50 51 55 54 56 57 10 45 35 4 26 2 29 34 41 16 22 3 23 14 25 13 11 12 15 40 9 
1 8 38 31 44 18 7 28 6 37 19 27 17 43 30 36 46 33 20 47 21 32 39 48 5 42 24 58 53 54 55 51 50 52 49 56 57 10 45 35 4 26 2 29 34 41 16 22 3 23 14 25 13 11 12 15 40 9 
1 8 38 31 44 18 7 28 6 37 19 27 17 43 30 36 46 33 20 47 21 32 39 48 5 42 24 58 53 51 55 49 56 54 52 50 57 10 45 35 4 26 2 29 34 41 16 22 3 23 14 25 13 11 12 15 40 9 
1 8 38 31 44 18 7 28 6 37 19 27 17 43 30 36 46 33 20 47 21 32 39 48 5 42 24 58 53 50 51 55 49 52 56 54 57 10 45 35 4 26 2 29 34 41 16 22 3 23 14 25 13 11 12 15 40 9 
1 8 38 31 44 18 7 28 6 37 19 27 17 43 30 36 46 33 20 47 21 32 39 48 5 42 24 58 53 52 51 55 49 54 56 50 57 10 45 35 4 26 2 29 34 41 16 22 3 23 14 25 13 11 12 15 40 9 
1 8 38 31 44 18 7 28 6 37 19 27 17 43 30 36 46 33 20 47 21 32 39 48 5 42 24 58 53 54 49 55 51 52 56 50 57 10 45 35 4 26 2 29 34 41 16 22 3 23 14 25 13 11 12 15 40 9 
1 8 38 31 44 18 7 28 6 37 19 27 17 43 30 36 46 33 20 47 21 32 39 48 5 42 24 58 53 49 55 54 56 52 50 51 57 10 45 35 4 26 2 29 34 41 16 22 3 23 14 25 13 11 12 15 40 9 
1 8 38 31 44 18 7 28 6 37 19 27 17 43 30 36 46 33 20 47 21 32 39 48 5 42 24 58 53 54 55 49 56 52 50 51 57 10 45 35 4 26 2 29 34 41 16 22 3 23 14 25 13 11 12 15 40 9 
1 8 38 31 44 18 7 28 6 37 19 27 17 43 30 36 46 33 20 47 21 32 39 48 5 42 24 58 53 49 55 51 50 52 56 54 57 10 45 35 4 26 2 29 34 41 16 22 3 23 14 25 13 11 12 15 40 9 
1 8 38 31 44 18 7 28 6 37 19 27 17 43 30 36 46 33 20 47 21 32 39 48 5 42 24 58 53 52 50 51 55 49 56 54 57 10 45 35 4 26 2 29 34 41 16 22 3 23 14 25 13 11 12 15 40 9 
1 8 38 31 44 18 7 28 6 37 19 27 17 43 30 36 46 33 20 47 21 32 39 48 5 42 24 58 53 56 52 50 51 55 49 54 57 10 45 35 4 26 2 29 34 41 16 22 3 23 14 25 13 11 12 15 40 9 
1 8 38 31 44 18 7 28 6 37 19 27 17 43 30 36 46 33 20 47 21 32 39 48 5 42 24 58 53 54 55 51 50 56 49 52 57 10 45 35 4 26 2 29 34 41 16 22 3 23 14 25 13 11 12 15 40 9 
1 8 38 31 44 18 7 28 6 37 19 27 17 43 30 36 46 33 20 47 21 32 39 48 5 42 24 58 53 56 50 51 55 54 49 52 57 10 45 35 4 26 2 29 34 41 16 22 3 23 14 25 13 11 12 15 40 9 
1 8 38 31 44 18 7 28 6 37 19 27 17 43 30 36 46 33 20 47 21 32 39 48 5 42 24 58 53 51 50 56 52 49 55 54 57 10 45 35 4 26 2 29 34 41 16 22 3 23 14 25 13 11 12 15 40 9 
1 8 38 31 44 18 7 28 6 37 19 27 17 43 30 36 46 33 20 47 21 32 39 48 5 42 24 58 53 50 56 54 55 51 52 49 57 10 45 35 4 26 2 29 34 41 16 22 3 23 14 25 13 11 12 15 40 9 
1 8 38 31 44 18 7 28 6 37 19 27 17 43 30 36 46 33 20 47 21 32 39 48 5 42 24 58 53 50 51 55 54 56 49 52 57 10 45 35 4 26 2 29 34 41 16 22 3 23 14 25 13 11 12 15 40 9 
1 8 38 31 44 18 7 28 6 37 19 27 17 43 30 36 46 33 20 47 21 32 39 48 5 42 24 58 53 54 55 51 52 50 56 49 57 10 45 35 4 26 2 29 34 41 16 22 3 23 14 25 13 11 12 15 40 9 
1 8 38 31 44 18 7 28 6 37 19 27 17 43 30 36 46 33 20 47 21 32 39 48 5 42 24 58 53 56 50 52 51 55 54 49 57 10 45 35 4 26 2 29 34 41 16 22 3 23 14 25 13 11 12 15 40 9 
1 8 38 31 44 18 7 28 6 37 19 27 17 43 30 36 46 33 20 47 21 32 39 48 5 42 24 58 53 49 56 54 55 51 50 52 57 10 45 35 4 26 2 29 34 41 16 22 3 23 14 25 13 11 12 15 40 9 
1 8 38 31 44 18 7 28 6 37 19 27 17 43 30 36 46 33 20 47 21 32 39 48 5 42 24 58 53 56 49 54 55 51 50 52 57 10 45 35 4 26 2 29 34 41 16 22 3 23 14 25 13 11 12 15 40 9 
1 8 38 31 44 18 7 28 6 37 19 27 17 43 30 36 46 33 20 47 21 32 39 48 5 42 24 58 53 49 52 56 54 55 51 50 57 10 45 35 4 26 2 29 34 41 16 22 3 23 14 25 13 11 12 15 40 9 
1 8 38 31 44 18 7 28 6 37 19 27 17 43 30 36 46 33 20 47 21 32 39 48 5 42 24 58 53 52 49 56 54 55 51 50 57 10 45 35 4 26 2 29 34 41 16 22 3 23 14 25 13 11 12 15 40 9 
1 8 38 31 44 18 7 28 6 37 19 27 17 43 30 36 46 33 20 47 21 32 39 48 5 42 24 58 53 56 52 49 54 55 51 50 57 10 45 35 4 26 2 29 34 41 16 22 3 23 14 25 13 11 12 15 40 9 
1 8 38 31 44 18 7 28 6 37 19 27 17 43 30 36 46 33 20 47 21 32 39 48 5 42 24 58 53 51 50 52 56 49 55 54 57 10 45 35 4 26 2 29 34 41 16 22 3 23 14 25 13 11 12 15 40 9 
1 8 38 31 44 18 7 28 6 37 19 27 17 43 30 36 46 33 20 47 21 32 39 48 5 42 24 58 53 50 52 51 55 54 56 49 57 10 45 35 4 26 2 29 34 41 16 22 3 23 14 25 13 11 12 15 40 9 
1 8 38 31 44 18 7 28 6 37 19 27 17 43 30 36 46 33 20 47 21 32 39 48 5 42 24 58 53 51 55 54 56 49 52 50 57 10 45 35 4 26 2 29 34 41 16 22 3 23 14 25 13 11 12 15 40 9 
1 8 38 31 44 18 7 28 6 37 19 27 17 43 30 36 46 33 20 47 21 32 39 48 5 42 24 58 53 52 56 50 51 55 54 49 57 10 45 35 4 26 2 29 34 41 16 22 3 23 14 25 13 11 12 15 40 9 
1 8 38 31 44 18 7 28 6 37 19 27 17 43 30 36 46 33 20 47 21 32 39 48 5 42 24 58 53 56 54 52 49 55 51 50 57 10 45 35 4 26 2 29 34 41 16 22 3 23 14 25 13 11 12 15 40 9 
1 8 38 31 44 18 7 28 6 37 19 27 17 43 30 36 46 33 20 47 21 32 39 48 5 42 24 58 53 54 55 49 52 51 50 56 57 10 45 35 4 26 2 29 34 41 16 22 3 23 14 25 13 11 12 15 40 9 
1 8 38 31 44 18 7 28 6 37 19 27 17 43 30 36 46 33 20 47 21 32 39 48 5 42 24 58 53 52 54 56 50 51 55 49 57 10 45 35 4 26 2 29 34 41 16 22 3 23 14 25 13 11 12 15 40 9 
1 8 38 31 44 18 7 28 6 37 19 27 17 43 30 36 46 33 20 47 21 32 39 48 5 42 24 58 53 54 52 56 50 51 55 49 57 10 45 35 4 26 2 29 34 41 16 22 3 23 14 25 13 11 12 15 40 9 
1 8 38 31 44 18 7 28 6 37 19 27 17 43 30 36 46 33 20 47 21 32 39 48 5 42 24 58 53 56 50 51 52 54 55 49 57 10 45 35 4 26 2 29 34 41 16 22 3 23 14 25 13 11 12 15 40 9 
1 8 38 31 44 18 7 28 6 37 19 27 17 43 30 36 46 33 20 47 21 32 39 48 5 42 24 58 53 56 54 55 49 52 50 51 57 10 45 35 4 26 2 29 34 41 16 22 3 23 14 25 13 11 12 15 40 9 
1 8 38 31 44 18 7 28 6 37 19 27 17 43 30 36 46 33 20 47 21 32 39 48 5 42 24 58 53 50 51 52 49 55 54 56 57 10 45 35 4 26 2 29 34 41 16 22 3 23 14 25 13 11 12 15 40 9 
1 8 38 31 44 18 7 28 6 37 19 27 17 43 30 36 46 33 20 47 21 32 39 48 5 42 24 58 53 52 50 51 55 49 54 56 57 10 45 35 4 26 2 29 34 41 16 22 3 23 14 25 13 11 12 15 40 9 
1 8 38 31 44 18 7 28 6 37 19 27 17 43 30 36 46 33 20 47 21 32 39 48 5 42 24 58 53 54 49 55 51 50 52 56 57 10 45 35 4 26 2 29 34 41 16 22 3 23 14 25 13 11 12 15 40 9 
1 8 38 31 44 18 7 28 6 37 19 27 17 43 30 36 46 33 20 47 21 32 39 48 5 42 24 58 53 49 55 54 56 50 51 52 57 10 45 35 4 26 2 29 34 41 16 22 3 23 14 25 13 11 12 15 40 9 
1 8 38 31 44 18 7 28 6 37 19 27 17 43 30 36 46 33 20 47 21 32 39 48 5 42 24 58 53 54 49 55 51 50 56 52 57 10 45 35 4 26 2 29 34 41 16 22 3 23 14 25 13 11 12 15 40 9 
1 8 38 31 44 18 7 28 6 37 19 27 17 43 30 36 46 33 20 47 21 32 39 48 5 42 24 58 53 54 55 49 56 50 51 52 57 10 45 35 4 26 2 29 34 41 16 22 3 23 14 25 13 11 12 15 40 9 
1 8 38 31 44 18 7 28 6 37 19 27 17 43 30 36 46 33 20 47 21 32 39 48 5 42 24 58 53 54 56 49 55 51 52 50 57 10 45 35 4 26 2 29 34 41 16 22 3 23 14 25 13 11 12 15 40 9 
1 8 38 31 44 18 7 28 6 37 19 27 17 43 30 36 46 33 20 47 21 32 39 48 5 42 24 58 53 56 54 49 55 51 52 50 57 10 45 35 4 26 2 29 34 41 16 22 3 23 14 25 13 11 12 15 40 9 
1 8 38 31 44 18 7 28 6 37 19 27 17 43 30 36 46 33 20 47 21 32 39 48 5 42 24 58 53 51 50 56 52 54 55 49 57 10 45 35 4 26 2 29 34 41 16 22 3 23 14 25 13 11 12 15 40 9 
1 8 38 31 44 18 7 28 6 37 19 27 17 43 30 36 46 33 20 47 21 32 39 48 5 42 24 58 53 51 55 49 54 56 50 52 57 10 45 35 4 26 2 29 34 41 16 22 3 23 14 25 13 11 12 15 40 9 
1 8 38 31 44 18 7 28 6 37 19 27 17 43 30 36 46 33 20 47 21 32 39 48 5 42 24 58 53 51 52 49 55 54 56 50 57 10 45 35 4 26 2 29 34 41 16 22 3 23 14 25 13 11 12 15 40 9 
1 8 38 31 44 18 7 28 6 37 19 27 17 43 30 36 46 33 20 47 21 32 39 48 5 42 24 58 53 50 51 55 49 54 56 52 57 10 45 35 4 26 2 29 34 41 16 22 3 23 14 25 13 11 12 15 40 9 
1 8 38 31 44 18 7 28 6 37 19 27 17 43 30 36 46 33 20 47 21 32 39 48 5 42 24 58 53 49 55 54 56 52 51 50 57 10 45 35 4 26 2 29 34 41 16 22 3 23 14 25 13 11 12 15 40 9 
1 8 38 31 44 18 7 28 6 37 19 27 17 43 30 36 46 33 20 47 21 32 39 48 5 42 24 58 53 52 56 54 49 55 51 50 57 10 45 35 4 26 2 29 34 41 16 22 3 23 14 25 13 11 12 15 40 9 
1 8 38 31 44 18 7 28 6 37 19 27 17 43 30 36 46 33 20 47 21 32 39 48 5 42 24 58 53 54 55 49 56 52 51 50 57 10 45 35 4 26 2 29 34 41 16 22 3 23 14 25 13 11 12 15 40 9 
1 8 38 31 44 18 7 28 6 37 19 27 17 43 30 36 46 33 20 47 21 32 39 48 5 42 24 58 53 54 55 51 50 56 52 49 57 10 45 35 4 26 2 29 34 41 16 22 3 23 14 25 13 11 12 15 40 9 
1 8 38 31 44 18 7 28 6 37 19 27 17 43 30 36 46 33 20 47 21 32 39 48 5 42 24 58 53 51 55 49 54 56 52 50 57 10 45 35 4 26 2 29 34 41 16 22 3 23 14 25 13 11 12 15 40 9 
1 8 38 31 44 18 7 28 6 37 19 27 17 43 30 36 46 33 20 47 21 32 39 48 5 42 24 58 53 51 55 54 56 50 52 49 57 10 45 35 4 26 2 29 34 41 16 22 3 23 14 25 13 11 12 15 40 9 
1 8 38 31 44 18 7 28 6 37 19 27 17 43 30 36 46 33 20 47 21 32 39 48 5 42 24 58 53 50 51 55 54 56 52 49 57 10 45 35 4 26 2 29 34 41 16 22 3 23 14 25 13 11 12 15 40 9 
1 8 38 31 44 18 7 28 6 37 19 27 17 43 30 36 46 33 20 47 21 32 39 48 5 42 24 58 53 52 50 51 55 54 56 49 57 10 45 35 4 26 2 29 34 41 16 22 3 23 14 25 13 11 12 15 40 9 
1 8 38 31 44 18 7 28 6 37 19 27 17 43 30 36 46 33 20 47 21 32 39 48 5 42 24 58 53 54 55 51 50 52 56 49 57 10 45 35 4 26 2 29 34 41 16 22 3 23 14 25 13 11 12 15 40 9 
1 8 38 31 44 18 7 28 6 37 19 27 17 43 30 36 46 33 20 47 21 32 39 48 5 42 24 58 53 56 52 50 51 55 54 49 57 10 45 35 4 26 2 29 34 41 16 22 3 23 14 25 13 11 12 15 40 9 
1 8 38 31 44 18 7 28 6 37 19 27 17 43 30 36 46 33 20 47 21 32 39 48 5 42 24 58 53 54 56 50 51 55 49 52 57 10 45 35 4 26 2 29 34 41 16 22 3 23 14 25 13 11 12 15 40 9 
1 8 38 31 44 18 7 28 6 37 19 27 17 43 30 36 46 33 20 47 21 32 39 48 5 42 24 58 53 56 54 52 50 51 55 49 57 10 45 35 4 26 2 29 34 41 16 22 3 23 14 25 13 11 12 15 40 9 
1 8 38 31 44 18 7 28 6 37 19 27 17 43 30 36 46 33 20 47 21 32 39 48 5 42 24 58 53 54 56 50 52 51 55 49 57 10 45 35 4 26 2 29 34 41 16 22 3 23 14 25 13 11 12 15 40 9 
1 8 38 31 44 18 7 28 6 37 19 27 17 43 30 36 46 33 20 47 21 32 39 48 5 42 24 58 53 54 56 49 55 51 50 52 57 10 45 35 4 26 2 29 34 41 16 22 3 23 14 25 13 11 12 15 40 9 
1 8 38 31 44 18 7 28 6 37 19 27 17 43 30 36 46 33 20 47 21 32 39 48 5 42 24 58 53 56 54 49 55 51 50 52 57 10 45 35 4 26 2 29 34 41 16 22 3 23 14 25 13 11 12 15 40 9 
1 8 38 31 44 18 7 28 6 37 19 27 17 43 30 36 46 33 20 47 21 32 39 48 5 42 24 58 53 54 56 52 49 55 51 50 57 10 45 35 4 26 2 29 34 41 16 22 3 23 14 25 13 11 12 15 40 9 
1 8 38 31 44 18 7 28 6 37 19 27 17 43 30 36 46 33 20 47 21 32 39 48 5 42 24 58 53 56 54 55 49 52 51 50 57 10 45 35 4 26 2 29 34 41 16 22 3 23 14 25 13 11 12 15 40 9 
1 8 38 31 44 18 7 28 6 37 19 27 17 43 30 36 46 33 20 47 21 32 39 48 5 42 24 58 53 51 50 52 49 55 54 56 57 10 45 35 4 26 2 29 34 41 16 22 3 23 14 25 13 11 12 15 40 9 
1 8 38 31 44 18 7 28 6 37 19 27 17 43 30 36 46 33 20 47 21 32 39 48 5 42 24 58 53 51 50 56 54 55 49 52 57 10 45 35 4 26 2 29 34 41 16 22 3 23 14 25 13 11 12 15 40 9 
1 8 38 31 44 18 7 28 6 37 19 27 17 43 30 36 46 33 20 47 21 32 39 48 5 42 24 58 53 52 51 50 56 54 55 49 57 10 45 35 4 26 2 29 34 41 16 22 3 23 14 25 13 11 12 15 40 9 
1 8 38 31 44 18 7 28 6 37 19 27 17 43 30 36 46 33 20 47 21 32 39 48 5 42 24 58 53 56 54 55 51 50 52 49 57 10 45 35 4 26 2 29 34 41 16 22 3 23 14 25 13 11 12 15 40 9 
1 8 38 31 44 18 7 28 6 37 19 27 17 43 30 36 46 33 20 47 21 32 39 48 5 42 24 58 53 51 52 50 56 54 55 49 57 10 45 35 4 26 2 29 34 41 16 22 3 23 14 25 13 11 12 15 40 9 
1 8 38 31 44 18 7 28 6 37 19 27 17 43 30 36 46 33 20 47 21 32 39 48 5 42 24 58 53 50 51 52 56 54 55 49 57 10 45 35 4 26 2 29 34 41 16 22 3 23 14 25 13 11 12 15 40 9 
1 8 38 31 44 18 7 28 6 37 19 27 17 43 30 36 46 33 20 47 21 32 39 48 5 42 24 58 49 54 55 51 50 52 56 53 57 10 45 35 4 26 2 29 34 41 16 22 3 23 14 25 13 11 12 15 40 9 
1 8 38 31 44 18 7 28 6 37 19 27 17 43 30 36 46 33 20 47 21 32 39 48 5 42 24 58 49 56 52 50 51 55 54 53 57 10 45 35 4 26 2 29 34 41 16 22 3 23 14 25 13 11 12 15 40 9 
1 8 38 31 44 18 7 28 6 37 19 27 17 43 30 36 46 33 20 47 21 32 39 48 5 42 24 58 49 56 54 55 51 50 52 53 57 10 45 35 4 26 2 29 34 41 16 22 3 23 14 25 13 11 12 15 40 9 
1 8 38 31 44 18 7 28 6 37 19 27 17 43 30 36 46 33 20 47 21 32 39 48 5 42 24 58 51 55 54 56 49 52 50 53 57 10 45 35 4 26 2 29 34 41 16 22 3 23 14 25 13 11 12 15 40 9 
1 8 38 31 44 18 7 28 6 37 19 27 17 43 30 36 46 33 20 47 21 32 39 48 5 42 24 58 52 49 56 54 55 51 50 53 57 10 45 35 4 26 2 29 34 41 16 22 3 23 14 25 13 11 12 15 40 9 
1 8 38 31 44 18 7 28 6 37 19 27 17 43 30 36 46 33 20 47 21 32 39 48 5 42 24 58 52 54 53 56 50 51 55 49 57 10 45 35 4 26 2 29 34 41 16 22 3 23 14 25 13 11 12 15 40 9 
1 8 38 31 44 18 7 28 6 37 19 27 17 43 30 36 46 33 20 47 21 32 39 48 5 42 24 58 51 55 54 53 50 52 56 49 57 10 45 35 4 26 2 29 34 41 16 22 3 23 14 25 13 11 12 15 40 9 
1 8 38 31 44 18 7 28 6 37 19 27 17 43 30 36 46 33 20 47 21 32 39 48 5 42 24 58 51 55 54 56 52 50 53 49 57 10 45 35 4 26 2 29 34 41 16 22 3 23 14 25 13 11 12 15 40 9 
1 8 38 31 44 18 7 28 6 37 19 27 17 43 30 36 46 33 20 47 21 32 39 48 5 42 24 58 52 53 50 51 55 54 56 49 57 10 45 35 4 26 2 29 34 41 16 22 3 23 14 25 13 11 12 15 40 9 
1 8 38 31 44 18 7 28 6 37 19 27 17 43 30 36 46 33 20 47 21 32 39 48 5 42 24 58 52 56 53 50 51 55 54 49 57 10 45 35 4 26 2 29 34 41 16 22 3 23 14 25 13 11 12 15 40 9 
1 8 38 31 44 18 7 28 6 37 19 27 17 43 30 36 46 33 20 47 21 32 39 48 5 42 24 58 52 56 54 55 51 50 53 49 57 10 45 35 4 26 2 29 34 41 16 22 3 23 14 25 13 11 12 15 40 9 
1 8 38 31 44 18 7 28 6 37 19 27 17 43 30 36 46 33 20 47 21 32 39 48 5 42 24 58 52 50 51 55 54 49 56 53 57 10 45 35 4 26 2 29 34 41 16 22 3 23 14 25 13 11 12 15 40 9 
1 8 38 31 44 18 7 28 6 37 19 27 17 43 30 36 46 33 20 47 21 32 39 48 5 42 24 58 52 50 51 55 54 56 49 53 57 10 45 35 4 26 2 29 34 41 16 22 3 23 14 25 13 11 12 15 40 9 
1 8 38 31 44 18 7 28 6 37 19 27 17 43 30 36 46 33 20 47 21 32 39 48 5 42 24 58 54 53 56 50 52 51 55 49 57 10 45 35 4 26 2 29 34 41 16 22 3 23 14 25 13 11 12 15 40 9 
1 8 38 31 44 18 7 28 6 37 19 27 17 43 30 36 46 33 20 47 21 32 39 48 5 42 24 58 54 56 53 50 51 55 49 52 57 10 45 35 4 26 2 29 34 41 16 22 3 23 14 25 13 11 12 15 40 9 
1 8 38 31 44 18 7 28 6 37 19 27 17 43 30 36 46 33 20 47 21 32 39 48 5 42 24 58 56 54 53 50 51 55 49 52 57 10 45 35 4 26 2 29 34 41 16 22 3 23 14 25 13 11 12 15 40 9 
1 8 38 31 44 18 7 28 6 37 19 27 17 43 30 36 46 33 20 47 21 32 39 48 5 42 24 58 54 53 56 49 55 51 50 52 57 10 45 35 4 26 2 29 34 41 16 22 3 23 14 25 13 11 12 15 40 9 
1 8 38 31 44 18 7 28 6 37 19 27 17 43 30 36 46 33 20 47 21 32 39 48 5 42 24 58 54 56 53 49 55 51 50 52 57 10 45 35 4 26 2 29 34 41 16 22 3 23 14 25 13 11 12 15 40 9 
1 8 38 31 44 18 7 28 6 37 19 27 17 43 30 36 46 33 20 47 21 32 39 48 5 42 24 58 56 53 54 49 55 51 50 52 57 10 45 35 4 26 2 29 34 41 16 22 3 23 14 25 13 11 12 15 40 9 
1 8 38 31 44 18 7 28 6 37 19 27 17 43 30 36 46 33 20 47 21 32 39 48 5 42 24 58 56 54 53 49 55 51 50 52 57 10 45 35 4 26 2 29 34 41 16 22 3 23 14 25 13 11 12 15 40 9 
1 8 38 31 44 18 7 28 6 37 19 27 17 43 30 36 46 33 20 47 21 32 39 48 5 42 24 58 54 53 56 52 49 55 51 50 57 10 45 35 4 26 2 29 34 41 16 22 3 23 14 25 13 11 12 15 40 9 
1 8 38 31 44 18 7 28 6 37 19 27 17 43 30 36 46 33 20 47 21 32 39 48 5 42 24 58 54 56 53 52 49 55 51 50 57 10 45 35 4 26 2 29 34 41 16 22 3 23 14 25 13 11 12 15 40 9 
1 8 38 31 44 18 7 28 6 37 19 27 17 43 30 36 46 33 20 47 21 32 39 48 5 42 24 58 56 53 54 55 49 52 51 50 57 10 45 35 4 26 2 29 34 41 16 22 3 23 14 25 13 11 12 15 40 9 
1 8 38 31 44 18 7 28 6 37 19 27 17 43 30 36 46 33 20 47 21 32 39 48 5 42 24 58 56 54 53 52 49 55 51 50 57 10 45 35 4 26 2 29 34 41 16 22 3 23 14 25 13 11 12 15 40 9 
1 8 38 31 44 18 7 28 6 37 19 27 17 43 30 36 46 33 20 47 21 32 39 48 5 42 24 58 54 55 49 52 50 51 53 56 57 10 45 35 4 26 2 29 34 41 16 22 3 23 14 25 13 11 12 15 40 9 
1 8 38 31 44 18 7 28 6 37 19 27 17 43 30 36 46 33 20 47 21 32 39 48 5 42 24 58 49 55 51 50 56 54 53 52 57 10 45 35 4 26 2 29 34 41 16 22 3 23 14 25 13 11 12 15 40 9 
1 8 38 31 44 18 7 28 6 37 19 27 17 43 30 36 46 33 20 47 21 32 39 48 5 42 24 58 49 55 54 53 56 50 51 52 57 10 45 35 4 26 2 29 34 41 16 22 3 23 14 25 13 11 12 15 40 9 
1 8 38 31 44 18 7 28 6 37 19 27 17 43 30 36 46 33 20 47 21 32 39 48 5 42 24 58 52 50 53 51 55 54 56 49 57 10 45 35 4 26 2 29 34 41 16 22 3 23 14 25 13 11 12 15 40 9 
1 8 38 31 44 18 7 28 6 37 19 27 17 43 30 36 46 33 20 47 21 32 39 48 5 42 24 58 49 55 51 50 52 54 56 53 57 10 45 35 4 26 2 29 34 41 16 22 3 23 14 25 13 11 12 15 40 9 
1 8 38 31 44 18 7 28 6 37 19 27 17 43 30 36 46 33 20 47 21 32 39 48 5 42 24 58 52 54 56 53 50 51 55 49 57 10 45 35 4 26 2 29 34 41 16 22 3 23 14 25 13 11 12 15 40 9 
1 8 38 31 44 18 7 28 6 37 19 27 17 43 30 36 46 33 20 47 21 32 39 48 5 42 24 58 51 50 56 53 52 54 55 49 57 10 45 35 4 26 2 29 34 41 16 22 3 23 14 25 13 11 12 15 40 9 
1 8 38 31 44 18 7 28 6 37 19 27 17 43 30 36 46 33 20 47 21 32 39 48 5 42 24 58 51 55 49 53 54 56 50 52 57 10 45 35 4 26 2 29 34 41 16 22 3 23 14 25 13 11 12 15 40 9 
1 8 38 31 44 18 7 28 6 37 19 27 17 43 30 36 46 33 20 47 21 32 39 48 5 42 24 58 51 55 49 54 53 56 50 52 57 10 45 35 4 26 2 29 34 41 16 22 3 23 14 25 13 11 12 15 40 9 
1 8 38 31 44 18 7 28 6 37 19 27 17 43 30 36 46 33 20 47 21 32 39 48 5 42 24 58 56 50 51 53 54 55 49 52 57 10 45 35 4 26 2 29 34 41 16 22 3 23 14 25 13 11 12 15 40 9 
1 8 38 31 44 18 7 28 6 37 19 27 17 43 30 36 46 33 20 47 21 32 39 48 5 42 24 58 54 55 49 52 51 50 56 53 57 10 45 35 4 26 2 29 34 41 16 22 3 23 14 25 13 11 12 15 40 9 
1 8 38 31 44 18 7 28 6 37 19 27 17 43 30 36 46 33 20 47 21 32 39 48 5 42 24 58 54 56 50 51 55 49 52 53 57 10 45 35 4 26 2 29 34 41 16 22 3 23 14 25 13 11 12 15 40 9 
1 8 38 31 44 18 7 28 6 37 19 27 17 43 30 36 46 33 20 47 21 32 39 48 5 42 24 58 54 56 53 50 52 51 55 49 57 10 45 35 4 26 2 29 34 41 16 22 3 23 14 25 13 11 12 15 40 9 
1 8 38 31 44 18 7 28 6 37 19 27 17 43 30 36 46 33 20 47 21 32 39 48 5 42 24 58 56 50 51 52 49 55 54 53 57 10 45 35 4 26 2 29 34 41 16 22 3 23 14 25 13 11 12 15 40 9 
1 8 38 31 44 18 7 28 6 37 19 27 17 43 30 36 46 33 20 47 21 32 39 48 5 42 24 58 56 53 51 50 52 54 55 49 57 10 45 35 4 26 2 29 34 41 16 22 3 23 14 25 13 11 12 15 40 9 
1 8 38 31 44 18 7 28 6 37 19 27 17 43 30 36 46 33 20 47 21 32 39 48 5 42 24 58 56 54 53 50 52 51 55 49 57 10 45 35 4 26 2 29 34 41 16 22 3 23 14 25 13 11 12 15 40 9 
1 8 38 31 44 18 7 28 6 37 19 27 17 43 30 36 46 33 20 47 21 32 39 48 5 42 24 58 54 53 52 56 50 51 55 49 57 10 45 35 4 26 2 29 34 41 16 22 3 23 14 25 13 11 12 15 40 9 
1 8 38 31 44 18 7 28 6 37 19 27 17 43 30 36 46 33 20 47 21 32 39 48 5 42 24 58 54 56 53 51 55 49 52 50 57 10 45 35 4 26 2 29 34 41 16 22 3 23 14 25 13 11 12 15 40 9 
1 8 38 31 44 18 7 28 6 37 19 27 17 43 30 36 46 33 20 47 21 32 39 48 5 42 24 58 56 50 51 52 53 54 55 49 57 10 45 35 4 26 2 29 34 41 16 22 3 23 14 25 13 11 12 15 40 9 
1 8 38 31 44 18 7 28 6 37 19 27 17 43 30 36 46 33 20 47 21 32 39 48 5 42 24 58 56 54 53 51 55 49 52 50 57 10 45 35 4 26 2 29 34 41 16 22 3 23 14 25 13 11 12 15 40 9 
1 8 38 31 44 18 7 28 6 37 19 27 17 43 30 36 46 33 20 47 21 32 39 48 5 42 24 58 53 54 56 52 50 51 55 49 57 10 45 35 4 26 2 29 34 41 16 22 3 23 14 25 13 11 12 15 40 9 
1 8 38 31 44 18 7 28 6 37 19 27 17 43 30 36 46 33 20 47 21 32 39 48 5 42 24 58 53 51 50 52 56 54 55 49 57 10 45 35 4 26 2 29 34 41 16 22 3 23 14 25 13 11 12 15 40 9 
1 8 38 31 44 18 7 28 6 37 19 27 17 43 30 36 46 33 20 47 21 32 39 48 5 42 24 58 51 50 56 53 54 55 49 52 57 10 45 35 4 26 2 29 34 41 16 22 3 23 14 25 13 11 12 15 40 9 
1 8 38 31 44 18 7 28 6 37 19 27 17 43 30 36 46 33 20 47 21 32 39 48 5 42 24 58 54 53 56 52 50 51 55 49 57 10 45 35 4 26 2 29 34 41 16 22 3 23 14 25 13 11 12 15 40 9 
1 8 38 31 44 18 7 28 6 37 19 27 17 43 30 36 46 33 20 47 21 32 39 48 5 42 24 58 54 56 53 52 50 51 55 49 57 10 45 35 4 26 2 29 34 41 16 22 3 23 14 25 13 11 12 15 40 9 
1 8 38 31 44 18 7 28 6 37 19 27 17 43 30 36 46 33 20 47 21 32 39 48 5 42 24 58 56 54 53 52 50 51 55 49 57 10 45 35 4 26 2 29 34 41 16 22 3 23 14 25 13 11 12 15 40 9 
1 8 38 31 44 18 7 28 6 37 19 27 17 43 30 36 46 33 20 47 21 32 39 48 5 42 24 58 51 55 49 52 50 56 54 53 57 10 45 35 4 26 2 29 34 41 16 22 3 23 14 25 13 11 12 15 40 9 
1 8 38 31 44 18 7 28 6 37 19 27 17 43 30 36 46 33 20 47 21 32 39 48 5 42 24 58 52 49 55 51 50 56 54 53 57 10 45 35 4 26 2 29 34 41 16 22 3 23 14 25 13 11 12 15 40 9 
1 8 38 31 44 18 7 28 6 37 19 27 17 43 30 36 46 33 20 47 21 32 39 48 5 42 24 58 51 50 53 56 54 55 49 52 57 10 45 35 4 26 2 29 34 41 16 22 3 23 14 25 13 11 12 15 40 9 
1 8 38 31 44 18 7 28 6 37 19 27 17 43 30 36 46 33 20 47 21 32 39 48 5 42 24 58 51 52 50 56 53 54 55 49 57 10 45 35 4 26 2 29 34 41 16 22 3 23 14 25 13 11 12 15 40 9 
1 8 38 31 44 18 7 28 6 37 19 27 17 43 30 36 46 33 20 47 21 32 39 48 5 42 24 58 52 51 50 56 53 54 55 49 57 10 45 35 4 26 2 29 34 41 16 22 3 23 14 25 13 11 12 15 40 9 
1 8 38 31 44 18 7 28 6 37 19 27 17 43 30 36 46 33 20 47 21 32 39 48 5 42 24 58 52 53 54 56 50 51 55 49 57 10 45 35 4 26 2 29 34 41 16 22 3 23 14 25 13 11 12 15 40 9 
1 8 38 31 44 18 7 28 6 37 19 27 17 43 30 36 46 33 20 47 21 32 39 48 5 42 24 58 49 55 54 56 53 51 50 52 57 10 45 35 4 26 2 29 34 41 16 22 3 23 14 25 13 11 12 15 40 9 
1 8 38 31 44 18 7 28 6 37 19 27 17 43 30 36 46 33 20 47 21 32 39 48 5 42 24 58 52 50 56 54 53 51 55 49 57 10 45 35 4 26 2 29 34 41 16 22 3 23 14 25 13 11 12 15 40 9 
1 8 38 31 44 18 7 28 6 37 19 27 17 43 30 36 46 33 20 47 21 32 39 48 5 42 24 58 49 55 51 50 52 56 54 53 57 10 45 35 4 26 2 29 34 41 16 22 3 23 14 25 13 11 12 15 40 9 
1 8 38 31 44 18 7 28 6 37 19 27 17 43 30 36 46 33 20 47 21 32 39 48 5 42 24 58 51 50 56 52 49 55 54 53 57 10 45 35 4 26 2 29 34 41 16 22 3 23 14 25 13 11 12 15 40 9 
1 8 38 31 44 18 7 28 6 37 19 27 17 43 30 36 46 33 20 47 21 32 39 48 5 42 24 58 51 50 56 54 55 49 52 53 57 10 45 35 4 26 2 29 34 41 16 22 3 23 14 25 13 11 12 15 40 9 
1 8 38 31 44 18 7 28 6 37 19 27 17 43 30 36 46 33 20 47 21 32 39 48 5 42 24 58 51 52 50 53 56 54 55 49 57 10 45 35 4 26 2 29 34 41 16 22 3 23 14 25 13 11 12 15 40 9 
1 8 38 31 44 18 7 28 6 37 19 27 17 43 30 36 46 33 20 47 21 32 39 48 5 42 24 58 52 51 50 53 56 54 55 49 57 10 45 35 4 26 2 29 34 41 16 22 3 23 14 25 13 11 12 15 40 9 
1 8 38 31 44 18 7 28 6 37 19 27 17 43 30 36 46 33 20 47 21 32 39 48 5 42 24 58 52 56 54 53 50 51 55 49 57 10 45 35 4 26 2 29 34 41 16 22 3 23 14 25 13 11 12 15 40 9 
1 8 38 31 44 18 7 28 6 37 19 27 17 43 30 36 46 33 20 47 21 32 39 48 5 42 24 58 51 50 56 52 53 54 55 49 57 10 45 35 4 26 2 29 34 41 16 22 3 23 14 25 13 11 12 15 40 9 
1 8 38 31 44 18 7 28 6 37 19 27 17 43 30 36 46 33 20 47 21 32 39 48 5 42 24 58 51 53 56 54 55 49 52 50 57 10 45 35 4 26 2 29 34 41 16 22 3 23 14 25 13 11 12 15 40 9 
1 8 38 31 44 18 7 28 6 37 19 27 17 43 30 36 46 33 20 47 21 32 39 48 5 42 24 58 52 49 55 54 56 53 51 50 57 10 45 35 4 26 2 29 34 41 16 22 3 23 14 25 13 11 12 15 40 9 
1 8 38 31 44 18 7 28 6 37 19 27 17 43 30 36 46 33 20 47 21 32 39 48 5 42 24 58 52 50 51 55 49 54 56 53 57 10 45 35 4 26 2 29 34 41 16 22 3 23 14 25 13 11 12 15 40 9 
1 8 38 31 44 18 7 28 6 37 19 27 17 43 30 36 46 33 20 47 21 32 39 48 5 42 24 58 52 50 51 55 49 56 54 53 57 10 45 35 4 26 2 29 34 41 16 22 3 23 14 25 13 11 12 15 40 9 
1 8 38 31 44 18 7 28 6 37 19 27 17 43 30 36 46 33 20 47 21 32 39 48 5 42 24 58 56 54 55 49 52 50 51 53 57 10 45 35 4 26 2 29 34 41 16 22 3 23 14 25 13 11 12 15 40 9 
1 8 38 31 44 18 7 28 6 37 19 27 17 43 30 36 46 33 20 47 21 32 39 48 5 42 24 58 56 52 50 51 53 54 55 49 57 10 45 35 4 26 2 29 34 41 16 22 3 23 14 25 13 11 12 15 40 9 
1 8 38 31 44 18 7 28 6 37 19 27 17 43 30 36 46 33 20 47 21 32 39 48 5 42 24 58 52 49 55 54 56 50 51 53 57 10 45 35 4 26 2 29 34 41 16 22 3 23 14 25 13 11 12 15 40 9 
1 8 38 31 44 18 7 28 6 37 19 27 17 43 30 36 46 33 20 47 21 32 39 48 5 42 24 58 51 53 52 50 56 54 55 49 57 10 45 35 4 26 2 29 34 41 16 22 3 23 14 25 13 11 12 15 40 9 
1 8 38 31 44 18 7 28 6 37 19 27 17 43 30 36 46 33 20 47 21 32 39 48 5 42 24 58 52 53 51 50 56 54 55 49 57 10 45 35 4 26 2 29 34 41 16 22 3 23 14 25 13 11 12 15 40 9 
1 8 38 31 44 18 7 28 6 37 19 27 17 43 30 36 46 33 20 47 21 32 39 48 5 42 24 58 52 56 50 51 53 54 55 49 57 10 45 35 4 26 2 29 34 41 16 22 3 23 14 25 13 11 12 15 40 9 
1 8 38 31 44 18 7 28 6 37 19 27 17 43 30 36 46 33 20 47 21 32 39 48 5 42 24 58 51 50 53 52 56 54 55 49 57 10 45 35 4 26 2 29 34 41 16 22 3 23 14 25 13 11 12 15 40 9 
1 8 38 31 44 18 7 28 6 37 19 27 17 43 30 36 46 33 20 47 21 32 39 48 5 42 24 58 51 50 52 56 49 55 54 53 57 10 45 35 4 26 2 29 34 41 16 22 3 23 14 25 13 11 12 15 40 9 
1 8 38 31 44 18 7 28 6 37 19 27 17 43 30 36 46 33 20 47 21 32 39 48 5 42 24 58 51 50 52 56 54 55 49 53 57 10 45 35 4 26 2 29 34 41 16 22 3 23 14 25 13 11 12 15 40 9 
1 8 38 31 44 18 7 28 6 37 19 27 17 43 30 36 46 33 20 47 21 32 39 48 5 42 24 58 49 55 54 56 52 50 51 53 57 10 45 35 4 26 2 29 34 41 16 22 3 23 14 25 13 11 12 15 40 9 
1 8 38 31 44 18 7 28 6 37 19 27 17 43 30 36 46 33 20 47 21 32 39 48 5 42 24 58 51 53 50 52 56 54 55 49 57 10 45 35 4 26 2 29 34 41 16 22 3 23 14 25 13 11 12 15 40 9 
1 8 38 31 44 18 7 28 6 37 19 27 17 43 30 36 46 33 20 47 21 32 39 48 5 42 24 58 51 50 52 49 55 54 56 53 57 10 45 35 4 26 2 29 34 41 16 22 3 23 14 25 13 11 12 15 40 9 
1 8 38 31 44 18 7 28 6 37 19 27 17 43 30 36 46 33 20 47 21 32 39 48 5 42 24 58 51 50 52 53 56 54 55 49 57 10 45 35 4 26 2 29 34 41 16 22 3 23 14 25 13 11 12 15 40 9 
1 8 38 31 44 18 7 28 6 37 19 27 17 43 30 36 46 33 20 47 21 32 39 48 5 42 24 58 51 50 52 56 53 54 55 49 57 10 45 35 4 26 2 29 34 41 16 22 3 23 14 25 13 11 12 15 40 9 
1 8 38 31 44 18 7 28 6 37 19 27 17 43 30 36 46 33 20 47 21 32 39 48 5 42 24 58 52 50 51 53 56 54 55 49 57 10 45 35 4 26 2 29 34 41 16 22 3 23 14 25 13 11 12 15 40 9 
0
13758 17267 
13779 17246 
14157 16868 
14157 16868 
14171 16854 
14402 16623 
14416 16609 
14423 16602 
14437 16588 
14493 16532 
14514 16511 
14514 16511 
14521 16504 
14598 16427 
14612 16413 
14619 16406 
14619 16406 
14633 16392 
14696 16329 
14710 16315 
14731 16294 
14759 16266 
14759 16266 
14766 16259 
14801 16224 
14815 16210 
14850 16175 
14857 16168 
14878 16147 
14878 16147 
14892 16133 
14899 16126 
14948 16077 
14969 16056 
14976 16049 
14976 16049 
14997 16028 
14997 16028 
14997 16028 
15067 15958 
15067 15958 
15074 15951 
15074 15951 
15088 15937 
15095 15930 
15095 15930 
15137 15888 
15158 15867 
15158 15867 
15158 15867 
15172 15853 
15172 15853 
15228 15797 
15242 15783 
15249 15776 
15249 15776 
15256 15769 
15270 15755 
15277 15748 
15277 15748 
15305 15720 
15312 15713 
15312 15713 
15319 15706 
15333 15692 
15333 15692 
15340 15685 
15354 15671 
15361 15664 
15361 15664 
15375 15650 
15382 15643 
15403 15622 
15410 15615 
15431 15594 
15431 15594 
15431 15594 
15452 15573 
15452 15573 
15487 15538 
15487 15538 
15494 15531 
15494 15531 
15501 15524 
15501 15524 
15508 15517 
15536 15489 
15536 15489 
15578 15447 
15585 15440 
15599 15426 
15599 15426 
15599 15426 
15613 15412 
15613 15412 
15613 15412 
15627 15398 
15627 15398 
15627 15398 
15627 15398 
15634 15391 
15634 15391 
15641 15384 
15683 15342 
15683 15342 
15690 15335 
15697 15328 
15697 15328 
15704 15321 
15711 15314 
15711 15314 
15711 15314 
15718 15307 
15718 15307 
15732 15293 
15732 15293 
15732 15293 
15746 15279 
15746 15279 
15795 15230 
15823 15202 
15844 15181 
15844 15181 
15844 15181 
15865 15160 
15865 15160 
15872 15153 
15872 15153 
15872 15153 
15914 15111 
15942 15083 
15949 15076 
15949 15076 
15963 15062 
15977 15048 
16040 14985 
16040 14985 
16040 14985 
16054 14971 
16075 14950 
16096 14929 
16096 14929 
16145 14880 
16145 14880 
16145 14880 
16166 14859 
16166 14859 
16222 14803 
16222 14803 
16229 14796 
16243 14782 
16271 14754 
16271 14754 
16271 14754 
16285 14740 
16348 14677 
16362 14663 
16383 14642 
16404 14621 
16404 14621 
16404 14621 
16481 14544 
16495 14530 
16579 14446 
16600 14425 
16600 14425 
16607 14418 
16607 14418 
16614 14411 
16663 14362 
16684 14341 
16740 14285 
16761 14264 
16782 14243 
16999 14229 
16999 14229 
16999 14229 
16999 14229 
16999 14229 
16999 14229 
17006 14222 
17006 14222 
17006 14222 
17006 14222 
17006 14222 
17020 14208 
17020 14208 
17027 14194 
17027 14194 
17027 14194 
17048 14173 
17048 14173 
17048 14173 
17048 14173 
17055 14166 
17055 14166 
17055 14166 
17055 14166 
17062 14159 
17083 14145 
17083 14145 
17083 14145 
17090 14138 
17097 14131 
17104 14124 
17104 14124 
17104 14124 
17111 14110 
17125 14096 
17125 14096 
17125 14096 
17125 14096 
17125 14096 
17125 14096 
17132 14089 
17132 14089 
17132 14089 
17132 14089 
17139 13886 
17321 13704 
17545 13683 
17587 13634 
17587 13634 
17587 13634 
17636 13592 
17636 13592 
17643 13585 
17643 13585 
17643 13585 
17643 13585 
17720 13508 
17720 13508 
17734 13494 
17741 13487 
17741 13487 
17741 13487 
17741 13487 
17741 13487 
17748 13480 
17748 13480 
17748 13480 
17755 13473 
17755 13473 
17762 13459 
17769 13452 
17818 13410 
17825 13403 
17825 13403 
17825 13403 
17846 13382 
17860 13368 
17860 13368 
17916 13312 
17923 13305 
18196 13032 
18203 13025 
18203 13025 
18280 12948 
