0 1495 381 2012 1157 990 764 178 147 1788 542 508 749 696 408 318 1213 714 1082 717 935 228 538 1670 816 1922 1096 840 1147 986 498 1250 553 678 2136 754 1046 326 1117 261 692 1525 1104 616 2162 488 753 1184 9275 9538 8269 8278 8888 10415 9542 9555 8735 9380 
1495 0 1135 637 583 2207 2056 1641 1590 736 1312 1494 1150 988 1552 1243 2360 2004 2291 1615 1279 1272 1163 906 983 585 2269 2097 381 2155 1898 1091 1661 840 988 1984 2272 1778 976 1443 872 504 2223 1957 1098 1727 1388 661 8199 8186 9421 8766 9435 8979 10164 8167 8656 8971 
381 1135 0 1633 778 1163 971 551 457 1412 375 481 474 349 475 301 1359 918 1255 686 699 207 262 1308 480 1541 1251 1029 774 1133 772 936 622 301 1760 922 1227 644 785 325 442 1144 1231 850 1790 640 591 810 9015 10058 10193 8619 9107 8957 9295 9249 10533 9295 
2012 637 1633 0 886 2550 2444 2175 2081 444 1697 1881 1480 1385 1969 1806 2662 2397 2624 1941 1519 1805 1576 735 1321 102 2589 2467 879 2485 2343 1190 2044 1336 451 2357 2613 2255 1161 1901 1467 532 2526 2373 594 2138 1695 900 9710 9810 8840 8238 10569 9077 9636 10377 9753 8374 
1157 583 778 886 0 1686 1565 1329 1210 636 814 999 609 500 1084 1006 1818 1516 1764 1078 703 970 691 588 443 788 1735 1592 283 1626 1458 528 1163 503 985 1481 1750 1377 396 1021 768 370 1680 1489 1025 1253 839 97 10626 9382 8024 8647 9049 9085 8379 9014 10057 9421 
990 2207 1163 2550 1686 0 235 1015 845 2191 895 717 1078 1219 689 1289 230 279 93 611 1047 1162 1049 1961 1244 2450 116 153 1826 83 525 1428 553 1401 2502 244 66 704 1403 848 1598 2019 174 387 2468 528 856 1654 8974 10556 8584 9750 9065 8871 10321 8273 9002 8124 
764 2056 971 2444 1565 235 0 781 618 2111 753 568 965 1077 507 1070 465 54 323 532 984 947 894 1901 1123 2344 349 85 1676 260 290 1375 402 1231 2435 105 285 469 1324 648 1396 1914 386 153 2415 334 769 1545 10050 10351 10387 9715 9408 8311 10621 10437 9189 9657 
178 1641 551 2175 1329 1015 781 0 228 1962 709 649 924 874 534 413 1244 737 1103 844 1103 372 715 1847 994 2086 1127 863 1303 1025 493 1426 659 841 2310 795 1064 312 1294 418 805 1695 1149 629 2338 565 911 1359 8877 9648 9124 10098 9795 9036 9725 8416 9224 10128 
147 1590 457 2081 1210 845 618 228 0 1831 507 425 737 725 307 459 1068 568 936 617 897 352 546 1691 831 1988 951 694 1230 842 355 1240 434 757 2177 610 900 194 1121 214 819 1579 961 470 2193 352 695 1226 8173 9382 9186 10184 10069 8075 8891 10041 8322 8191 
1788 736 1412 444 636 2191 2111 1962 1831 0 1389 1565 1154 1107 1668 1639 2282 2067 2258 1588 1145 1606 1294 292 1015 358 2218 2123 771 2121 2049 783 1718 1138 349 2017 2252 1987 790 1632 1366 297 2149 2058 401 1826 1344 606 10495 8153 9863 8853 9798 9143 10353 9986 10299 9538 
542 1312 375 1697 814 895 753 709 507 1389 0 186 242 326 280 646 1061 704 981 332 395 514 159 1215 378 1598 962 787 932 847 660 737 353 522 1727 675 961 620 632 295 795 1171 925 676 1727 441 225 802 9656 8557 9814 9836 9188 10087 9614 8644 8348 8610 
508 1494 481 1881 999 717 568 649 425 1565 186 0 411 510 129 698 893 519 804 220 502 559 332 1378 560 1782 790 604 1114 673 493 879 168 687 1899 491 782 487 793 250 921 1353 760 495 1892 262 282 984 8036 9702 10626 8090 8253 8175 9720 9248 10102 9673 
749 1150 474 1480 609 1078 965 924 737 1154 242 411 0 205 519 774 1215 919 1156 471 231 663 221 973 169 1380 1128 988 776 1018 899 504 567 468 1488 877 1142 861 390 524 807 949 1076 905 1486 673 239 581 9329 9057 10302 9817 8287 8199 10106 8001 9502 8317 
696 988 349 1385 500 1219 1077 874 725 1107 326 510 205 0 586 641 1376 1027 1303 632 424 555 192 974 133 1287 1282 1113 608 1167 959 591 678 265 1453 1000 1284 882 437 526 611 866 1238 993 1470 758 428 504 9728 8640 10385 9202 10464 8465 10096 8831 9958 8064 
408 1552 475 1969 1084 689 507 534 307 1668 280 129 519 586 0 642 887 455 780 312 629 504 397 1492 656 1871 776 558 1174 659 381 1001 157 724 2006 449 753 359 907 175 913 1445 761 408 2004 176 410 1077 8425 8820 9342 9526 8174 9052 9134 10433 8568 8013 
318 1243 301 1806 1006 1289 1070 413 459 1639 646 698 774 641 642 0 1505 1019 1382 917 997 140 558 1569 773 1722 1390 1142 927 1276 814 1231 799 503 1986 1048 1348 643 1075 467 393 1356 1389 926 2030 768 870 1056 10462 9739 8379 9462 8442 9164 8609 8926 9222 9888 
1213 2360 1359 2662 1818 230 465 1244 1068 2282 1061 893 1215 1376 887 1505 0 507 151 746 1144 1374 1218 2035 1383 2561 117 382 1982 230 754 1504 739 1579 2577 459 193 933 1503 1054 1799 2134 139 616 2532 739 980 1777 10018 9498 8388 9767 8260 8492 9434 9438 9625 8711 
714 2004 918 2397 1516 279 54 737 568 2067 704 519 919 1027 455 1019 507 0 369 495 945 895 843 1860 1076 2297 390 127 1625 292 251 1337 354 1178 2393 91 332 427 1281 595 1344 1867 418 112 2375 281 728 1498 9148 8714 9324 8978 9702 8024 9731 9088 8656 9304 
1082 2291 1255 2624 1764 93 323 1103 936 2258 981 804 1156 1303 780 1382 151 369 0 687 1114 1254 1135 2022 1323 2523 64 243 1911 139 611 1489 641 1490 2564 336 42 792 1471 940 1690 2093 154 475 2527 621 930 1730 9926 9637 8907 8586 8074 10131 10580 9335 9293 8003 
717 1615 686 1941 1078 611 532 844 617 1588 332 220 471 632 312 917 746 495 687 0 453 778 490 1371 639 1840 658 536 1237 548 574 844 207 852 1907 432 674 630 799 466 1120 1409 608 519 1884 339 246 1044 10006 8925 9585 10116 10558 9616 9234 9004 9087 8675 
935 1279 699 1519 703 1047 984 1103 897 1145 395 502 231 424 629 997 1144 945 1114 453 0 879 439 919 336 1418 1075 987 924 976 985 393 618 688 1457 884 1108 987 360 688 1034 992 1009 958 1432 745 225 646 9869 8959 9975 8699 8487 10468 9556 9153 9997 9526 
228 1272 207 1805 970 1162 947 372 352 1606 514 559 663 555 504 140 1374 895 1254 778 879 0 444 1512 685 1717 1260 1016 932 1145 704 1140 661 473 1954 919 1221 544 991 329 468 1332 1255 808 1989 636 739 1009 9200 9265 9371 8787 9016 8010 8479 10102 9022 9199 
538 1163 262 1576 691 1049 894 715 546 1294 159 332 221 192 397 558 1218 843 1135 490 439 444 0 1145 286 1479 1119 934 783 1002 768 713 499 363 1637 822 1114 694 580 340 650 1057 1083 804 1649 570 341 693 10165 9893 10206 8088 10144 8878 10336 8741 9978 8777 
1670 906 1308 735 588 1961 1901 1847 1691 292 1215 1378 973 974 1492 1569 2035 1860 2022 1371 919 1512 1145 0 860 646 1978 1905 813 1887 1870 534 1521 1070 543 1802 2019 1830 586 1483 1355 403 1905 1864 515 1638 1133 519 9486 8234 9776 9717 8442 10422 9757 9615 8118 8150 
816 983 480 1321 443 1244 1123 994 831 1015 378 560 169 133 656 773 1383 1076 1323 639 336 685 286 860 0 1222 1296 1150 611 1185 1036 458 723 368 1356 1038 1308 976 306 624 723 793 1245 1054 1364 819 406 424 9674 8925 9399 8307 8343 8486 9648 10280 10439 10551 
1922 585 1541 102 788 2450 2344 2086 1988 358 1598 1782 1380 1287 1871 1722 2561 2297 2523 1840 1418 1717 1479 646 1222 0 2488 2367 796 2384 2246 1091 1944 1246 435 2256 2513 2160 1059 1806 1391 431 2425 2274 569 2039 1595 800 8116 10391 8331 8052 10417 9458 9083 9739 8390 10586 
1096 2269 1251 2589 1735 116 349 1127 951 2218 962 790 1128 1282 776 1390 117 390 64 658 1075 1260 1119 1978 1296 2488 0 266 1889 118 639 1445 632 1477 2521 343 97 816 1433 941 1689 2059 91 500 2481 625 898 1698 8705 9400 9105 9589 8710 10270 8353 10050 9570 9677 
840 2097 1029 2467 1592 153 85 863 694 2123 787 604 988 1113 558 1142 382 127 243 536 987 1016 934 1905 1150 2367 266 0 1716 177 374 1376 436 1279 2443 113 207 552 1334 709 1459 1936 302 235 2418 390 780 1568 10330 8253 8442 9797 9411 10282 9493 8904 9470 10339 
1147 381 774 879 283 1826 1676 1303 1230 771 932 1114 776 608 1174 927 1982 1625 1911 1237 924 932 783 813 611 796 1889 1716 0 1775 1526 807 1281 474 1100 1604 1892 1414 663 1072 605 475 1844 1579 1172 1349 1015 379 8869 8734 10039 8561 10076 8841 10391 9031 10168 9195 
986 2155 1133 2485 1626 83 260 1025 842 2121 847 673 1018 1167 659 1276 230 292 139 548 976 1145 1002 1887 1185 2384 118 177 1775 0 543 1354 514 1360 2429 233 133 716 1334 825 1571 1954 127 404 2393 509 791 1592 8976 9555 8370 9949 8232 8847 8267 10030 9776 8570 
498 1898 772 2343 1458 525 290 493 355 2049 660 493 899 959 381 814 754 251 611 574 985 704 768 1870 1036 2246 639 374 1526 543 0 1370 373 1059 2386 324 572 183 1285 455 1168 1823 669 139 2384 242 761 1456 8674 9037 8421 9227 8543 9821 8589 9961 10157 8796 
1250 1091 936 1190 528 1428 1375 1426 1240 783 737 879 504 591 1001 1231 1504 1337 1489 844 393 1140 713 534 458 1091 1445 1376 807 1354 1370 0 1007 794 1076 1275 1486 1354 169 1026 1143 692 1372 1349 1043 1131 614 437 9506 9373 9296 10093 110 8556 10495 10225 8355 8822 
553 1661 622 2044 1163 553 402 659 434 1718 353 168 567 678 157 799 739 354 641 207 618 661 499 1521 723 1944 632 436 1281 514 373 1007 0 849 2048 323 618 424 937 332 1062 1514 609 344 2035 134 394 1145 10128 8826 8002 9469 9536 8973 9963 8948 9879 8837 
678 840 301 1336 503 1401 1231 841 757 1138 522 687 468 265 724 503 1579 1178 1490 852 688 473 363 1070 368 1246 1477 1279 474 1360 1059 794 849 0 1486 1168 1466 941 627 604 356 860 1444 1122 1528 898 677 554 8562 9391 9604 9493 9237 9176 8642 8324 9445 8841 
2136 988 1760 451 985 2502 2435 2310 2177 349 1727 1899 1488 1453 2006 1986 2577 2393 2564 1907 1457 1954 1637 543 1356 435 2521 2443 1100 2429 2386 1076 2048 1486 0 2338 2561 2331 1112 1976 1701 633 2447 2390 146 2160 1666 953 10259 9400 10365 10218 8634 8419 8170 10008 10108 8067 
754 1984 922 2357 1481 244 105 795 610 2017 675 491 877 1000 449 1048 459 91 336 432 884 919 822 1802 1038 2256 343 113 1604 233 324 1275 323 1168 2338 0 305 488 1228 605 1356 1826 355 190 2316 286 673 1457 9953 9548 10050 10258 9148 10413 10307 10357 9694 10242 
1046 2272 1227 2613 1750 66 285 1064 900 2252 961 782 1142 1284 753 1348 193 332 42 674 1108 1221 1114 2019 1308 2513 97 207 1892 133 572 1486 618 1466 2561 305 0 753 1464 910 1661 2082 181 437 2526 590 919 1718 8404 9923 8328 9399 8208 10256 9874 10446 9751 10169 
326 1778 644 2255 1377 704 469 312 194 1987 620 487 861 882 359 643 933 427 792 630 987 544 694 1830 976 2160 816 552 1414 716 183 1354 424 941 2331 488 753 0 1250 357 1011 1745 841 317 2339 301 769 1385 8421 9604 9828 10514 8294 10056 9808 10030 8516 8269 
1117 976 785 1161 396 1403 1324 1294 1121 790 632 793 390 437 907 1075 1503 1281 1471 799 360 991 580 586 306 1059 1433 1334 663 1334 1285 169 937 627 1112 1228 1464 1250 0 909 974 637 1368 1280 1100 1053 555 317 8632 9647 10072 8392 8723 110 8596 10578 9837 9898 
261 1443 325 1901 1021 848 648 418 214 1632 295 250 524 526 175 467 1054 595 940 466 688 329 340 1483 624 1806 941 709 1072 825 455 1026 332 604 1976 605 910 357 909 0 751 1389 931 525 1988 320 495 1029 9953 8563 10083 10142 8473 10526 8943 10175 9398 10492 
692 872 442 1467 768 1598 1396 805 819 1366 795 921 807 611 913 393 1799 1344 1690 1120 1034 468 650 1355 723 1391 1689 1459 605 1571 1168 1143 1062 356 1701 1356 1661 1011 974 751 0 1071 1671 1264 1766 1071 989 843 10633 9001 8323 8324 10397 9404 8300 9095 9878 10009 
1525 504 1144 532 370 2019 1914 1695 1579 297 1171 1353 949 866 1445 1356 2134 1867 2093 1409 992 1332 1057 403 793 431 2059 1936 475 1954 1823 692 1514 860 633 1826 2082 1745 637 1389 1071 0 1997 1846 698 1611 1164 370 9030 9601 10319 8740 8387 9052 8221 9020 10102 9013 
1104 2223 1231 2526 1680 174 386 1149 961 2149 925 760 1076 1238 761 1389 139 418 154 608 1009 1255 1083 1905 1245 2425 91 302 1844 127 669 1372 609 1444 2447 355 181 841 1368 931 1671 1997 0 530 2405 622 842 1640 10393 8811 8427 9250 8080 8277 10489 8423 8940 10462 
616 1957 850 2373 1489 387 153 629 470 2058 676 495 905 993 408 926 616 112 475 519 958 808 804 1864 1054 2274 500 235 1579 404 139 1349 344 1122 2390 190 437 317 1280 525 1264 1846 530 0 2379 236 735 1477 10473 8443 8168 8608 9719 9093 8054 8403 8434 8575 
2162 1098 1790 594 1025 2468 2415 2338 2193 401 1727 1892 1486 1470 2004 2030 2532 2375 2527 1884 1432 1989 1649 515 1364 569 2481 2418 1172 2393 2384 1043 2035 1528 146 2316 2526 2339 1100 1988 1766 698 2405 2379 0 2152 1647 981 9312 8102 10328 10556 9734 8232 8784 9640 8866 8218 
488 1727 640 2138 1253 528 334 565 352 1826 441 262 673 758 176 768 739 281 621 339 745 636 570 1638 819 2039 625 390 1349 509 242 1131 134 898 2160 286 590 301 1053 320 1071 1611 622 236 2152 0 520 1242 8484 9777 10035 8548 10272 10182 8877 8687 8197 9545 
753 1388 591 1695 839 856 769 911 695 1344 225 282 239 428 410 870 980 728 930 246 225 739 341 1133 406 1595 898 780 1015 791 761 614 394 677 1666 673 919 769 555 495 989 1164 842 735 1647 520 0 801 9719 10589 8311 9938 8247 9005 9482 8229 8240 10371 
1184 661 810 900 97 1654 1545 1359 1226 606 802 984 581 504 1077 1056 1777 1498 1730 1044 646 1009 693 519 424 800 1698 1568 379 1592 1456 437 1145 554 953 1457 1718 1385 317 1029 843 370 1640 1477 981 1242 801 0 10254 9406 8005 9090 9767 8784 8971 9624 8332 10036 
9275 8199 9015 9710 10626 8974 10050 8877 8173 10495 9656 8036 9329 9728 8425 10462 10018 9148 9926 10006 9869 9200 10165 9486 9674 8116 8705 10330 8869 8976 8674 9506 10128 8562 10259 9953 8404 8421 8632 9953 10633 9030 10393 10473 9312 8484 9719 10254 0 430 645 645 925 430 275 170 240 830 
9538 8186 10058 9810 9382 10556 10351 9648 9382 8153 8557 9702 9057 8640 8820 9739 9498 8714 9637 8925 8959 9265 9893 8234 8925 10391 9400 8253 8734 9555 9037 9373 8826 9391 9400 9548 9923 9604 9647 8563 9001 9601 8811 8443 8102 9777 10589 9406 430 0 670 845 1000 670 275 670 830 275 
8269 9421 10193 8840 8024 8584 10387 9124 9186 9863 9814 10626 10302 10385 9342 8379 8388 9324 8907 9585 9975 9371 10206 9776 9399 8331 9105 8442 10039 8370 8421 9296 8002 9604 10365 10050 8328 9828 10072 10083 8323 10319 8427 8168 10328 10035 8311 8005 645 670 0 645 105 870 605 870 240 925 
8278 8766 8619 8238 8647 9750 9715 10098 10184 8853 9836 8090 9817 9202 9526 9462 9767 8978 8586 10116 8699 8787 8088 9717 8307 8052 9589 9797 8561 9949 9227 10093 9469 9493 10218 10258 9399 10514 8392 10142 8324 8740 9250 8608 10556 8548 9938 9090 645 845 645 0 925 415 140 240 240 240 
8888 9435 9107 10569 9049 9065 9408 9795 10069 9798 9188 8253 8287 10464 8174 8442 8260 9702 8074 10558 8487 9016 10144 8442 8343 10417 8710 9411 10076 8232 8543 110 9536 9237 8634 9148 8208 8294 8723 8473 10397 8387 8080 9719 9734 10272 8247 9767 925 1000 105 925 0 85 845 355 805 425 
10415 8979 8957 9077 9085 8871 8311 9036 8075 9143 10087 8175 8199 8465 9052 9164 8492 8024 10131 9616 10468 8010 8878 10422 8486 9458 10270 10282 8841 8847 9821 8556 8973 9176 8419 10413 10256 10056 110 10526 9404 9052 8277 9093 8232 10182 9005 8784 430 670 870 415 85 0 275 870 875 945 
9542 10164 9295 9636 8379 10321 10621 9725 8891 10353 9614 9720 10106 10096 9134 8609 9434 9731 10580 9234 9556 8479 10336 9757 9648 9083 8353 9493 10391 8267 8589 10495 9963 8642 8170 10307 9874 9808 8596 8943 8300 8221 10489 8054 8784 8877 9482 8971 275 275 605 140 845 275 0 140 870 140 
9555 8167 9249 10377 9014 8273 10437 8416 10041 9986 8644 9248 8001 8831 10433 8926 9438 9088 9335 9004 9153 10102 8741 9615 10280 9739 10050 8904 9031 10030 9961 10225 8948 8324 10008 10357 10446 10030 10578 10175 9095 9020 8423 8403 9640 8687 8229 9624 170 670 870 240 355 870 140 0 875 240 
8735 8656 10533 9753 10057 9002 9189 9224 8322 10299 8348 10102 9502 9958 8568 9222 9625 8656 9293 9087 9997 9022 9978 8118 10439 8390 9570 9470 10168 9776 10157 8355 9879 9445 10108 9694 9751 8516 9837 9398 9878 10102 8940 8434 8866 8197 8240 8332 240 830 240 240 805 875 870 875 0 830 
9380 8971 9295 8374 9421 8124 9657 10128 8191 9538 8610 9673 8317 8064 8013 9888 8711 9304 8003 8675 9526 9199 8777 8150 10551 10586 9677 10339 9195 8570 8796 8822 8837 8841 8067 10242 10169 8269 9898 10492 10009 9013 10462 8575 8218 9545 10371 10036 830 275 925 240 425 945 140 240 830 0 

0 1495 381 2012 1157 990 764 178 147 1788 542 508 749 696 408 318 1213 714 1082 717 935 228 538 1670 816 1922 1096 840 1147 986 498 1250 553 678 2136 754 1046 326 1117 261 692 1525 1104 616 2162 488 753 1184 9112 9982 9246 8343 8229 9745 8398 9662 8402 8678 
1495 0 1135 637 583 2207 2056 1641 1590 736 1312 1494 1150 988 1552 1243 2360 2004 2291 1615 1279 1272 1163 906 983 585 2269 2097 381 2155 1898 1091 1661 840 988 1984 2272 1778 976 1443 872 504 2223 1957 1098 1727 1388 661 8109 9265 10282 7998 9634 9230 8209 10157 8604 8019 
381 1135 0 1633 778 1163 971 551 457 1412 375 481 474 349 475 301 1359 918 1255 686 699 207 262 1308 480 1541 1251 1029 774 1133 772 936 622 301 1760 922 1227 644 785 325 442 1144 1231 850 1790 640 591 810 10141 9026 9267 10043 8061 9140 8750 9181 9556 8579 
2012 637 1633 0 886 2550 2444 2175 2081 444 1697 1881 1480 1385 1969 1806 2662 2397 2624 1941 1519 1805 1576 735 1321 102 2589 2467 879 2485 2343 1190 2044 1336 451 2357 2613 2255 1161 1901 1467 532 2526 2373 594 2138 1695 900 8895 10382 8788 8529 9700 8590 10271 9589 9172 9529 
1157 583 778 886 0 1686 1565 1329 1210 636 814 999 609 500 1084 1006 1818 1516 1764 1078 703 970 691 588 443 788 1735 1592 283 1626 1458 528 1163 503 985 1481 1750 1377 396 1021 768 370 1680 1489 1025 1253 839 97 8953 8923 9139 9745 10418 9103 9317 8792 8319 10254 
990 2207 1163 2550 1686 0 235 1015 845 2191 895 717 1078 1219 689 1289 230 279 93 611 1047 1162 1049 1961 1244 2450 116 153 1826 83 525 1428 553 1401 2502 244 66 704 1403 848 1598 2019 174 387 2468 528 856 1654 8925 8814 10486 9067 9290 10544 9329 9500 9585 9844 
764 2056 971 2444 1565 235 0 781 618 2111 753 568 965 1077 507 1070 465 54 323 532 984 947 894 1901 1123 2344 349 85 1676 260 290 1375 402 1231 2435 105 285 469 1324 648 1396 1914 386 153 2415 334 769 1545 10164 9800 10286 9058 8081 9497 8942 9230 10536 10262 
178 1641 551 2175 1329 1015 781 0 228 1962 709 649 924 874 534 413 1244 737 1103 844 1103 372 715 1847 994 2086 1127 863 1303 1025 493 1426 659 841 2310 795 1064 312 1294 418 805 1695 1149 629 2338 565 911 1359 9440 10159 8109 10073 10517 8327 10359 9403 8726 9116 
147 1590 457 2081 1210 845 618 228 0 1831 507 425 737 725 307 459 1068 568 936 617 897 352 546 1691 831 1988 951 694 1230 842 355 1240 434 757 2177 610 900 194 1121 214 819 1579 961 470 2193 352 695 1226 8375 8748 10097 9524 8934 10267 9041 10502 9744 9134 
1788 736 1412 444 636 2191 2111 1962 1831 0 1389 1565 1154 1107 1668 1639 2282 2067 2258 1588 1145 1606 1294 292 1015 358 2218 2123 771 2121 2049 783 1718 1138 349 2017 2252 1987 790 1632 1366 297 2149 2058 401 1826 1344 606 9594 8681 10513 9090 8007 9601 9554 9084 9720 8092 
542 1312 375 1697 814 895 753 709 507 1389 0 186 242 326 280 646 1061 704 981 332 395 514 159 1215 378 1598 962 787 932 847 660 737 353 522 1727 675 961 620 632 295 795 1171 925 676 1727 441 225 802 9052 9220 8706 10503 8712 9104 8466 10349 8745 8696 
508 1494 481 1881 999 717 568 649 425 1565 186 0 411 510 129 698 893 519 804 220 502 559 332 1378 560 1782 790 604 1114 673 493 879 168 687 1899 491 782 487 793 250 921 1353 760 495 1892 262 282 984 8269 9841 10291 9852 10140 9708 9859 8300 10150 8847 
749 1150 474 1480 609 1078 965 924 737 1154 242 411 0 205 519 774 1215 919 1156 471 231 663 221 973 169 1380 1128 988 776 1018 899 504 567 468 1488 877 1142 861 390 524 807 949 1076 905 1486 673 239 581 8354 9588 8155 9937 10451 8230 8296 8033 10542 8238 
696 988 349 1385 500 1219 1077 874 725 1107 326 510 205 0 586 641 1376 1027 1303 632 424 555 192 974 133 1287 1282 1113 608 1167 959 591 678 265 1453 1000 1284 882 437 526 611 866 1238 993 1470 758 428 504 8565 8469 9142 8490 10103 8562 9330 8185 10541 8526 
408 1552 475 1969 1084 689 507 534 307 1668 280 129 519 586 0 642 887 455 780 312 629 504 397 1492 656 1871 776 558 1174 659 381 1001 157 724 2006 449 753 359 907 175 913 1445 761 408 2004 176 410 1077 8534 10276 9558 9226 8516 9480 9225 9212 8707 10173 
318 1243 301 1806 1006 1289 1070 413 459 1639 646 698 774 641 642 0 1505 1019 1382 917 997 140 558 1569 773 1722 1390 1142 927 1276 814 1231 799 503 1986 1048 1348 643 1075 467 393 1356 1389 926 2030 768 870 1056 9310 8792 8608 9951 8566 9659 8212 8342 8240 8965 
1213 2360 1359 2662 1818 230 465 1244 1068 2282 1061 893 1215 1376 887 1505 0 507 151 746 1144 1374 1218 2035 1383 2561 117 382 1982 230 754 1504 739 1579 2577 459 193 933 1503 1054 1799 2134 139 616 2532 739 980 1777 9253 8735 8575 8667 9774 8958 8254 9357 8411 10100 
714 2004 918 2397 1516 279 54 737 568 2067 704 519 919 1027 455 1019 507 0 369 495 945 895 843 1860 1076 2297 390 127 1625 292 251 1337 354 1178 2393 91 332 427 1281 595 1344 1867 418 112 2375 281 728 1498 8343 9736 9019 10303 9197 8652 9325 10023 8656 10594 
1082 2291 1255 2624 1764 93 323 1103 936 2258 981 804 1156 1303 780 1382 151 369 0 687 1114 1254 1135 2022 1323 2523 64 243 1911 139 611 1489 641 1490 2564 336 42 792 1471 940 1690 2093 154 475 2527 621 930 1730 8355 9959 8810 8455 8329 8379 8499 8577 9130 8509 
717 1615 686 1941 1078 611 532 844 617 1588 332 220 471 632 312 917 746 495 687 0 453 778 490 1371 639 1840 658 536 1237 548 574 844 207 852 1907 432 674 630 799 466 1120 1409 608 519 1884 339 246 1044 8837 9776 9085 9822 10353 10555 9564 10122 8702 10049 
935 1279 699 1519 703 1047 984 1103 897 1145 395 502 231 424 629 997 1144 945 1114 453 0 879 439 919 336 1418 1075 987 924 976 985 393 618 688 1457 884 1108 987 360 688 1034 992 1009 958 1432 745 225 646 9138 10305 8769 9251 9223 9379 10301 8847 10222 9761 
228 1272 207 1805 970 1162 947 372 352 1606 514 559 663 555 504 140 1374 895 1254 778 879 0 444 1512 685 1717 1260 1016 932 1145 704 1140 661 473 1954 919 1221 544 991 329 468 1332 1255 808 1989 636 739 1009 8310 9454 9459 9004 8767 8604 10003 8816 8610 10486 
538 1163 262 1576 691 1049 894 715 546 1294 159 332 221 192 397 558 1218 843 1135 490 439 444 0 1145 286 1479 1119 934 783 1002 768 713 499 363 1637 822 1114 694 580 340 650 1057 1083 804 1649 570 341 693 9075 8072 10459 9171 8180 8540 10005 9263 8858 10254 
1670 906 1308 735 588 1961 1901 1847 1691 292 1215 1378 973 974 1492 1569 2035 1860 2022 1371 919 1512 1145 0 860 646 1978 1905 813 1887 1870 534 1521 1070 543 1802 2019 1830 586 1483 1355 403 1905 1864 515 1638 1133 519 8990 9246 9067 10565 8324 9911 10199 8748 10284 9285 
816 983 480 1321 443 1244 1123 994 831 1015 378 560 169 133 656 773 1383 1076 1323 639 336 685 286 860 0 1222 1296 1150 611 1185 1036 458 723 368 1356 1038 1308 976 306 624 723 793 1245 1054 1364 819 406 424 9899 9885 8490 9704 10070 9452 9838 9453 8165 10289 
1922 585 1541 102 788 2450 2344 2086 1988 358 1598 1782 1380 1287 1871 1722 2561 2297 2523 1840 1418 1717 1479 646 1222 0 2488 2367 796 2384 2246 1091 1944 1246 435 2256 2513 2160 1059 1806 1391 431 2425 2274 569 2039 1595 800 9742 8526 9648 8881 8219 10273 9079 8851 9167 10220 
1096 2269 1251 2589 1735 116 349 1127 951 2218 962 790 1128 1282 776 1390 117 390 64 658 1075 1260 1119 1978 1296 2488 0 266 1889 118 639 1445 632 1477 2521 343 97 816 1433 941 1689 2059 91 500 2481 625 898 1698 8709 9832 9597 10241 9006 8539 10294 10019 8829 9980 
840 2097 1029 2467 1592 153 85 863 694 2123 787 604 988 1113 558 1142 382 127 243 536 987 1016 934 1905 1150 2367 266 0 1716 177 374 1376 436 1279 2443 113 207 552 1334 709 1459 1936 302 235 2418 390 780 1568 9008 9966 10027 8569 9619 8061 8232 10027 8378 8169 
1147 381 774 879 283 1826 1676 1303 1230 771 932 1114 776 608 1174 927 1982 1625 1911 1237 924 932 783 813 611 796 1889 1716 0 1775 1526 807 1281 474 1100 1604 1892 1414 663 1072 605 475 1844 1579 1172 1349 1015 379 8058 8537 8237 8220 9560 9656 8676 8511 8139 8646 
986 2155 1133 2485 1626 83 260 1025 842 2121 847 673 1018 1167 659 1276 230 292 139 548 976 1145 1002 1887 1185 2384 118 177 1775 0 543 1354 514 1360 2429 233 133 716 1334 825 1571 1954 127 404 2393 509 791 1592 8408 9467 10594 8272 9391 9264 10585 10349 10174 10140 
498 1898 772 2343 1458 525 290 493 355 2049 660 493 899 959 381 814 754 251 611 574 985 704 768 1870 1036 2246 639 374 1526 543 0 1370 373 1059 2386 324 572 183 1285 455 1168 1823 669 139 2384 242 761 1456 9978 8017 8443 8996 8353 9752 8916 8258 9023 10258 
1250 1091 936 1190 528 1428 1375 1426 1240 783 737 879 504 591 1001 1231 1504 1337 1489 844 393 1140 713 534 458 1091 1445 1376 807 1354 1370 0 1007 794 1076 1275 1486 1354 169 1026 1143 692 1372 1349 1043 1131 614 437 8920 8828 9169 9443 68 10132 8653 8029 10240 9453 
553 1661 622 2044 1163 553 402 659 434 1718 353 168 567 678 157 799 739 354 641 207 618 661 499 1521 723 1944 632 436 1281 514 373 1007 0 849 2048 323 618 424 937 332 1062 1514 609 344 2035 134 394 1145 8037 9154 9187 8637 9652 8240 9855 10018 9581 9482 
678 840 301 1336 503 1401 1231 841 757 1138 522 687 468 265 724 503 1579 1178 1490 852 688 473 363 1070 368 1246 1477 1279 474 1360 1059 794 849 0 1486 1168 1466 941 627 604 356 860 1444 1122 1528 898 677 554 8407 8810 9268 8363 9071 9834 8607 9454 8247 8442 
2136 988 1760 451 985 2502 2435 2310 2177 349 1727 1899 1488 1453 2006 1986 2577 2393 2564 1907 1457 1954 1637 543 1356 435 2521 2443 1100 2429 2386 1076 2048 1486 0 2338 2561 2331 1112 1976 1701 633 2447 2390 146 2160 1666 953 8931 8893 8296 8722 8914 10146 9944 8155 8240 10387 
754 1984 922 2357 1481 244 105 795 610 2017 675 491 877 1000 449 1048 459 91 336 432 884 919 822 1802 1038 2256 343 113 1604 233 324 1275 323 1168 2338 0 305 488 1228 605 1356 1826 355 190 2316 286 673 1457 8244 8986 10194 9226 9649 10039 8424 9079 8301 10413 
1046 2272 1227 2613 1750 66 285 1064 900 2252 961 782 1142 1284 753 1348 193 332 42 674 1108 1221 1114 2019 1308 2513 97 207 1892 133 572 1486 618 1466 2561 305 0 753 1464 910 1661 2082 181 437 2526 590 919 1718 8398 9430 10207 10122 8585 9651 8292 10085 8219 10637 
326 1778 644 2255 1377 704 469 312 194 1987 620 487 861 882 359 643 933 427 792 630 987 544 694 1830 976 2160 816 552 1414 716 183 1354 424 941 2331 488 753 0 1250 357 1011 1745 841 317 2339 301 769 1385 10418 8580 9858 8100 9693 8115 9119 8949 10394 9516 
1117 976 785 1161 396 1403 1324 1294 1121 790 632 793 390 437 907 1075 1503 1281 1471 799 360 991 580 586 306 1059 1433 1334 663 1334 1285 169 937 627 1112 1228 1464 1250 0 909 974 637 1368 1280 1100 1053 555 317 9907 9198 8886 9648 8030 15 8284 8397 8314 10404 
261 1443 325 1901 1021 848 648 418 214 1632 295 250 524 526 175 467 1054 595 940 466 688 329 340 1483 624 1806 941 709 1072 825 455 1026 332 604 1976 605 910 357 909 0 751 1389 931 525 1988 320 495 1029 8605 9894 9070 8151 8720 8412 8869 8399 9007 10520 
692 872 442 1467 768 1598 1396 805 819 1366 795 921 807 611 913 393 1799 1344 1690 1120 1034 468 650 1355 723 1391 1689 1459 605 1571 1168 1143 1062 356 1701 1356 1661 1011 974 751 0 1071 1671 1264 1766 1071 989 843 8991 9769 9096 9341 9851 9637 8347 9880 9609 9543 
1525 504 1144 532 370 2019 1914 1695 1579 297 1171 1353 949 866 1445 1356 2134 1867 2093 1409 992 1332 1057 403 793 431 2059 1936 475 1954 1823 692 1514 860 633 1826 2082 1745 637 1389 1071 0 1997 1846 698 1611 1164 370 10632 10454 8222 8132 9983 9849 9752 9144 8787 10326 
1104 2223 1231 2526 1680 174 386 1149 961 2149 925 760 1076 1238 761 1389 139 418 154 608 1009 1255 1083 1905 1245 2425 91 302 1844 127 669 1372 609 1444 2447 355 181 841 1368 931 1671 1997 0 530 2405 622 842 1640 10077 8031 8669 9004 10635 10193 10208 8488 9781 8399 
616 1957 850 2373 1489 387 153 629 470 2058 676 495 905 993 408 926 616 112 475 519 958 808 804 1864 1054 2274 500 235 1579 404 139 1349 344 1122 2390 190 437 317 1280 525 1264 1846 530 0 2379 236 735 1477 10153 9519 10576 10349 9051 8392 8206 10585 9924 8669 
2162 1098 1790 594 1025 2468 2415 2338 2193 401 1727 1892 1486 1470 2004 2030 2532 2375 2527 1884 1432 1989 1649 515 1364 569 2481 2418 1172 2393 2384 1043 2035 1528 146 2316 2526 2339 1100 1988 1766 698 2405 2379 0 2152 1647 981 7996 9543 8536 9369 8513 9186 9427 8771 7988 10530 
488 1727 640 2138 1253 528 334 565 352 1826 441 262 673 758 176 768 739 281 621 339 745 636 570 1638 819 2039 625 390 1349 509 242 1131 134 898 2160 286 590 301 1053 320 1071 1611 622 236 2152 0 520 1242 9842 9011 8675 10084 8785 9320 8377 9717 10146 9981 
753 1388 591 1695 839 856 769 911 695 1344 225 282 239 428 410 870 980 728 930 246 225 739 341 1133 406 1595 898 780 1015 791 761 614 394 677 1666 673 919 769 555 495 989 1164 842 735 1647 520 0 801 10573 9853 10157 10467 10019 9294 8291 9445 8380 8683 
1184 661 810 900 97 1654 1545 1359 1226 606 802 984 581 504 1077 1056 1777 1498 1730 1044 646 1009 693 519 424 800 1698 1568 379 1592 1456 437 1145 554 953 1457 1718 1385 317 1029 843 370 1640 1477 981 1242 801 0 8088 9919 10070 8493 10481 10412 9405 9125 9725 9382 
9112 8109 10141 8895 8953 8925 10164 9440 8375 9594 9052 8269 8354 8565 8534 9310 9253 8343 8355 8837 9138 8310 9075 8990 9899 9742 8709 9008 8058 8408 9978 8920 8037 8407 8931 8244 8398 10418 9907 8605 8991 10632 10077 10153 7996 9842 10573 8088 0 1419 165 165 781 1419 1254 1826 1056 484 
9982 9265 9026 10382 8923 8814 9800 10159 8748 8681 9220 9841 9588 8469 10276 8792 8735 9736 9959 9776 10305 9454 8072 9246 9885 8526 9832 9966 8537 9467 8017 8828 9154 8810 8893 8986 9430 8580 9198 9894 9769 10454 8031 9519 9543 9011 9853 9919 1419 0 572 341 0 572 1254 572 374 1595 
9246 10282 9267 8788 9139 10486 10286 8109 10097 10513 8706 10291 8155 9142 9558 8608 8575 9019 8810 9085 8769 9459 10459 9067 8490 9648 9597 10027 8237 10594 8443 9169 9187 9268 8296 10194 10207 9858 8886 9070 9096 8222 8669 10576 8536 8675 10157 10070 165 572 0 165 1969 275 869 275 1056 165 
8343 7998 10043 8529 9745 9067 9058 10073 9524 9090 10503 9852 9937 8490 9226 9951 8667 10303 8455 9822 9251 9004 9171 10565 9704 8881 10241 8569 8220 8272 8996 9443 8637 8363 8722 9226 10122 8100 9648 8151 9341 8132 9004 10349 9369 10084 10467 8493 165 341 165 0 781 1287 1452 1782 1056 1782 
8229 9634 8061 9700 10418 9290 8081 10517 8934 8007 8712 10140 10451 10103 8516 8566 9774 9197 8329 10353 9223 8767 8180 8324 10070 8219 9006 9619 9560 9391 8353 68 9652 9071 8914 9649 8585 9693 8030 8720 9851 9983 10635 9051 8513 8785 10019 10481 781 0 1969 781 0 2013 341 1419 429 1265 
9745 9230 9140 8590 9103 10544 9497 8327 10267 9601 9104 9708 8230 8562 9480 9659 8958 8652 8379 10555 9379 8604 8540 9911 9452 10273 8539 8061 9656 9264 9752 10132 8240 9834 10146 10039 9651 8115 15 8412 9637 9849 10193 8392 9186 9320 9294 10412 1419 572 275 1287 2013 0 1254 275 726 121 
8398 8209 8750 10271 9317 9329 8942 10359 9041 9554 8466 9859 8296 9330 9225 8212 8254 9325 8499 9564 10301 10003 10005 10199 9838 9079 10294 8232 8676 10585 8916 8653 9855 8607 9944 8424 8292 9119 8284 8869 8347 9752 10208 8206 9427 8377 8291 9405 1254 1254 869 1452 341 1254 0 1452 286 1452 
9662 10157 9181 9589 8792 9500 9230 9403 10502 9084 10349 8300 8033 8185 9212 8342 9357 10023 8577 10122 8847 8816 9263 8748 9453 8851 10019 10027 8511 10349 8258 8029 10018 9454 8155 9079 10085 8949 8397 8399 9880 9144 8488 10585 8771 9717 9445 9125 1826 572 275 1782 1419 275 1452 0 726 1782 
8402 8604 9556 9172 8319 9585 10536 8726 9744 9720 8745 10150 10542 10541 8707 8240 8411 8656 9130 8702 10222 8610 8858 10284 8165 9167 8829 8378 8139 10174 9023 10240 9581 8247 8240 8301 8219 10394 8314 9007 9609 8787 9781 9924 7988 10146 8380 9725 1056 374 1056 1056 429 726 286 726 0 484 
8678 8019 8579 9529 10254 9844 10262 9116 9134 8092 8696 8847 8238 8526 10173 8965 10100 10594 8509 10049 9761 10486 10254 9285 10289 10220 9980 8169 8646 10140 10258 9453 9482 8442 10387 10413 10637 9516 10404 10520 9543 10326 8399 8669 10530 9981 8683 9382 484 1595 165 1782 1265 121 1452 1782 484 0 
