0 107 241 190 124 80 316 76 152 157 283 133 113 297 228 129 348 276 188 150 65 341 184 67 221 169 108 45 167 1916 1894 1790 1775 1944 2010 1868 1879 1809 1821 
107 0 148 137 88 127 336 183 134 95 254 180 101 234 175 176 265 199 182 67 42 278 271 146 251 105 191 139 79 1792 1589 1966 1940 1538 1850 1789 1894 1745 1597 
241 148 0 374 171 259 509 317 217 232 491 312 280 391 412 349 422 356 355 204 182 435 417 292 424 116 337 273 77 1773 1756 1653 1703 2001 1666 1833 1592 1769 2028 
190 137 374 0 202 234 222 192 248 42 117 287 79 107 38 121 152 86 68 70 137 151 239 135 137 242 165 228 205 1655 1906 1760 1891 1754 1817 1734 1660 1821 1543 
124 88 171 202 0 61 392 202 46 160 319 112 163 322 240 232 314 287 238 155 65 366 300 175 307 57 220 121 97 1646 1873 1656 1921 1716 1748 1873 1786 1577 1944 
80 127 259 234 61 0 386 141 72 167 351 55 157 331 272 226 362 296 232 164 85 375 249 147 301 118 188 60 185 1833 1588 1861 1969 1867 1556 1980 1985 1607 1793 
316 336 509 222 392 386 0 233 438 254 202 439 235 254 210 187 313 266 154 282 321 298 168 249 95 437 190 314 435 1838 2007 1903 1578 1888 1644 1766 8 1565 1560 
76 183 317 192 202 141 233 0 213 188 272 193 131 302 233 98 344 289 177 216 141 346 108 57 190 245 43 81 243 1762 1618 2007 1596 1964 1980 1859 1781 1825 1795 
152 134 217 248 46 72 438 213 0 206 365 89 209 368 286 278 360 333 284 201 111 412 321 221 353 72 266 132 111 1733 1664 1581 1966 1580 1773 1997 2012 1574 1744 
157 95 232 42 160 167 254 188 206 0 159 220 57 149 80 132 193 127 100 28 95 193 241 131 169 200 161 189 163 1925 1850 1869 1812 1663 2036 1640 1707 1987 1546 
283 254 491 117 319 351 202 272 365 159 0 404 176 106 79 161 165 141 95 187 254 103 279 215 117 359 216 308 322 1656 2005 1721 1546 2022 1716 1852 1981 1935 1930 
133 180 312 287 112 55 439 193 89 220 404 0 210 384 325 279 415 349 285 217 138 428 310 200 354 169 241 112 238 1838 1542 2008 1787 1781 1585 1537 1779 1643 1997 
113 101 280 79 163 157 235 131 209 57 176 210 0 186 117 75 231 165 81 85 92 230 184 74 150 208 104 158 206 1811 1846 1986 1614 1582 1692 1887 1572 1692 1583 
297 234 391 107 322 331 254 302 368 149 106 384 186 0 69 191 59 35 125 167 255 44 309 245 169 327 246 335 288 1952 1907 1535 1882 1793 1558 1793 1999 1767 2007 
228 175 412 38 240 272 210 233 286 80 79 325 117 69 0 122 122 56 56 108 175 113 240 176 125 280 177 266 243 1611 1895 1877 1546 1529 1703 1714 1753 1805 1980 
129 176 349 121 232 226 187 98 278 132 161 279 75 191 122 0 244 178 66 160 161 235 118 62 92 277 55 155 275 2025 1696 1920 1878 2029 1546 1571 1611 2027 1890 
348 265 422 152 314 362 313 344 360 193 165 415 231 59 122 244 0 66 178 198 286 77 362 287 228 358 299 380 319 1928 1614 1718 1712 1736 1883 1601 1688 1562 1709 
276 199 356 86 287 296 266 289 333 127 141 349 165 35 56 178 66 0 112 132 220 79 296 232 181 292 233 314 253 1754 2021 1537 1561 1647 1836 1935 1860 1592 1681 
188 182 355 68 238 232 154 177 284 100 95 285 81 125 56 66 178 112 0 128 167 169 179 120 69 283 121 213 281 1878 1900 2009 1574 1714 1784 1846 1715 1942 1853 
150 67 204 70 155 164 282 216 201 28 187 217 85 167 108 160 198 132 128 0 88 211 269 159 197 172 189 182 135 1962 1562 1937 1766 1571 1590 1939 1813 2018 1678 
65 42 182 137 65 85 321 141 111 95 254 138 92 255 175 161 286 220 167 88 0 299 229 104 236 110 149 97 108 1676 1711 1848 1822 1886 1684 1871 1890 1965 1621 
341 278 435 151 366 375 298 346 412 193 103 428 230 44 113 235 77 79 169 211 299 0 353 289 213 371 290 379 332 1999 1788 1675 1901 1712 1611 1842 1762 1936 1707 
184 271 417 239 300 249 168 108 321 241 279 310 184 309 240 118 362 296 179 269 229 353 0 121 162 345 80 189 342 1681 1753 1872 1911 1914 1828 1573 1970 1546 1589 
67 146 292 135 175 147 249 57 221 131 215 200 74 245 176 62 287 232 120 159 104 289 121 0 154 220 41 93 218 1897 1715 1951 1996 1939 1873 1536 1697 1765 2010 
221 251 424 137 307 301 95 190 353 169 117 354 150 169 125 92 228 181 69 197 236 213 162 154 0 352 147 247 350 1572 1659 1578 13 1759 1964 1712 1980 1691 1819 
169 105 116 242 57 118 437 245 72 200 359 169 208 327 280 277 358 292 283 172 110 371 345 220 352 0 265 178 39 1817 1767 2034 1760 1903 2006 1560 1622 1713 1540 
108 191 337 165 220 188 190 43 266 161 216 241 104 246 177 55 299 233 121 189 149 290 80 41 147 265 0 124 263 1924 1885 1928 1635 1861 1837 1833 1769 1914 2005 
45 139 273 228 121 60 314 81 132 189 308 112 158 335 266 155 380 314 213 182 97 379 189 93 247 178 124 0 199 1707 2011 1640 1874 1584 1835 1845 1548 1613 1871 
167 79 77 205 97 185 435 243 111 163 322 238 206 288 243 275 319 253 281 135 108 332 342 218 350 39 263 199 0 1803 1538 1692 1940 1936 1939 1633 1844 1761 1596 
1916 1792 1773 1655 1646 1833 1838 1762 1733 1925 1656 1838 1811 1952 1611 2025 1928 1754 1878 1962 1676 1999 1681 1897 1572 1817 1924 1707 1803 0 286 212 58 116 334 234 116 8 212 
1894 1589 1756 1906 1873 1588 2007 1618 1664 1850 2005 1542 1846 1907 1895 1696 1614 2021 1900 1562 1711 1788 1753 1715 1659 1767 1885 2011 1538 286 0 392 278 122 242 178 216 222 172 
1790 1966 1653 1760 1656 1861 1903 2007 1581 1869 1721 2008 1986 1535 1877 1920 1718 1537 2009 1937 1848 1675 1872 1951 1578 2034 1928 1640 1692 212 392 0 58 58 336 212 122 238 122 
1775 1940 1703 1891 1921 1969 1578 1596 1966 1812 1546 1787 1614 1882 1546 1878 1712 1561 1574 1766 1822 1901 1911 1996 13 1760 1635 1874 1940 58 278 58 0 32 400 304 32 32 58 
1944 1538 2001 1754 1716 1867 1888 1964 1580 1663 2022 1781 1582 1793 1529 2029 1736 1647 1714 1571 1886 1712 1914 1939 1759 1903 1861 1584 1936 116 122 58 32 0 336 254 58 178 58 
2010 1850 1666 1817 1748 1556 1644 1980 1773 2036 1716 1585 1692 1558 1703 1546 1883 1836 1784 1590 1684 1611 1828 1873 1964 2006 1837 1835 1939 334 242 336 400 336 0 234 238 166 88 
1868 1789 1833 1734 1873 1980 1766 1859 1997 1640 1852 1537 1887 1793 1714 1571 1601 1935 1846 1939 1871 1842 1573 1536 1712 1560 1833 1845 1633 234 178 212 304 254 234 0 212 112 104 
1879 1894 1592 1660 1786 1985 8 1781 2012 1707 1981 1779 1572 1999 1753 1611 1688 1860 1715 1813 1890 1762 1970 1697 1980 1622 1769 1548 1844 116 216 122 32 58 238 212 0 178 122 
1809 1745 1769 1821 1577 1607 1565 1825 1574 1987 1935 1643 1692 1767 1805 2027 1562 1592 1942 2018 1965 1936 1546 1765 1691 1713 1914 1613 1761 8 222 238 32 178 166 112 178 0 238 
1821 1597 2028 1543 1944 1793 1560 1795 1744 1546 1930 1997 1583 2007 1980 1890 1709 1681 1853 1678 1621 1707 1589 2010 1819 1540 2005 1871 1596 212 172 122 58 58 88 104 122 238 0 

0 107 241 190 124 80 316 76 152 157 283 133 113 297 228 129 348 276 188 150 65 341 184 67 221 169 108 45 167 2032 1761 1709 1890 1903 1707 1980 1916 1563 1630 
107 0 148 137 88 127 336 183 134 95 254 180 101 234 175 176 265 199 182 67 42 278 271 146 251 105 191 139 79 2012 2021 1557 1668 1709 1712 2036 1973 1765 1575 
241 148 0 374 171 259 509 317 217 232 491 312 280 391 412 349 422 356 355 204 182 435 417 292 424 116 337 273 77 2001 1686 2006 1970 1700 1796 1815 1817 1666 1637 
190 137 374 0 202 234 222 192 248 42 117 287 79 107 38 121 152 86 68 70 137 151 239 135 137 242 165 228 205 2012 1788 1685 1990 1922 1582 1699 1765 1963 1901 
124 88 171 202 0 61 392 202 46 160 319 112 163 322 240 232 314 287 238 155 65 366 300 175 307 57 220 121 97 1925 1611 2024 1959 1872 1861 2010 1754 1756 1738 
80 127 259 234 61 0 386 141 72 167 351 55 157 331 272 226 362 296 232 164 85 375 249 147 301 118 188 60 185 1573 2032 1852 1669 1566 1969 2027 1593 1942 1931 
316 336 509 222 392 386 0 233 438 254 202 439 235 254 210 187 313 266 154 282 321 298 168 249 95 437 190 314 435 1918 1866 1656 1922 1885 1995 1815 67 2026 1672 
76 183 317 192 202 141 233 0 213 188 272 193 131 302 233 98 344 289 177 216 141 346 108 57 190 245 43 81 243 1944 1542 1726 1948 1919 1883 1750 1769 1895 1682 
152 134 217 248 46 72 438 213 0 206 365 89 209 368 286 278 360 333 284 201 111 412 321 221 353 72 266 132 111 1701 1751 1602 1815 1849 1963 1694 1901 1713 2029 
157 95 232 42 160 167 254 188 206 0 159 220 57 149 80 132 193 127 100 28 95 193 241 131 169 200 161 189 163 1811 1575 1544 2032 1695 1865 1817 1551 1655 1598 
283 254 491 117 319 351 202 272 365 159 0 404 176 106 79 161 165 141 95 187 254 103 279 215 117 359 216 308 322 1722 1546 1619 1973 1824 1992 1767 1620 1992 1941 
133 180 312 287 112 55 439 193 89 220 404 0 210 384 325 279 415 349 285 217 138 428 310 200 354 169 241 112 238 1986 1646 1854 1844 1839 1649 1949 1789 1621 2009 
113 101 280 79 163 157 235 131 209 57 176 210 0 186 117 75 231 165 81 85 92 230 184 74 150 208 104 158 206 1846 1677 1539 1804 1548 1996 1853 1646 1736 1892 
297 234 391 107 322 331 254 302 368 149 106 384 186 0 69 191 59 35 125 167 255 44 309 245 169 327 246 335 288 1887 1903 1825 1532 1954 1722 1949 1802 1788 1563 
228 175 412 38 240 272 210 233 286 80 79 325 117 69 0 122 122 56 56 108 175 113 240 176 125 280 177 266 243 1922 1891 1713 1985 1995 1644 1823 1820 1849 1804 
129 176 349 121 232 226 187 98 278 132 161 279 75 191 122 0 244 178 66 160 161 235 118 62 92 277 55 155 275 1728 1784 1827 1597 1955 1565 1691 1555 1882 1648 
348 265 422 152 314 362 313 344 360 193 165 415 231 59 122 244 0 66 178 198 286 77 362 287 228 358 299 380 319 1934 1722 1934 1811 2020 1912 1950 1803 1665 1556 
276 199 356 86 287 296 266 289 333 127 141 349 165 35 56 178 66 0 112 132 220 79 296 232 181 292 233 314 253 1814 1574 1646 1785 2029 1772 1716 1565 1619 1946 
188 182 355 68 238 232 154 177 284 100 95 285 81 125 56 66 178 112 0 128 167 169 179 120 69 283 121 213 281 2010 1549 2008 1598 1597 1892 1583 1579 2036 1683 
150 67 204 70 155 164 282 216 201 28 187 217 85 167 108 160 198 132 128 0 88 211 269 159 197 172 189 182 135 2004 1899 1568 1878 2008 1886 1793 1997 1557 2029 
65 42 182 137 65 85 321 141 111 95 254 138 92 255 175 161 286 220 167 88 0 299 229 104 236 110 149 97 108 1568 1696 1739 1771 1997 1801 1943 1922 1669 1706 
341 278 435 151 366 375 298 346 412 193 103 428 230 44 113 235 77 79 169 211 299 0 353 289 213 371 290 379 332 1722 1739 1897 1767 1955 1718 1627 1907 1878 1800 
184 271 417 239 300 249 168 108 321 241 279 310 184 309 240 118 362 296 179 269 229 353 0 121 162 345 80 189 342 2025 1673 1768 1676 1885 1676 1642 1631 1951 1911 
67 146 292 135 175 147 249 57 221 131 215 200 74 245 176 62 287 232 120 159 104 289 121 0 154 220 41 93 218 1752 1632 1812 1912 1842 2030 1646 1654 1616 1713 
221 251 424 137 307 301 95 190 353 169 117 354 150 169 125 92 228 181 69 197 236 213 162 154 0 352 147 247 350 2020 1553 1753 7 1809 1650 1757 1671 1893 1938 
169 105 116 242 57 118 437 245 72 200 359 169 208 327 280 277 358 292 283 172 110 371 345 220 352 0 265 178 39 1964 1926 1807 1966 1714 1874 1995 1767 1773 1614 
108 191 337 165 220 188 190 43 266 161 216 241 104 246 177 55 299 233 121 189 149 290 80 41 147 265 0 124 263 1793 1880 1708 1868 2008 1805 1676 1839 1707 1601 
45 139 273 228 121 60 314 81 132 189 308 112 158 335 266 155 380 314 213 182 97 379 189 93 247 178 124 0 199 1810 1874 1861 1564 1784 1565 1675 1749 1636 1863 
167 79 77 205 97 185 435 243 111 163 322 238 206 288 243 275 319 253 281 135 108 332 342 218 350 39 263 199 0 1778 1976 1858 1997 1721 1548 1875 1967 1987 1632 
2032 2012 2001 2012 1925 1573 1918 1944 1701 1811 1722 1986 1846 1887 1922 1728 1934 1814 2010 2004 1568 1722 2025 1752 2020 1964 1793 1810 1778 0 57 148 94 142 33 83 142 196 148 
1761 2021 1686 1788 1611 2032 1866 1542 1751 1575 1546 1646 1677 1903 1891 1784 1722 1574 1549 1899 1696 1739 1673 1632 1553 1926 1880 1874 1976 57 0 4 61 139 79 111 92 89 114 
1709 1557 2006 1685 2024 1852 1656 1726 1602 1544 1619 1854 1539 1825 1713 1827 1934 1646 2008 1568 1739 1897 1768 1812 1753 1807 1708 1861 1858 148 4 0 94 171 32 94 139 81 139 
1890 1668 1970 1990 1959 1669 1922 1948 1815 2032 1973 1844 1804 1532 1985 1597 1811 1785 1598 1878 1771 1767 1676 1912 7 1966 1868 1564 1997 94 61 94 0 163 0 48 163 163 94 
1903 1709 1700 1922 1872 1566 1885 1919 1849 1695 1824 1839 1548 1954 1995 1955 2020 2029 1597 2008 1997 1955 1885 1842 1809 1714 2008 1784 1721 142 139 171 163 0 32 73 171 73 171 
1707 1712 1796 1582 1861 1969 1995 1883 1963 1865 1992 1649 1996 1722 1644 1565 1912 1772 1892 1886 1801 1718 1676 2030 1650 1874 1805 1565 1548 33 79 32 0 32 0 83 81 117 156 
1980 2036 1815 1699 2010 2027 1815 1750 1694 1817 1767 1949 1853 1949 1823 1691 1950 1716 1583 1793 1943 1627 1642 1646 1757 1995 1676 1675 1875 83 111 94 48 73 83 0 94 144 148 
1916 1973 1817 1765 1754 1593 67 1769 1901 1551 1620 1789 1646 1802 1820 1555 1803 1565 1579 1997 1922 1907 1631 1654 1671 1767 1839 1749 1967 142 92 139 163 171 81 94 0 73 139 
1563 1765 1666 1963 1756 1942 2026 1895 1713 1655 1992 1621 1736 1788 1849 1882 1665 1619 2036 1557 1669 1878 1951 1616 1893 1773 1707 1636 1987 196 89 81 163 73 117 144 73 0 81 
1630 1575 1637 1901 1738 1931 1672 1682 2029 1598 1941 2009 1892 1563 1804 1648 1556 1946 1683 2029 1706 1800 1911 1713 1938 1614 1601 1863 1632 148 114 139 94 171 156 148 139 81 0 
