1 28 6 12 9 5 26 29 3 2 20 10 4 15 18 17 14 22 11 19 25 7 38 33 39 32 31 37 30 36 35 34 23 27 8 24 16 13 21 
1 28 6 12 9 5 26 29 3 2 20 10 4 15 18 17 14 22 11 19 25 7 38 36 30 37 31 32 39 33 35 34 23 27 8 24 16 13 21 
1 28 6 12 9 5 26 29 3 2 20 10 4 15 18 17 14 22 11 19 25 7 38 33 30 37 31 32 39 36 35 34 23 27 8 24 16 13 21 
1 28 6 12 9 5 26 29 3 2 20 10 4 15 18 17 14 22 11 19 25 7 38 36 39 32 31 37 30 33 35 34 23 27 8 24 16 13 21 
1 28 6 12 9 5 26 29 3 2 20 10 4 15 18 17 14 22 11 19 25 7 38 35 36 30 33 39 32 31 37 34 23 27 8 24 16 13 21 
1 28 6 12 9 5 26 29 3 2 20 10 4 15 18 17 14 22 11 19 25 7 38 33 36 30 37 31 32 39 35 34 23 27 8 24 16 13 21 
1 28 6 12 9 5 26 29 3 2 20 10 4 15 18 17 14 22 11 19 25 7 38 36 33 30 37 31 32 39 35 34 23 27 8 24 16 13 21 
1 28 6 12 9 5 26 29 3 2 20 10 4 15 18 17 14 22 11 19 25 7 38 36 30 33 39 32 37 31 35 34 23 27 8 24 16 13 21 
1 28 6 12 9 5 26 29 3 2 20 10 4 15 18 17 14 22 11 19 25 7 38 33 30 36 39 32 37 31 35 34 23 27 8 24 16 13 21 
1 28 6 12 9 5 26 29 3 2 20 10 4 15 18 17 14 22 11 19 25 7 38 36 30 33 39 32 31 37 35 34 23 27 8 24 16 13 21 
1 28 6 12 9 5 26 29 3 2 20 10 4 15 18 17 14 22 11 19 25 7 38 33 30 36 37 31 32 39 35 34 23 27 8 24 16 13 21 
1 28 6 12 9 5 26 29 3 2 20 10 4 15 18 17 14 22 11 19 25 7 38 36 30 33 37 31 32 39 35 34 23 27 8 24 16 13 21 
1 28 6 12 9 5 26 29 3 2 20 10 4 15 18 17 14 22 11 19 25 7 38 33 30 36 31 37 32 39 35 34 23 27 8 24 16 13 21 
1 28 6 12 9 5 26 29 3 2 20 10 4 15 18 17 14 22 11 19 25 7 38 36 30 33 31 37 32 39 35 34 23 27 8 24 16 13 21 
1 28 6 12 9 5 26 29 3 2 20 10 4 15 18 17 14 22 11 19 25 7 38 35 31 37 36 30 33 39 32 34 23 27 8 24 16 13 21 
1 28 6 12 9 5 26 29 3 2 20 10 4 15 18 17 14 22 11 19 25 7 38 33 39 32 37 30 36 31 35 34 23 27 8 24 16 13 21 
1 28 6 12 9 5 26 29 3 2 20 10 4 15 18 17 14 22 11 19 25 7 38 36 30 37 32 39 33 31 35 34 23 27 8 24 16 13 21 
1 28 6 12 9 5 26 29 3 2 20 10 4 15 18 17 14 22 11 19 25 7 38 35 39 33 30 36 37 31 32 34 23 27 8 24 16 13 21 
1 28 6 12 9 5 26 29 3 2 20 10 4 15 18 17 14 22 11 19 25 7 38 36 30 33 39 37 32 31 35 34 23 27 8 24 16 13 21 
1 28 6 12 9 5 26 29 3 2 20 10 4 15 18 17 14 22 11 19 25 7 38 35 39 33 30 36 31 37 32 34 23 27 8 24 16 13 21 
1 28 6 12 9 5 26 29 3 2 20 10 4 15 18 17 14 22 11 19 25 7 38 36 30 33 39 35 31 37 32 34 23 27 8 24 16 13 21 
1 28 6 12 9 5 26 29 3 2 20 10 4 15 18 17 14 22 11 19 25 7 38 36 30 33 39 31 37 32 35 34 23 27 8 24 16 13 21 
1 28 6 12 9 5 26 29 3 2 20 10 4 15 18 17 14 22 11 19 25 7 38 33 39 32 36 30 37 31 35 34 23 27 8 24 16 13 21 
1 28 6 12 9 5 26 29 3 2 20 10 4 15 18 17 14 22 11 19 25 7 38 36 30 37 31 33 39 32 35 34 23 27 8 24 16 13 21 
1 28 6 12 9 5 26 29 3 2 20 10 4 15 18 17 14 22 11 19 25 7 38 36 31 37 30 33 39 32 35 34 23 27 8 24 16 13 21 
1 28 6 12 9 5 26 29 3 2 20 10 4 15 18 17 14 22 11 19 25 7 38 36 32 39 33 30 37 31 35 34 23 27 8 24 16 13 21 
1 28 6 12 9 5 26 29 3 2 20 10 4 15 18 17 14 22 11 19 25 7 38 35 31 37 33 30 36 39 32 34 23 27 8 24 16 13 21 
1 28 6 12 9 5 26 29 3 2 20 10 4 15 18 17 14 22 11 19 25 7 38 33 30 37 32 39 36 31 35 34 23 27 8 24 16 13 21 
1 28 6 12 9 5 26 29 3 2 20 10 4 15 18 17 14 22 11 19 25 7 38 36 39 32 37 30 33 31 35 34 23 27 8 24 16 13 21 
1 28 6 12 9 5 26 29 3 2 20 10 4 15 18 17 14 22 11 19 25 7 38 35 37 31 36 30 33 39 32 34 23 27 8 24 16 13 21 
1 28 6 12 9 5 26 29 3 2 20 10 4 15 18 17 14 22 11 19 25 7 38 36 32 31 37 30 33 39 35 34 23 27 8 24 16 13 21 
1 28 6 12 9 5 26 29 3 2 20 10 4 15 18 17 14 22 11 19 25 7 38 33 30 36 39 37 32 31 35 34 23 27 8 24 16 13 21 
1 28 6 12 9 5 26 29 3 2 20 10 4 15 18 17 14 22 11 19 25 7 38 35 39 36 30 33 37 31 32 34 23 27 8 24 16 13 21 
1 28 6 12 9 5 26 29 3 2 20 10 4 15 18 17 14 22 11 19 25 7 38 33 30 36 39 35 31 37 32 34 23 27 8 24 16 13 21 
1 28 6 12 9 5 26 29 3 2 20 10 4 15 18 17 14 22 11 19 25 7 38 35 39 36 30 33 31 37 32 34 23 27 8 24 16 13 21 
1 28 6 12 9 5 26 29 3 2 20 10 4 15 18 17 14 22 11 19 25 7 38 35 31 37 32 39 33 30 36 34 23 27 8 24 16 13 21 
1 28 6 12 9 5 26 29 3 2 20 10 4 15 18 17 14 22 11 19 25 7 38 33 32 39 36 30 37 31 35 34 23 27 8 24 16 13 21 
1 28 6 12 9 5 26 29 3 2 20 10 4 15 18 17 14 22 11 19 25 7 38 36 39 32 33 30 37 31 35 34 23 27 8 24 16 13 21 
1 28 6 12 9 5 26 29 3 2 20 10 4 15 18 17 14 22 11 19 25 7 38 35 32 39 33 30 36 31 37 34 23 27 8 24 16 13 21 
1 28 6 12 9 5 26 29 3 2 20 10 4 15 18 17 14 22 11 19 25 7 38 36 30 33 39 32 35 31 37 34 23 27 8 24 16 13 21 
1 28 6 12 9 5 26 29 3 2 20 10 4 15 18 17 14 22 11 19 25 7 38 33 30 36 31 37 39 32 35 34 23 27 8 24 16 13 21 
1 28 6 12 9 5 26 29 3 2 20 10 4 15 18 17 14 22 11 19 25 7 38 33 30 36 32 39 37 31 35 34 23 27 8 24 16 13 21 
1 28 6 12 9 5 26 29 3 2 20 10 4 15 18 17 14 22 11 19 25 7 38 35 31 36 30 33 39 37 32 34 23 27 8 24 16 13 21 
1 28 6 12 9 5 26 29 3 2 20 10 4 15 18 17 14 22 11 19 25 7 38 36 30 33 31 37 39 32 35 34 23 27 8 24 16 13 21 
1 28 6 12 9 5 26 29 3 2 20 10 4 15 18 17 14 22 11 19 25 7 38 35 31 37 32 39 36 30 33 34 23 27 8 24 16 13 21 
1 28 6 12 9 5 26 29 3 2 20 10 4 15 18 17 14 22 11 19 25 7 38 35 37 31 32 39 33 30 36 34 23 27 8 24 16 13 21 
1 28 6 12 9 5 26 29 3 2 20 10 4 15 18 17 14 22 11 19 25 7 38 35 31 37 30 36 39 33 32 34 23 27 8 24 16 13 21 
1 28 6 12 9 5 26 29 3 2 20 10 4 15 18 17 14 22 11 19 25 7 38 35 37 30 36 31 33 39 32 34 23 27 8 24 16 13 21 
1 28 6 12 9 5 26 29 3 2 20 10 4 15 18 17 14 22 11 19 25 7 38 36 30 37 35 31 33 39 32 34 23 27 8 24 16 13 21 
1 28 6 12 9 5 26 29 3 2 20 10 4 15 18 17 14 22 11 19 25 7 38 36 31 35 37 30 33 39 32 34 23 27 8 24 16 13 21 
1 28 6 12 9 5 26 29 3 2 20 10 4 15 18 17 14 22 11 19 25 7 38 35 39 32 31 37 33 30 36 34 23 27 8 24 16 13 21 
1 28 6 12 9 5 26 29 3 2 20 10 4 15 18 17 14 22 11 19 25 7 38 35 39 32 31 37 36 30 33 34 23 27 8 24 16 13 21 
1 28 6 12 9 5 26 29 3 2 20 10 4 15 18 17 14 22 11 19 25 7 38 35 39 32 37 31 33 30 36 34 23 27 8 24 16 13 21 
1 28 6 12 9 5 26 29 3 2 20 10 4 15 18 17 14 22 11 19 25 7 38 35 39 32 37 31 36 30 33 34 23 27 8 24 16 13 21 
1 28 6 12 9 5 26 29 3 2 20 10 4 15 18 17 14 22 11 19 25 7 38 35 31 32 39 33 30 37 36 34 23 27 8 24 16 13 21 
1 28 6 12 9 5 26 29 3 2 20 10 4 15 18 17 14 22 11 19 25 7 38 35 31 32 39 33 37 30 36 34 23 27 8 24 16 13 21 
1 28 6 12 9 5 26 29 3 2 20 10 4 15 18 17 14 22 11 19 25 7 38 35 31 33 39 32 37 30 36 34 23 27 8 24 16 13 21 
1 28 6 12 9 5 26 29 3 2 20 10 4 15 18 17 14 22 11 19 25 7 38 35 31 36 30 37 32 39 33 34 23 27 8 24 16 13 21 
1 28 6 12 9 5 26 29 3 2 20 10 4 15 18 17 14 22 11 19 25 7 38 35 31 32 37 39 33 30 36 34 23 27 8 24 16 13 21 
1 28 6 12 9 5 26 29 3 2 20 10 4 15 18 17 14 22 11 19 25 7 38 33 39 35 31 32 37 30 36 34 23 27 8 24 16 13 21 
1 28 6 12 9 5 26 29 3 2 20 10 4 15 18 17 14 22 11 19 25 7 38 35 39 33 30 37 32 31 36 34 23 27 8 24 16 13 21 
1 28 6 12 9 5 26 29 3 2 20 10 4 15 18 17 14 22 11 19 25 7 38 35 39 33 31 32 37 30 36 34 23 27 8 24 16 13 21 
1 28 6 12 9 5 26 29 3 2 20 10 4 15 18 17 14 22 11 19 25 7 38 36 30 37 32 31 35 39 33 34 23 27 8 24 16 13 21 
1 28 6 12 9 5 26 29 3 2 20 10 4 15 18 17 14 22 11 19 25 7 38 35 32 31 37 30 33 39 36 34 23 27 8 24 16 13 21 
1 28 6 12 9 5 26 29 3 2 20 10 4 15 18 17 14 22 11 19 25 7 38 35 32 31 37 30 36 39 33 34 23 27 8 24 16 13 21 
1 28 6 12 9 5 26 29 3 2 20 10 4 15 18 17 14 22 11 19 25 7 38 35 32 37 31 39 33 30 36 34 23 27 8 24 16 13 21 
1 28 6 12 9 5 26 29 3 2 20 10 4 15 18 17 14 22 11 19 25 7 38 33 39 32 35 31 37 30 36 34 23 27 8 24 16 13 21 
1 28 6 12 9 5 26 29 3 2 20 10 4 15 18 17 14 22 11 19 25 7 38 35 31 37 30 33 39 32 36 34 23 27 8 24 16 13 21 
1 28 6 12 9 5 26 29 3 2 20 10 4 15 18 17 14 22 11 19 25 7 38 35 31 37 30 36 32 39 33 34 23 27 8 24 16 13 21 
1 28 6 12 9 5 26 29 3 2 20 10 4 15 18 17 14 22 11 19 25 7 38 35 32 39 33 30 37 31 36 34 23 27 8 24 16 13 21 
1 28 6 12 9 5 26 29 3 2 20 10 4 15 18 17 14 22 11 19 25 7 38 35 32 39 33 31 37 30 36 34 23 27 8 24 16 13 21 
1 28 6 12 9 5 26 29 3 2 20 10 4 15 18 17 14 22 11 19 25 7 38 36 30 37 31 35 32 39 33 34 23 27 8 24 16 13 21 
1 28 6 12 9 5 26 29 3 2 20 10 4 15 18 17 14 22 11 19 25 7 38 35 31 33 30 37 32 39 36 34 23 27 8 24 16 13 21 
1 28 6 12 9 5 26 29 3 2 20 10 4 15 18 17 14 22 11 19 25 7 38 35 31 36 39 32 37 30 33 34 23 27 8 24 16 13 21 
1 28 6 12 9 5 26 29 3 2 20 10 4 15 18 17 14 22 11 19 25 7 38 33 39 32 31 35 37 30 36 34 23 27 8 24 16 13 21 
1 28 6 12 9 5 26 29 3 2 20 10 4 15 18 17 14 22 11 19 25 7 38 35 37 30 33 39 32 31 36 34 23 27 8 24 16 13 21 
1 28 6 12 9 5 26 29 3 2 20 10 4 15 18 17 14 22 11 19 25 7 38 35 37 30 36 31 32 39 33 34 23 27 8 24 16 13 21 
1 28 6 12 9 5 26 29 3 2 20 10 4 15 18 17 14 22 11 19 25 7 38 36 30 37 35 31 32 39 33 34 23 27 8 24 16 13 21 
1 28 6 12 9 5 26 29 3 2 20 10 4 15 18 17 14 22 11 19 25 7 38 35 32 31 37 39 33 30 36 34 23 27 8 24 16 13 21 
1 28 6 12 9 5 26 29 3 2 20 10 4 15 18 17 14 22 11 19 25 7 38 33 39 35 32 31 37 30 36 34 23 27 8 24 16 13 21 
1 28 6 12 9 5 26 29 3 2 20 10 4 15 18 17 14 22 11 19 25 7 38 35 39 33 30 37 31 32 36 34 23 27 8 24 16 13 21 
1 28 6 12 9 5 26 29 3 2 20 10 4 15 18 17 14 22 11 19 25 7 38 36 30 37 31 32 35 39 33 34 23 27 8 24 16 13 21 
1 28 6 12 9 5 26 29 3 2 20 10 4 15 18 17 14 22 11 19 25 7 38 35 31 32 37 39 36 30 33 34 23 27 8 24 16 13 21 
1 28 6 12 9 5 26 29 3 2 20 10 4 15 18 17 14 22 11 19 25 7 38 33 30 37 32 31 35 39 36 34 23 27 8 24 16 13 21 
1 28 6 12 9 5 26 29 3 2 20 10 4 15 18 17 14 22 11 19 25 7 38 35 39 36 30 37 32 31 33 34 23 27 8 24 16 13 21 
1 28 6 12 9 5 26 29 3 2 20 10 4 15 18 17 14 22 11 19 25 7 38 35 39 36 31 32 37 30 33 34 23 27 8 24 16 13 21 
1 28 6 12 9 5 26 29 3 2 20 10 4 15 18 17 14 22 11 19 25 7 38 36 39 35 31 32 37 30 33 34 23 27 8 24 16 13 21 
1 28 6 12 9 5 26 29 3 2 20 10 4 15 18 17 14 22 11 19 25 7 38 35 31 32 39 37 33 30 36 34 23 27 8 24 16 13 21 
1 28 6 12 9 5 26 29 3 2 20 10 4 15 18 17 14 22 11 19 25 7 38 35 31 32 39 37 36 30 33 34 23 27 8 24 16 13 21 
1 28 6 12 9 5 26 29 3 2 20 10 4 15 18 17 14 22 11 19 25 7 38 35 32 37 31 39 36 30 33 34 23 27 8 24 16 13 21 
1 28 6 12 9 5 26 29 3 2 20 10 4 15 18 17 14 22 11 19 25 7 38 35 39 32 31 33 30 37 36 34 23 27 8 24 16 13 21 
1 28 6 12 9 5 26 29 3 2 20 10 4 15 18 17 14 22 11 19 25 7 38 35 39 32 31 33 37 30 36 34 23 27 8 24 16 13 21 
1 28 6 12 9 5 26 29 3 2 20 10 4 15 18 17 14 22 11 19 25 7 38 35 39 32 31 36 30 37 33 34 23 27 8 24 16 13 21 
1 28 6 12 9 5 26 29 3 2 20 10 4 15 18 17 14 22 11 19 25 7 38 35 39 32 31 36 37 30 33 34 23 27 8 24 16 13 21 
1 28 6 12 9 5 26 29 3 2 20 10 4 15 18 17 14 22 11 19 25 7 38 33 30 37 32 39 35 31 36 34 23 27 8 24 16 13 21 
1 28 6 12 9 5 26 29 3 2 20 10 4 15 18 17 14 22 11 19 25 7 38 33 31 35 39 32 37 30 36 34 23 27 8 24 16 13 21 
1 28 6 12 9 5 26 29 3 2 20 10 4 15 18 17 14 22 11 19 25 7 38 35 39 32 37 30 33 31 36 34 23 27 8 24 16 13 21 
1 28 6 12 9 5 26 29 3 2 20 10 4 15 18 17 14 22 11 19 25 7 38 35 39 32 37 30 36 31 33 34 23 27 8 24 16 13 21 
1 28 6 12 9 5 26 29 3 2 20 10 4 15 18 17 14 22 11 19 25 7 38 36 30 37 32 39 35 31 33 34 23 27 8 24 16 13 21 
1 28 6 12 9 5 26 29 3 2 20 10 4 15 18 17 14 22 11 19 25 7 38 36 31 35 39 32 37 30 33 34 23 27 8 24 16 13 21 
1 28 6 12 9 5 26 29 3 2 20 10 4 15 18 17 14 22 11 19 25 7 38 33 30 37 31 35 32 39 36 34 23 27 8 24 16 13 21 
1 28 6 12 9 5 26 29 3 2 20 10 4 15 18 17 14 22 11 19 25 7 38 35 32 39 36 30 37 31 33 34 23 27 8 24 16 13 21 
1 28 6 12 9 5 26 29 3 2 20 10 4 15 18 17 14 22 11 19 25 7 38 35 32 39 36 31 37 30 33 34 23 27 8 24 16 13 21 
1 28 6 12 9 5 26 29 3 2 20 10 4 15 18 17 14 22 11 19 25 7 38 36 39 32 35 31 37 30 33 34 23 27 8 24 16 13 21 
1 28 6 12 9 5 26 29 3 2 20 10 4 15 18 17 14 22 11 19 25 7 38 33 30 37 35 31 32 39 36 34 23 27 8 24 16 13 21 
1 28 6 12 9 5 26 29 3 2 20 10 4 15 18 17 14 22 11 19 25 7 38 35 37 30 33 31 32 39 36 34 23 27 8 24 16 13 21 
1 28 6 12 9 5 26 29 3 2 20 10 4 15 18 17 14 22 11 19 25 7 38 35 37 30 36 39 32 31 33 34 23 27 8 24 16 13 21 
1 28 6 12 9 5 26 29 3 2 20 10 4 15 18 17 14 22 11 19 25 7 38 36 39 32 31 35 37 30 33 34 23 27 8 24 16 13 21 
1 28 6 12 9 5 26 29 3 2 20 10 4 15 18 17 14 22 11 19 25 7 38 35 39 37 32 31 33 30 36 34 23 27 8 24 16 13 21 
1 28 6 12 9 5 26 29 3 2 20 10 4 15 18 17 14 22 11 19 25 7 38 35 39 37 32 31 36 30 33 34 23 27 8 24 16 13 21 
1 28 6 12 9 5 26 29 3 2 20 10 4 15 18 17 14 22 11 19 25 7 38 35 32 31 37 39 36 30 33 34 23 27 8 24 16 13 21 
1 28 6 12 9 5 26 29 3 2 20 10 4 15 18 17 14 22 11 19 25 7 38 35 37 32 39 31 33 30 36 34 23 27 8 24 16 13 21 
1 28 6 12 9 5 26 29 3 2 20 10 4 15 18 17 14 22 11 19 25 7 38 35 37 32 39 31 36 30 33 34 23 27 8 24 16 13 21 
1 28 6 12 9 5 26 29 3 2 20 10 4 15 18 17 14 22 11 19 25 7 38 33 30 37 31 32 35 39 36 34 23 27 8 24 16 13 21 
1 28 6 12 9 5 26 29 3 2 20 10 4 15 18 17 14 22 11 19 25 7 38 35 39 36 32 31 37 30 33 34 23 27 8 24 16 13 21 
1 28 6 12 9 5 26 29 3 2 20 10 4 15 18 17 14 22 11 19 25 7 38 36 39 35 32 31 37 30 33 34 23 27 8 24 16 13 21 
1 28 6 12 9 5 26 29 3 2 20 10 4 15 18 17 14 22 11 19 25 7 38 35 31 37 30 33 32 39 36 34 23 27 8 24 16 13 21 
1 28 6 12 9 5 26 29 3 2 20 10 4 15 18 17 14 22 11 19 25 7 38 35 31 37 30 36 39 32 33 34 23 27 8 24 16 13 21 
1 28 6 12 9 5 26 29 3 2 20 10 4 15 18 17 14 22 11 19 25 7 38 35 31 37 39 32 36 30 33 34 23 27 8 24 16 13 21 
1 28 6 12 9 5 26 29 3 2 20 10 4 15 18 17 14 22 11 19 25 7 38 35 32 39 37 31 33 30 36 34 23 27 8 24 16 13 21 
1 28 6 12 9 5 26 29 3 2 20 10 4 15 18 17 14 22 11 19 25 7 38 35 32 39 37 31 36 30 33 34 23 27 8 24 16 13 21 
1 28 6 12 9 5 26 29 3 2 20 10 4 15 18 17 14 22 11 19 25 7 38 33 30 37 31 35 39 32 36 34 23 27 8 24 16 13 21 
1 28 6 12 9 5 26 29 3 2 20 10 4 15 18 17 14 22 11 19 25 7 38 35 39 32 36 30 37 31 33 34 23 27 8 24 16 13 21 
1 28 6 12 9 5 26 29 3 2 20 10 4 15 18 17 14 22 11 19 25 7 38 35 39 32 36 31 37 30 33 34 23 27 8 24 16 13 21 
1 28 6 12 9 5 26 29 3 2 20 10 4 15 18 17 14 22 11 19 25 7 38 36 32 39 35 31 37 30 33 34 23 27 8 24 16 13 21 
1 28 6 12 9 5 26 29 3 2 20 10 4 15 18 17 14 22 11 19 25 7 38 33 39 31 35 32 37 30 36 34 23 27 8 24 16 13 21 
1 28 6 12 9 5 26 29 3 2 20 10 4 15 18 17 14 22 11 19 25 7 38 35 31 39 33 30 37 32 36 34 23 27 8 24 16 13 21 
1 28 6 12 9 5 26 29 3 2 20 10 4 15 18 17 14 22 11 19 25 7 38 35 32 37 30 33 39 31 36 34 23 27 8 24 16 13 21 
1 28 6 12 9 5 26 29 3 2 20 10 4 15 18 17 14 22 11 19 25 7 38 35 32 37 30 36 31 39 33 34 23 27 8 24 16 13 21 
1 28 6 12 9 5 26 29 3 2 20 10 4 15 18 17 14 22 11 19 25 7 38 36 30 37 32 35 31 39 33 34 23 27 8 24 16 13 21 
1 28 6 12 9 5 26 29 3 2 20 10 4 15 18 17 14 22 11 19 25 7 38 35 37 39 32 31 33 30 36 34 23 27 8 24 16 13 21 
1 28 6 12 9 5 26 29 3 2 20 10 4 15 18 17 14 22 11 19 25 7 38 35 37 39 32 31 36 30 33 34 23 27 8 24 16 13 21 
1 28 6 12 9 5 26 29 3 2 20 10 4 15 18 17 14 22 11 19 25 7 38 33 30 37 35 39 32 31 36 34 23 27 8 24 16 13 21 
1 28 6 12 9 5 26 29 3 2 20 10 4 15 18 17 14 22 11 19 25 7 38 33 31 32 39 35 37 30 36 34 23 27 8 24 16 13 21 
1 28 6 12 9 5 26 29 3 2 20 10 4 15 18 17 14 22 11 19 25 7 38 35 39 36 30 37 31 32 33 34 23 27 8 24 16 13 21 
1 28 6 12 9 5 26 29 3 2 20 10 4 15 18 17 14 22 11 19 25 7 38 36 30 37 35 39 32 31 33 34 23 27 8 24 16 13 21 
1 28 6 12 9 5 26 29 3 2 20 10 4 15 18 17 14 22 11 19 25 7 38 36 31 32 39 35 37 30 33 34 23 27 8 24 16 13 21 
1 28 6 12 9 5 26 29 3 2 20 10 4 15 18 17 14 22 11 19 25 7 38 35 39 31 37 32 33 30 36 34 23 27 8 24 16 13 21 
1 28 6 12 9 5 26 29 3 2 20 10 4 15 18 17 14 22 11 19 25 7 38 35 39 37 31 32 36 30 33 34 23 27 8 24 16 13 21 
1 28 6 12 9 5 26 29 3 2 20 10 4 15 18 17 14 22 11 19 25 7 38 35 37 31 39 32 36 30 33 34 23 27 8 24 16 13 21 
1 28 6 12 9 5 26 29 3 2 20 10 4 15 18 17 14 22 11 19 25 7 38 35 31 37 39 32 33 30 36 34 23 27 8 24 16 13 21 
1 28 6 12 9 5 26 29 3 2 20 10 4 15 18 17 14 22 11 19 25 7 38 33 32 39 35 31 37 30 36 34 23 27 8 24 16 13 21 
1 28 6 12 9 5 26 29 3 2 20 10 4 15 18 17 14 22 11 19 25 7 38 35 39 32 33 30 37 31 36 34 23 27 8 24 16 13 21 
1 28 6 12 9 5 26 29 3 2 20 10 4 15 18 17 14 22 11 19 25 7 38 35 39 32 33 31 37 30 36 34 23 27 8 24 16 13 21 
1 28 6 12 9 5 26 29 3 2 20 10 4 15 18 17 14 22 11 19 25 7 38 36 30 37 31 35 39 32 33 34 23 27 8 24 16 13 21 
1 28 6 12 9 5 26 29 3 2 20 10 4 15 18 17 14 22 11 19 25 7 38 35 31 32 36 30 37 39 33 34 23 27 8 24 16 13 21 
1 28 6 12 9 5 26 29 3 2 20 10 4 15 18 17 14 22 11 19 25 7 38 35 31 39 33 32 37 30 36 34 23 27 8 24 16 13 21 
1 28 6 12 9 5 26 29 3 2 20 10 4 15 18 17 14 22 11 19 25 7 38 35 32 31 33 39 37 30 36 34 23 27 8 24 16 13 21 
1 28 6 12 9 5 26 29 3 2 20 10 4 15 18 17 14 22 11 19 25 7 38 35 32 31 36 30 37 39 33 34 23 27 8 24 16 13 21 
1 28 6 12 9 5 26 29 3 2 20 10 4 15 18 17 14 22 11 19 25 7 38 35 39 37 31 32 33 30 36 34 23 27 8 24 16 13 21 
1 28 6 12 9 5 26 29 3 2 20 10 4 15 18 17 14 22 11 19 25 7 38 35 32 36 30 37 31 39 33 34 23 27 8 24 16 13 21 
1 28 6 12 9 5 26 29 3 2 20 10 4 15 18 17 14 22 11 19 25 7 38 35 37 31 39 32 33 30 36 34 23 27 8 24 16 13 21 
1 28 6 12 9 5 26 29 3 2 20 10 4 15 18 17 14 22 11 19 25 7 38 33 30 37 32 35 31 39 36 34 23 27 8 24 16 13 21 
1 28 6 12 9 5 26 29 3 2 20 10 4 15 18 17 14 22 11 19 25 7 38 35 31 39 36 32 37 30 33 34 23 27 8 24 16 13 21 
1 28 6 12 9 5 26 29 3 2 20 10 4 15 18 17 14 22 11 19 25 7 38 35 32 37 30 33 31 39 36 34 23 27 8 24 16 13 21 
1 28 6 12 9 5 26 29 3 2 20 10 4 15 18 17 14 22 11 19 25 7 38 35 32 37 30 36 39 31 33 34 23 27 8 24 16 13 21 
1 28 6 12 9 5 26 29 3 2 20 10 4 15 18 17 14 22 11 19 25 7 38 36 39 31 35 32 37 30 33 34 23 27 8 24 16 13 21 
1 28 6 12 9 5 26 29 3 2 20 10 4 15 18 17 14 22 11 19 25 7 38 33 39 31 32 35 37 30 36 34 23 27 8 24 16 13 21 
1 28 6 12 9 5 26 29 3 2 20 10 4 15 18 17 14 22 11 19 25 7 38 35 37 30 33 39 31 32 36 34 23 27 8 24 16 13 21 
1 28 6 12 9 5 26 29 3 2 20 10 4 15 18 17 14 22 11 19 25 7 38 35 37 30 36 32 31 39 33 34 23 27 8 24 16 13 21 
1 28 6 12 9 5 26 29 3 2 20 10 4 15 18 17 14 22 11 19 25 7 38 36 30 37 35 32 31 39 33 34 23 27 8 24 16 13 21 
1 28 6 12 9 5 26 29 3 2 20 10 4 15 18 17 14 22 11 19 25 7 38 35 31 32 33 39 37 30 36 34 23 27 8 24 16 13 21 
1 28 6 12 9 5 26 29 3 2 20 10 4 15 18 17 14 22 11 19 25 7 38 35 31 39 32 36 30 37 33 34 23 27 8 24 16 13 21 
1 28 6 12 9 5 26 29 3 2 20 10 4 15 18 17 14 22 11 19 25 7 38 35 31 39 32 36 37 30 33 34 23 27 8 24 16 13 21 
1 28 6 12 9 5 26 29 3 2 20 10 4 15 18 17 14 22 11 19 25 7 38 35 32 39 31 33 30 37 36 34 23 27 8 24 16 13 21 
1 28 6 12 9 5 26 29 3 2 20 10 4 15 18 17 14 22 11 19 25 7 38 35 32 39 31 33 37 30 36 34 23 27 8 24 16 13 21 
1 28 6 12 9 5 26 29 3 2 20 10 4 15 18 17 14 22 11 19 25 7 38 35 32 39 31 36 30 37 33 34 23 27 8 24 16 13 21 
1 28 6 12 9 5 26 29 3 2 20 10 4 15 18 17 14 22 11 19 25 7 38 35 32 39 31 36 37 30 33 34 23 27 8 24 16 13 21 
1 28 6 12 9 5 26 29 3 2 20 10 4 15 18 17 14 22 11 19 25 7 38 35 32 33 39 31 37 30 36 34 23 27 8 24 16 13 21 
1 28 6 12 9 5 26 29 3 2 20 10 4 15 18 17 14 22 11 19 25 7 38 35 31 32 36 39 37 30 33 34 23 27 8 24 16 13 21 
1 28 6 12 9 5 26 29 3 2 20 10 4 15 18 17 14 22 11 19 25 7 38 35 31 39 36 30 37 32 33 34 23 27 8 24 16 13 21 
1 28 6 12 9 5 26 29 3 2 20 10 4 15 18 17 14 22 11 19 25 7 38 35 32 31 33 30 37 39 36 34 23 27 8 24 16 13 21 
1 28 6 12 9 5 26 29 3 2 20 10 4 15 18 17 14 22 11 19 25 7 38 35 32 31 36 39 37 30 33 34 23 27 8 24 16 13 21 
1 28 6 12 9 5 26 29 3 2 20 10 4 15 18 17 14 22 11 19 25 7 38 35 31 39 37 32 36 30 33 34 23 27 8 24 16 13 21 
1 28 6 12 9 5 26 29 3 2 20 10 4 15 18 17 14 22 11 19 25 7 38 35 32 37 39 31 33 30 36 34 23 27 8 24 16 13 21 
1 28 6 12 9 5 26 29 3 2 20 10 4 15 18 17 14 22 11 19 25 7 38 35 32 37 39 31 36 30 33 34 23 27 8 24 16 13 21 
1 28 6 12 9 5 26 29 3 2 20 10 4 15 18 17 14 22 11 19 25 7 38 33 30 37 32 35 39 31 36 34 23 27 8 24 16 13 21 
1 28 6 12 9 5 26 29 3 2 20 10 4 15 18 17 14 22 11 19 25 7 38 33 31 39 35 32 37 30 36 34 23 27 8 24 16 13 21 
1 28 6 12 9 5 26 29 3 2 20 10 4 15 18 17 14 22 11 19 25 7 38 35 39 31 33 30 37 32 36 34 23 27 8 24 16 13 21 
1 28 6 12 9 5 26 29 3 2 20 10 4 15 18 17 14 22 11 19 25 7 38 35 39 31 36 32 37 30 33 34 23 27 8 24 16 13 21 
1 28 6 12 9 5 26 29 3 2 20 10 4 15 18 17 14 22 11 19 25 7 38 36 30 37 32 35 39 31 33 34 23 27 8 24 16 13 21 
1 28 6 12 9 5 26 29 3 2 20 10 4 15 18 17 14 22 11 19 25 7 38 36 31 39 35 32 37 30 33 34 23 27 8 24 16 13 21 
1 28 6 12 9 5 26 29 3 2 20 10 4 15 18 17 14 22 11 19 25 7 38 35 31 39 32 33 30 37 36 34 23 27 8 24 16 13 21 
1 28 6 12 9 5 26 29 3 2 20 10 4 15 18 17 14 22 11 19 25 7 38 35 31 39 32 33 37 30 36 34 23 27 8 24 16 13 21 
1 28 6 12 9 5 26 29 3 2 20 10 4 15 18 17 14 22 11 19 25 7 38 35 32 36 39 31 37 30 33 34 23 27 8 24 16 13 21 
1 28 6 12 9 5 26 29 3 2 20 10 4 15 18 17 14 22 11 19 25 7 38 33 30 37 39 32 35 31 36 34 23 27 8 24 16 13 21 
1 28 6 12 9 5 26 29 3 2 20 10 4 15 18 17 14 22 11 19 25 7 38 33 31 35 32 39 37 30 36 34 23 27 8 24 16 13 21 
1 28 6 12 9 5 26 29 3 2 20 10 4 15 18 17 14 22 11 19 25 7 38 35 31 33 30 37 39 32 36 34 23 27 8 24 16 13 21 
1 28 6 12 9 5 26 29 3 2 20 10 4 15 18 17 14 22 11 19 25 7 38 35 31 36 32 39 37 30 33 34 23 27 8 24 16 13 21 
1 28 6 12 9 5 26 29 3 2 20 10 4 15 18 17 14 22 11 19 25 7 38 35 32 39 37 30 33 31 36 34 23 27 8 24 16 13 21 
1 28 6 12 9 5 26 29 3 2 20 10 4 15 18 17 14 22 11 19 25 7 38 35 32 39 37 30 36 31 33 34 23 27 8 24 16 13 21 
1 28 6 12 9 5 26 29 3 2 20 10 4 15 18 17 14 22 11 19 25 7 38 36 30 37 39 32 35 31 33 34 23 27 8 24 16 13 21 
1 28 6 12 9 5 26 29 3 2 20 10 4 15 18 17 14 22 11 19 25 7 38 36 31 35 32 39 37 30 33 34 23 27 8 24 16 13 21 
1 28 6 12 9 5 26 29 3 2 20 10 4 15 18 17 14 22 11 19 25 7 38 33 30 37 35 32 31 39 36 34 23 27 8 24 16 13 21 
1 28 6 12 9 5 26 29 3 2 20 10 4 15 18 17 14 22 11 19 25 7 38 36 39 31 32 35 37 30 33 34 23 27 8 24 16 13 21 
1 28 6 12 9 5 26 29 3 2 20 10 4 15 18 17 14 22 11 19 25 7 38 35 31 32 33 30 37 39 36 34 23 27 8 24 16 13 21 
1 28 6 12 9 5 26 29 3 2 20 10 4 15 18 17 14 22 11 19 25 7 38 35 31 39 37 32 33 30 36 34 23 27 8 24 16 13 21 
1 28 6 12 9 5 26 29 3 2 20 10 4 15 18 17 14 22 11 19 25 7 38 33 30 37 39 35 31 32 36 34 23 27 8 24 16 13 21 
1 28 6 12 9 5 26 29 3 2 20 10 4 15 18 17 14 22 11 19 25 7 38 33 30 37 39 35 32 31 36 34 23 27 8 24 16 13 21 
1 28 6 12 9 5 26 29 3 2 20 10 4 15 18 17 14 22 11 19 25 7 38 33 31 32 35 39 37 30 36 34 23 27 8 24 16 13 21 
1 28 6 12 9 5 26 29 3 2 20 10 4 15 18 17 14 22 11 19 25 7 38 35 39 31 33 32 37 30 36 34 23 27 8 24 16 13 21 
1 28 6 12 9 5 26 29 3 2 20 10 4 15 18 17 14 22 11 19 25 7 38 35 39 31 36 30 37 32 33 34 23 27 8 24 16 13 21 
1 28 6 12 9 5 26 29 3 2 20 10 4 15 18 17 14 22 11 19 25 7 38 35 39 37 30 33 31 32 36 34 23 27 8 24 16 13 21 
1 28 6 12 9 5 26 29 3 2 20 10 4 15 18 17 14 22 11 19 25 7 38 35 39 37 30 36 32 31 33 34 23 27 8 24 16 13 21 
1 28 6 12 9 5 26 29 3 2 20 10 4 15 18 17 14 22 11 19 25 7 38 36 30 37 39 35 32 31 33 34 23 27 8 24 16 13 21 
1 28 6 12 9 5 26 29 3 2 20 10 4 15 18 17 14 22 11 19 25 7 38 36 31 32 35 39 37 30 33 34 23 27 8 24 16 13 21 
1 28 6 12 9 5 26 29 3 2 20 10 4 15 18 17 14 22 11 19 25 7 38 36 32 31 35 39 37 30 33 34 23 27 8 24 16 13 21 
1 28 6 12 9 5 26 29 3 2 20 10 4 15 18 17 14 22 11 19 25 7 38 33 30 37 35 31 39 32 36 34 23 27 8 24 16 13 21 
1 28 6 12 9 5 26 29 3 2 20 10 4 15 18 17 14 22 11 19 25 7 38 33 30 37 35 32 39 31 36 34 23 27 8 24 16 13 21 
1 28 6 12 9 5 26 29 3 2 20 10 4 15 18 17 14 22 11 19 25 7 38 33 31 39 32 35 37 30 36 34 23 27 8 24 16 13 21 
1 28 6 12 9 5 26 29 3 2 20 10 4 15 18 17 14 22 11 19 25 7 38 35 32 33 30 37 31 39 36 34 23 27 8 24 16 13 21 
1 28 6 12 9 5 26 29 3 2 20 10 4 15 18 17 14 22 11 19 25 7 38 35 37 30 33 31 39 32 36 34 23 27 8 24 16 13 21 
1 28 6 12 9 5 26 29 3 2 20 10 4 15 18 17 14 22 11 19 25 7 38 35 37 30 36 32 39 31 33 34 23 27 8 24 16 13 21 
1 28 6 12 9 5 26 29 3 2 20 10 4 15 18 17 14 22 11 19 25 7 38 36 30 37 35 32 39 31 33 34 23 27 8 24 16 13 21 
1 28 6 12 9 5 26 29 3 2 20 10 4 15 18 17 14 22 11 19 25 7 38 36 31 39 32 35 37 30 33 34 23 27 8 24 16 13 21 
1 28 6 12 9 5 26 29 3 2 20 10 4 15 18 17 14 22 11 19 25 7 38 36 32 39 31 35 37 30 33 34 23 27 8 24 16 13 21 
1 28 6 12 9 5 26 29 3 2 20 10 4 15 18 17 14 22 11 19 25 7 38 35 31 33 32 39 37 30 36 34 23 27 8 24 16 13 21 
1 28 6 12 9 5 26 29 3 2 20 10 4 15 18 17 14 22 11 19 25 7 38 35 31 36 30 37 39 32 33 34 23 27 8 24 16 13 21 
1 28 6 12 9 5 26 29 3 2 20 10 4 15 18 17 14 22 11 19 25 7 38 35 37 30 33 32 31 39 36 34 23 27 8 24 16 13 21 
1 28 6 12 9 5 26 29 3 2 20 10 4 15 18 17 14 22 11 19 25 7 38 35 37 30 36 39 31 32 33 34 23 27 8 24 16 13 21 
1 28 6 12 9 5 26 29 3 2 20 10 4 15 18 17 14 22 11 19 25 7 38 35 37 39 31 32 36 30 33 34 23 27 8 24 16 13 21 
1 28 6 12 9 5 26 29 3 2 20 10 4 15 18 17 14 22 11 19 25 7 38 33 30 37 35 39 31 32 36 34 23 27 8 24 16 13 21 
1 28 6 12 9 5 26 29 3 2 20 10 4 15 18 17 14 22 11 19 25 7 38 36 32 31 39 35 37 30 33 34 23 27 8 24 16 13 21 
1 28 6 12 9 5 26 29 3 2 20 10 4 15 18 17 14 22 11 19 25 7 38 33 32 31 35 39 37 30 36 34 23 27 8 24 16 13 21 
1 28 6 12 9 5 26 29 3 2 20 10 4 15 18 17 14 22 11 19 25 7 38 35 39 37 30 33 32 31 36 34 23 27 8 24 16 13 21 
1 28 6 12 9 5 26 29 3 2 20 10 4 15 18 17 14 22 11 19 25 7 38 35 39 37 30 36 31 32 33 34 23 27 8 24 16 13 21 
1 28 6 12 9 5 26 29 3 2 20 10 4 15 18 17 14 22 11 19 25 7 38 36 30 37 39 35 31 32 33 34 23 27 8 24 16 13 21 
1 28 6 12 9 5 26 29 3 2 20 10 4 15 18 17 14 22 11 19 25 7 38 33 32 39 31 35 37 30 36 34 23 27 8 24 16 13 21 
1 28 6 12 9 5 26 29 3 2 20 10 4 15 18 17 14 22 11 19 25 7 38 35 37 30 33 32 39 31 36 34 23 27 8 24 16 13 21 
1 28 6 12 9 5 26 29 3 2 20 10 4 15 18 17 14 22 11 19 25 7 38 35 37 30 36 31 39 32 33 34 23 27 8 24 16 13 21 
1 28 6 12 9 5 26 29 3 2 20 10 4 15 18 17 14 22 11 19 25 7 38 36 30 37 35 31 39 32 33 34 23 27 8 24 16 13 21 
1 28 6 12 9 5 26 29 3 2 20 10 4 15 18 17 14 22 11 19 25 7 38 33 32 35 39 31 37 30 36 34 23 27 8 24 16 13 21 
1 28 6 12 9 5 26 29 3 2 20 10 4 15 18 17 14 22 11 19 25 7 38 35 39 31 37 30 33 32 36 34 23 27 8 24 16 13 21 
1 28 6 12 9 5 26 29 3 2 20 10 4 15 18 17 14 22 11 19 25 7 38 35 39 31 37 30 36 32 33 34 23 27 8 24 16 13 21 
1 28 6 12 9 5 26 29 3 2 20 10 4 15 18 17 14 22 11 19 25 7 38 36 30 37 31 39 35 32 33 34 23 27 8 24 16 13 21 
1 28 6 12 9 5 26 29 3 2 20 10 4 15 18 17 14 22 11 19 25 7 38 35 37 39 31 32 33 30 36 34 23 27 8 24 16 13 21 
1 28 6 12 9 5 26 29 3 2 20 10 4 15 18 17 14 22 11 19 25 7 38 33 32 31 39 35 37 30 36 34 23 27 8 24 16 13 21 
1 28 6 12 9 5 26 29 3 2 20 10 4 15 18 17 14 22 11 19 25 7 38 36 30 37 35 39 31 32 33 34 23 27 8 24 16 13 21 
1 28 6 12 9 5 26 29 3 2 20 10 4 15 18 17 14 22 11 19 25 7 38 35 39 33 32 37 30 36 31 34 23 27 8 24 16 13 21 
1 28 6 12 9 5 26 29 3 2 20 10 4 15 18 17 14 22 11 19 25 7 38 36 30 37 32 33 39 35 31 34 23 27 8 24 16 13 21 
1 28 6 12 9 5 26 29 3 2 20 10 4 15 18 17 14 22 11 19 25 7 38 33 30 36 31 32 35 37 39 34 23 27 8 24 16 13 21 
1 28 6 12 9 5 26 29 3 2 20 10 4 15 18 17 14 22 11 19 25 7 38 33 30 36 32 31 35 37 39 34 23 27 8 24 16 13 21 
1 28 6 12 9 5 26 29 3 2 20 10 4 15 18 17 14 22 11 19 25 7 38 35 37 32 33 30 36 31 39 34 23 27 8 24 16 13 21 
1 28 6 12 9 5 26 29 3 2 20 10 4 15 18 17 14 22 11 19 25 7 38 36 30 33 31 32 35 37 39 34 23 27 8 24 16 13 21 
1 28 6 12 9 5 26 29 3 2 20 10 4 15 18 17 14 22 11 19 25 7 38 36 30 33 32 37 35 31 39 34 23 27 8 24 16 13 21 
1 28 6 12 9 5 26 29 3 2 20 10 4 15 18 17 14 22 11 19 25 7 38 33 31 32 36 30 37 35 39 34 23 27 8 24 16 13 21 
1 28 6 12 9 5 26 29 3 2 20 10 4 15 18 17 14 22 11 19 25 7 38 36 32 31 33 30 37 35 39 34 23 27 8 24 16 13 21 
1 28 6 12 9 5 26 29 3 2 20 10 4 15 18 17 14 22 11 19 25 7 38 33 39 32 35 37 30 36 31 34 23 27 8 24 16 13 21 
1 28 6 12 9 5 26 29 3 2 20 10 4 15 18 17 14 22 11 19 25 7 38 33 39 32 36 30 37 35 31 34 23 27 8 24 16 13 21 
1 28 6 12 9 5 26 29 3 2 20 10 4 15 18 17 14 22 11 19 25 7 38 35 32 33 39 36 30 37 31 34 23 27 8 24 16 13 21 
1 28 6 12 9 5 26 29 3 2 20 10 4 15 18 17 14 22 11 19 25 7 38 35 37 30 33 39 32 36 31 34 23 27 8 24 16 13 21 
1 28 6 12 9 5 26 29 3 2 20 10 4 15 18 17 14 22 11 19 25 7 38 35 37 30 36 32 39 33 31 34 23 27 8 24 16 13 21 
1 28 6 12 9 5 26 29 3 2 20 10 4 15 18 17 14 22 11 19 25 7 38 36 30 37 35 32 39 33 31 34 23 27 8 24 16 13 21 
1 28 6 12 9 5 26 29 3 2 20 10 4 15 18 17 14 22 11 19 25 7 38 36 32 39 33 30 37 35 31 34 23 27 8 24 16 13 21 
1 28 6 12 9 5 26 29 3 2 20 10 4 15 18 17 14 22 11 19 25 7 38 35 37 30 36 31 33 32 39 34 23 27 8 24 16 13 21 
1 28 6 12 9 5 26 29 3 2 20 10 4 15 18 17 14 22 11 19 25 7 38 36 30 37 35 31 33 32 39 34 23 27 8 24 16 13 21 
1 28 6 12 9 5 26 29 3 2 20 10 4 15 18 17 14 22 11 19 25 7 38 36 31 35 37 30 33 32 39 34 23 27 8 24 16 13 21 
1 28 6 12 9 5 26 29 3 2 20 10 4 15 18 17 14 22 11 19 25 7 38 35 32 33 30 36 31 37 39 34 23 27 8 24 16 13 21 
1 28 6 12 9 5 26 29 3 2 20 10 4 15 18 17 14 22 11 19 25 7 38 36 30 33 32 35 31 37 39 34 23 27 8 24 16 13 21 
1 28 6 12 9 5 26 29 3 2 20 10 4 15 18 17 14 22 11 19 25 7 38 33 32 36 30 37 31 35 39 34 23 27 8 24 16 13 21 
1 28 6 12 9 5 26 29 3 2 20 10 4 15 18 17 14 22 11 19 25 7 38 36 30 37 31 33 32 35 39 34 23 27 8 24 16 13 21 
1 28 6 12 9 5 26 29 3 2 20 10 4 15 18 17 14 22 11 19 25 7 38 36 31 37 30 33 32 35 39 34 23 27 8 24 16 13 21 
1 28 6 12 9 5 26 29 3 2 20 10 4 15 18 17 14 22 11 19 25 7 38 36 32 33 30 37 31 35 39 34 23 27 8 24 16 13 21 
1 28 6 12 9 5 26 29 3 2 20 10 4 15 18 17 14 22 11 19 25 7 38 33 30 36 37 39 32 35 31 34 23 27 8 24 16 13 21 
1 28 6 12 9 5 26 29 3 2 20 10 4 15 18 17 14 22 11 19 25 7 38 35 32 39 37 33 30 36 31 34 23 27 8 24 16 13 21 
1 28 6 12 9 5 26 29 3 2 20 10 4 15 18 17 14 22 11 19 25 7 38 35 32 39 37 36 30 33 31 34 23 27 8 24 16 13 21 
1 28 6 12 9 5 26 29 3 2 20 10 4 15 18 17 14 22 11 19 25 7 38 36 30 33 37 39 32 35 31 34 23 27 8 24 16 13 21 
1 28 6 12 9 5 26 29 3 2 20 10 4 15 18 17 14 22 11 19 25 7 38 33 30 37 36 32 39 35 31 34 23 27 8 24 16 13 21 
1 28 6 12 9 5 26 29 3 2 20 10 4 15 18 17 14 22 11 19 25 7 38 33 37 30 36 32 39 35 31 34 23 27 8 24 16 13 21 
1 28 6 12 9 5 26 29 3 2 20 10 4 15 18 17 14 22 11 19 25 7 38 35 39 32 36 30 37 33 31 34 23 27 8 24 16 13 21 
1 28 6 12 9 5 26 29 3 2 20 10 4 15 18 17 14 22 11 19 25 7 38 35 39 32 36 37 30 33 31 34 23 27 8 24 16 13 21 
1 28 6 12 9 5 26 29 3 2 20 10 4 15 18 17 14 22 11 19 25 7 38 36 30 33 32 31 35 37 39 34 23 27 8 24 16 13 21 
1 28 6 12 9 5 26 29 3 2 20 10 4 15 18 17 14 22 11 19 25 7 38 33 30 37 39 31 35 32 36 34 23 27 8 24 16 13 21 
1 28 6 12 9 5 26 29 3 2 20 10 4 15 18 17 14 22 11 19 25 7 38 35 32 36 30 37 39 31 33 34 23 27 8 24 16 13 21 
1 28 6 12 9 5 26 29 3 2 20 10 4 15 18 17 14 22 11 19 25 7 38 35 32 36 31 39 37 30 33 34 23 27 8 24 16 13 21 
1 28 6 12 9 5 26 29 3 2 20 10 4 15 18 17 14 22 11 19 25 7 38 36 32 35 31 39 37 30 33 34 23 27 8 24 16 13 21 
1 28 6 12 9 5 26 29 3 2 20 10 4 15 18 17 14 22 11 19 25 7 38 33 32 35 31 39 37 30 36 34 23 27 8 24 16 13 21 
1 28 6 12 9 5 26 29 3 2 20 10 4 15 18 17 14 22 11 19 25 7 38 35 31 39 37 30 33 32 36 34 23 27 8 24 16 13 21 
1 28 6 12 9 5 26 29 3 2 20 10 4 15 18 17 14 22 11 19 25 7 38 35 31 39 37 30 36 32 33 34 23 27 8 24 16 13 21 
1 28 6 12 9 5 26 29 3 2 20 10 4 15 18 17 14 22 11 19 25 7 38 35 32 33 30 37 39 31 36 34 23 27 8 24 16 13 21 
1 28 6 12 9 5 26 29 3 2 20 10 4 15 18 17 14 22 11 19 25 7 38 35 32 33 31 39 37 30 36 34 23 27 8 24 16 13 21 
1 28 6 12 9 5 26 29 3 2 20 10 4 15 18 17 14 22 11 19 25 7 38 36 30 37 39 31 35 32 33 34 23 27 8 24 16 13 21 
1 28 6 12 9 5 26 29 3 2 20 10 4 15 18 17 14 22 11 19 25 7 38 33 31 35 32 36 30 37 39 34 23 27 8 24 16 13 21 
1 28 6 12 9 5 26 29 3 2 20 10 4 15 18 17 14 22 11 19 25 7 38 35 32 36 31 33 30 37 39 34 23 27 8 24 16 13 21 
1 28 6 12 9 5 26 29 3 2 20 10 4 15 18 17 14 22 11 19 25 7 38 36 32 35 31 33 30 37 39 34 23 27 8 24 16 13 21 
1 28 6 12 9 5 26 29 3 2 20 10 4 15 18 17 14 22 11 19 25 7 38 35 37 39 36 30 33 32 31 34 23 27 8 24 16 13 21 
1 28 6 12 9 5 26 29 3 2 20 10 4 15 18 17 14 22 11 19 25 7 38 36 39 35 37 30 33 32 31 34 23 27 8 24 16 13 21 
1 28 6 12 9 5 26 29 3 2 20 10 4 15 18 17 14 22 11 19 25 7 38 36 30 33 32 37 35 39 31 34 23 27 8 24 16 13 21 
1 28 6 12 9 5 26 29 3 2 20 10 4 15 18 17 14 22 11 19 25 7 38 33 39 37 30 36 32 35 31 34 23 27 8 24 16 13 21 
1 28 6 12 9 5 26 29 3 2 20 10 4 15 18 17 14 22 11 19 25 7 38 35 32 36 30 37 39 33 31 34 23 27 8 24 16 13 21 
1 28 6 12 9 5 26 29 3 2 20 10 4 15 18 17 14 22 11 19 25 7 38 33 30 37 35 32 36 31 39 34 23 27 8 24 16 13 21 
1 28 6 12 9 5 26 29 3 2 20 10 4 15 18 17 14 22 11 19 25 7 38 35 37 39 32 33 30 36 31 34 23 27 8 24 16 13 21 
1 28 6 12 9 5 26 29 3 2 20 10 4 15 18 17 14 22 11 19 25 7 38 36 30 33 32 39 37 35 31 34 23 27 8 24 16 13 21 
1 28 6 12 9 5 26 29 3 2 20 10 4 15 18 17 14 22 11 19 25 7 38 36 32 35 37 30 33 31 39 34 23 27 8 24 16 13 21 
1 28 6 12 9 5 26 29 3 2 20 10 4 15 18 17 14 22 11 19 25 7 38 33 32 35 31 36 30 37 39 34 23 27 8 24 16 13 21 
1 28 6 12 9 5 26 29 3 2 20 10 4 15 18 17 14 22 11 19 25 7 38 35 31 33 32 36 30 37 39 34 23 27 8 24 16 13 21 
1 28 6 12 9 5 26 29 3 2 20 10 4 15 18 17 14 22 11 19 25 7 38 35 31 36 32 33 30 37 39 34 23 27 8 24 16 13 21 
1 28 6 12 9 5 26 29 3 2 20 10 4 15 18 17 14 22 11 19 25 7 38 35 32 33 31 36 30 37 39 34 23 27 8 24 16 13 21 
1 28 6 12 9 5 26 29 3 2 20 10 4 15 18 17 14 22 11 19 25 7 38 36 31 35 32 33 30 37 39 34 23 27 8 24 16 13 21 
1 28 6 12 9 5 26 29 3 2 20 10 4 15 18 17 14 22 11 19 25 7 38 36 32 35 37 30 33 39 31 34 23 27 8 24 16 13 21 
1 28 6 12 9 5 26 29 3 2 20 10 4 15 18 17 14 22 11 19 25 7 38 35 32 33 39 37 30 36 31 34 23 27 8 24 16 13 21 
1 28 6 12 9 5 26 29 3 2 20 10 4 15 18 17 14 22 11 19 25 7 38 36 30 37 39 33 32 35 31 34 23 27 8 24 16 13 21 
1 28 6 12 9 5 26 29 3 2 20 10 4 15 18 17 14 22 11 19 25 7 38 33 32 35 37 30 36 31 39 34 23 27 8 24 16 13 21 
1 28 6 12 9 5 26 29 3 2 20 10 4 15 18 17 14 22 11 19 25 7 38 33 32 36 30 37 35 31 39 34 23 27 8 24 16 13 21 
1 28 6 12 9 5 26 29 3 2 20 10 4 15 18 17 14 22 11 19 25 7 38 35 37 30 33 32 36 31 39 34 23 27 8 24 16 13 21 
1 28 6 12 9 5 26 29 3 2 20 10 4 15 18 17 14 22 11 19 25 7 38 35 37 30 36 32 33 31 39 34 23 27 8 24 16 13 21 
1 28 6 12 9 5 26 29 3 2 20 10 4 15 18 17 14 22 11 19 25 7 38 36 30 37 35 32 33 31 39 34 23 27 8 24 16 13 21 
1 28 6 12 9 5 26 29 3 2 20 10 4 15 18 17 14 22 11 19 25 7 38 36 32 33 30 37 35 31 39 34 23 27 8 24 16 13 21 
1 28 6 12 9 5 26 29 3 2 20 10 4 15 18 17 14 22 11 19 25 7 38 35 32 33 30 37 36 39 31 34 23 27 8 24 16 13 21 
1 28 6 12 9 5 26 29 3 2 20 10 4 15 18 17 14 22 11 19 25 7 38 35 32 33 37 30 36 39 31 34 23 27 8 24 16 13 21 
1 28 6 12 9 5 26 29 3 2 20 10 4 15 18 17 14 22 11 19 25 7 38 33 30 37 39 36 32 35 31 34 23 27 8 24 16 13 21 
1 28 6 12 9 5 26 29 3 2 20 10 4 15 18 17 14 22 11 19 25 7 38 35 32 36 39 37 30 33 31 34 23 27 8 24 16 13 21 
1 28 6 12 9 5 26 29 3 2 20 10 4 15 18 17 14 22 11 19 25 7 38 35 37 30 36 32 33 39 31 34 23 27 8 24 16 13 21 
1 28 6 12 9 5 26 29 3 2 20 10 4 15 18 17 14 22 11 19 25 7 38 36 30 37 35 32 33 39 31 34 23 27 8 24 16 13 21 
1 28 6 12 9 5 26 29 3 2 20 10 4 15 18 17 14 22 11 19 25 7 38 33 30 37 35 32 36 39 31 34 23 27 8 24 16 13 21 
1 28 6 12 9 5 26 29 3 2 20 10 4 15 18 17 14 22 11 19 25 7 38 35 32 33 30 37 39 36 31 34 23 27 8 24 16 13 21 
1 28 6 12 9 5 26 29 3 2 20 10 4 15 18 17 14 22 11 19 25 7 38 36 39 37 30 33 32 35 31 34 23 27 8 24 16 13 21 
1 28 6 12 9 5 26 29 3 2 20 10 4 15 18 17 14 22 11 19 25 7 38 33 30 37 39 35 32 36 31 34 23 27 8 24 16 13 21 
1 28 6 12 9 5 26 29 3 2 20 10 4 15 18 17 14 22 11 19 25 7 38 36 32 35 39 37 30 33 31 34 23 27 8 24 16 13 21 
1 28 6 12 9 5 26 29 3 2 20 10 4 15 18 17 14 22 11 19 25 7 38 33 32 35 37 30 36 39 31 34 23 27 8 24 16 13 21 
1 28 6 12 9 5 26 29 3 2 20 10 4 15 18 17 14 22 11 19 25 7 38 35 37 30 33 32 36 39 31 34 23 27 8 24 16 13 21 
1 28 6 12 9 5 26 29 3 2 20 10 4 15 18 17 14 22 11 19 25 7 38 33 30 36 32 35 37 39 31 34 23 27 8 24 16 13 21 
1 28 6 12 9 5 26 29 3 2 20 10 4 15 18 17 14 22 11 19 25 7 38 33 32 35 39 37 30 36 31 34 23 27 8 24 16 13 21 
1 28 6 12 9 5 26 29 3 2 20 10 4 15 18 17 14 22 11 19 25 7 38 33 32 36 30 37 39 35 31 34 23 27 8 24 16 13 21 
1 28 6 12 9 5 26 29 3 2 20 10 4 15 18 17 14 22 11 19 25 7 38 35 39 37 30 33 32 36 31 34 23 27 8 24 16 13 21 
1 28 6 12 9 5 26 29 3 2 20 10 4 15 18 17 14 22 11 19 25 7 38 35 39 37 30 36 32 33 31 34 23 27 8 24 16 13 21 
1 28 6 12 9 5 26 29 3 2 20 10 4 15 18 17 14 22 11 19 25 7 38 36 30 37 39 35 32 33 31 34 23 27 8 24 16 13 21 
1 28 6 12 9 5 26 29 3 2 20 10 4 15 18 17 14 22 11 19 25 7 38 36 32 33 30 37 39 35 31 34 23 27 8 24 16 13 21 
1 28 6 12 9 5 26 29 3 2 20 10 4 15 18 17 14 22 11 19 25 7 38 36 30 33 32 35 37 39 31 34 23 27 8 24 16 13 21 
1 28 6 12 9 5 26 29 3 2 20 10 4 15 18 17 14 22 11 19 25 7 38 33 32 36 30 37 35 39 31 34 23 27 8 24 16 13 21 
1 28 6 12 9 5 26 29 3 2 20 10 4 15 18 17 14 22 11 19 25 7 38 36 32 33 30 37 35 39 31 34 23 27 8 24 16 13 21 
1 28 6 12 9 5 26 29 3 2 20 10 4 15 18 17 14 22 11 19 25 7 38 37 39 31 35 32 33 30 36 34 23 27 8 24 16 13 21 
1 28 6 12 9 5 26 29 3 2 20 10 4 15 18 17 14 22 11 19 25 7 38 37 30 33 32 35 39 31 36 34 23 27 8 24 16 13 21 
1 28 6 12 9 5 26 29 3 2 20 10 4 15 18 17 14 22 11 19 25 7 38 37 30 36 31 39 35 32 33 34 23 27 8 24 16 13 21 
1 28 6 12 9 5 26 29 3 2 20 10 4 15 18 17 14 22 11 19 25 7 38 37 30 33 31 36 32 35 39 34 23 27 8 24 16 13 21 
1 28 6 12 9 5 26 29 3 2 20 10 4 15 18 17 14 22 11 19 25 7 38 32 33 39 35 37 30 36 31 34 23 27 8 24 16 13 21 
1 28 6 12 9 5 26 29 3 2 20 10 4 15 18 17 14 22 11 19 25 7 38 39 36 30 37 33 32 35 31 34 23 27 8 24 16 13 21 
1 28 6 12 9 5 26 29 3 2 20 10 4 15 18 17 14 22 11 19 25 7 38 39 36 37 30 33 32 35 31 34 23 27 8 24 16 13 21 
1 28 6 12 9 5 26 29 3 2 20 10 4 15 18 17 14 22 11 19 25 7 38 37 30 36 39 33 32 35 31 34 23 27 8 24 16 13 21 
1 28 6 12 9 5 26 29 3 2 20 10 4 15 18 17 14 22 11 19 25 7 38 39 37 33 30 36 32 35 31 34 23 27 8 24 16 13 21 
1 28 6 12 9 5 26 29 3 2 20 10 4 15 18 17 14 22 11 19 25 7 38 37 39 33 30 36 32 35 31 34 23 27 8 24 16 13 21 
1 28 6 12 9 5 26 29 3 2 20 10 4 15 18 17 14 22 11 19 25 7 38 39 35 32 36 30 37 33 31 34 23 27 8 24 16 13 21 
1 28 6 12 9 5 26 29 3 2 20 10 4 15 18 17 14 22 11 19 25 7 38 39 35 32 36 37 30 33 31 34 23 27 8 24 16 13 21 
1 28 6 12 9 5 26 29 3 2 20 10 4 15 18 17 14 22 11 19 25 7 38 37 30 33 39 35 32 36 31 34 23 27 8 24 16 13 21 
1 28 6 12 9 5 26 29 3 2 20 10 4 15 18 17 14 22 11 19 25 7 38 37 30 36 32 35 39 33 31 34 23 27 8 24 16 13 21 
1 28 6 12 9 5 26 29 3 2 20 10 4 15 18 17 14 22 11 19 25 7 38 32 35 37 39 36 30 33 31 34 23 27 8 24 16 13 21 
1 28 6 12 9 5 26 29 3 2 20 10 4 15 18 17 14 22 11 19 25 7 38 37 35 32 36 30 33 31 39 34 23 27 8 24 16 13 21 
1 28 6 12 9 5 26 29 3 2 20 10 4 15 18 17 14 22 11 19 25 7 38 32 36 39 35 37 30 33 31 34 23 27 8 24 16 13 21 
1 28 6 12 9 5 26 29 3 2 20 10 4 15 18 17 14 22 11 19 25 7 38 37 35 39 32 33 30 36 31 34 23 27 8 24 16 13 21 
1 28 6 12 9 5 26 29 3 2 20 10 4 15 18 17 14 22 11 19 25 7 38 39 33 32 35 37 30 36 31 34 23 27 8 24 16 13 21 
1 28 6 12 9 5 26 29 3 2 20 10 4 15 18 17 14 22 11 19 25 7 38 39 33 32 36 30 37 35 31 34 23 27 8 24 16 13 21 
1 28 6 12 9 5 26 29 3 2 20 10 4 15 18 17 14 22 11 19 25 7 38 37 30 33 32 36 31 35 39 34 23 27 8 24 16 13 21 
1 28 6 12 9 5 26 29 3 2 20 10 4 15 18 17 14 22 11 19 25 7 38 37 30 36 31 33 32 35 39 34 23 27 8 24 16 13 21 
1 28 6 12 9 5 26 29 3 2 20 10 4 15 18 17 14 22 11 19 25 7 38 37 30 36 32 33 31 35 39 34 23 27 8 24 16 13 21 
1 28 6 12 9 5 26 29 3 2 20 10 4 15 18 17 14 22 11 19 25 7 38 39 36 32 35 37 30 33 31 34 23 27 8 24 16 13 21 
1 28 6 12 9 5 26 29 3 2 20 10 4 15 18 17 14 22 11 19 25 7 38 39 37 36 30 33 32 35 31 34 23 27 8 24 16 13 21 
1 28 6 12 9 5 26 29 3 2 20 10 4 15 18 17 14 22 11 19 25 7 38 39 35 32 33 30 37 36 31 34 23 27 8 24 16 13 21 
1 28 6 12 9 5 26 29 3 2 20 10 4 15 18 17 14 22 11 19 25 7 38 39 35 32 33 37 30 36 31 34 23 27 8 24 16 13 21 
1 28 6 12 9 5 26 29 3 2 20 10 4 15 18 17 14 22 11 19 25 7 38 37 30 36 32 33 39 35 31 34 23 27 8 24 16 13 21 
1 28 6 12 9 5 26 29 3 2 20 10 4 15 18 17 14 22 11 19 25 7 38 32 33 30 36 39 37 35 31 34 23 27 8 24 16 13 21 
1 28 6 12 9 5 26 29 3 2 20 10 4 15 18 17 14 22 11 19 25 7 38 37 35 32 33 30 36 31 39 34 23 27 8 24 16 13 21 
1 28 6 12 9 5 26 29 3 2 20 10 4 15 18 17 14 22 11 19 25 7 38 32 33 30 37 35 39 36 31 34 23 27 8 24 16 13 21 
1 28 6 12 9 5 26 29 3 2 20 10 4 15 18 17 14 22 11 19 25 7 38 39 36 30 37 35 32 33 31 34 23 27 8 24 16 13 21 
1 28 6 12 9 5 26 29 3 2 20 10 4 15 18 17 14 22 11 19 25 7 38 39 36 32 33 30 37 35 31 34 23 27 8 24 16 13 21 
1 28 6 12 9 5 26 29 3 2 20 10 4 15 18 17 14 22 11 19 25 7 38 39 37 35 32 36 30 33 31 34 23 27 8 24 16 13 21 
1 28 6 12 9 5 26 29 3 2 20 10 4 15 18 17 14 22 11 19 25 7 38 37 39 36 30 33 32 35 31 34 23 27 8 24 16 13 21 
1 28 6 12 9 5 26 29 3 2 20 10 4 15 18 17 14 22 11 19 25 7 38 37 30 33 32 35 39 36 31 34 23 27 8 24 16 13 21 
1 28 6 12 9 5 26 29 3 2 20 10 4 15 18 17 14 22 11 19 25 7 38 37 30 33 32 36 39 35 31 34 23 27 8 24 16 13 21 
1 28 6 12 9 5 26 29 3 2 20 10 4 15 18 17 14 22 11 19 25 7 38 37 30 36 39 35 32 33 31 34 23 27 8 24 16 13 21 
1 28 6 12 9 5 26 29 3 2 20 10 4 15 18 17 14 22 11 19 25 7 38 37 39 35 32 36 30 33 31 34 23 27 8 24 16 13 21 
1 28 6 12 9 5 26 29 3 2 20 10 4 15 18 17 14 22 11 19 25 7 38 39 37 35 32 33 30 36 31 34 23 27 8 24 16 13 21 
1 28 6 12 9 5 26 29 3 2 20 10 4 15 18 17 14 22 11 19 25 7 38 39 35 37 30 33 32 36 31 34 23 27 8 24 16 13 21 
1 28 6 12 9 5 26 29 3 2 20 10 4 15 18 17 14 22 11 19 25 7 38 39 35 37 30 36 32 33 31 34 23 27 8 24 16 13 21 
1 28 6 12 9 5 26 29 3 2 20 10 4 15 18 17 14 22 11 19 25 7 38 37 35 32 33 30 36 39 31 34 23 27 8 24 16 13 21 
1 28 6 12 9 5 26 29 3 2 20 10 4 15 18 17 14 22 11 19 25 7 38 37 39 35 32 33 30 36 31 34 23 27 8 24 16 13 21 
1 28 6 12 9 5 26 29 3 2 20 10 4 15 18 17 14 22 11 19 25 7 38 36 32 33 39 35 37 30 31 34 23 27 8 24 16 13 21 
1 28 6 12 9 5 26 29 3 2 20 10 4 15 18 17 14 22 11 19 25 7 38 33 32 35 39 37 36 30 31 34 23 27 8 24 16 13 21 
1 28 6 12 9 5 26 29 3 2 20 10 4 15 18 17 14 22 11 19 25 7 38 35 39 37 33 32 36 30 31 34 23 27 8 24 16 13 21 
1 28 6 12 9 5 26 29 3 2 20 10 4 15 18 17 14 22 11 19 25 7 38 35 39 37 36 32 33 30 31 34 23 27 8 24 16 13 21 
1 28 6 12 9 5 26 29 3 2 20 10 4 15 18 17 14 22 11 19 25 7 38 36 37 39 35 32 33 30 31 34 23 27 8 24 16 13 21 
1 28 6 12 9 5 26 29 3 2 20 10 4 15 18 17 14 22 11 19 25 7 38 33 32 35 37 39 36 30 31 34 23 27 8 24 16 13 21 
1 28 6 12 9 5 26 29 3 2 20 10 4 15 18 17 14 22 11 19 25 7 38 35 37 39 36 32 33 30 31 34 23 27 8 24 16 13 21 
1 28 6 12 9 5 26 29 3 2 20 10 4 15 18 17 14 22 11 19 25 7 38 36 39 37 35 32 33 30 31 34 23 27 8 24 16 13 21 
1 28 6 12 9 5 26 29 3 2 20 10 4 15 18 17 14 22 11 19 25 7 38 33 32 36 39 35 37 30 31 34 23 27 8 24 16 13 21 
1 28 6 12 9 5 26 29 3 2 20 10 4 15 18 17 14 22 11 19 25 7 38 37 39 36 30 31 35 32 33 34 23 27 8 24 16 13 21 
1 28 6 12 9 5 26 29 3 2 20 10 4 15 18 17 14 22 11 19 25 7 38 37 30 31 33 32 35 39 36 34 23 27 8 24 16 13 21 
1 28 6 12 9 5 26 29 3 2 20 10 4 15 18 17 14 22 11 19 25 7 38 37 30 31 35 39 36 32 33 34 23 27 8 24 16 13 21 
1 28 6 12 9 5 26 29 3 2 20 10 4 15 18 17 14 22 11 19 25 7 38 37 30 31 36 39 35 32 33 34 23 27 8 24 16 13 21 
1 28 6 12 9 5 26 29 3 2 20 10 4 15 18 17 14 22 11 19 25 7 38 37 39 35 32 36 30 31 33 34 23 27 8 24 16 13 21 
1 28 6 12 9 5 26 29 3 2 20 10 4 15 18 17 14 22 11 19 25 7 38 37 39 35 32 36 31 30 33 34 23 27 8 24 16 13 21 
1 28 6 12 9 5 26 29 3 2 20 10 4 15 18 17 14 22 11 19 25 7 38 39 37 35 31 30 33 32 36 34 23 27 8 24 16 13 21 
1 28 6 12 9 5 26 29 3 2 20 10 4 15 18 17 14 22 11 19 25 7 38 39 37 35 31 30 36 32 33 34 23 27 8 24 16 13 21 
1 28 6 12 9 5 26 29 3 2 20 10 4 15 18 17 14 22 11 19 25 7 38 39 37 35 32 33 30 31 36 34 23 27 8 24 16 13 21 
1 28 6 12 9 5 26 29 3 2 20 10 4 15 18 17 14 22 11 19 25 7 38 39 37 35 32 33 31 30 36 34 23 27 8 24 16 13 21 
1 28 6 12 9 5 26 29 3 2 20 10 4 15 18 17 14 22 11 19 25 7 38 39 35 37 30 31 33 32 36 34 23 27 8 24 16 13 21 
1 28 6 12 9 5 26 29 3 2 20 10 4 15 18 17 14 22 11 19 25 7 38 39 35 37 30 31 36 32 33 34 23 27 8 24 16 13 21 
1 28 6 12 9 5 26 29 3 2 20 10 4 15 18 17 14 22 11 19 25 7 38 37 35 32 33 30 31 39 36 34 23 27 8 24 16 13 21 
1 28 6 12 9 5 26 29 3 2 20 10 4 15 18 17 14 22 11 19 25 7 38 37 39 35 31 30 33 32 36 34 23 27 8 24 16 13 21 
1 28 6 12 9 5 26 29 3 2 20 10 4 15 18 17 14 22 11 19 25 7 38 37 39 35 31 30 36 32 33 34 23 27 8 24 16 13 21 
1 28 6 12 9 5 26 29 3 2 20 10 4 15 18 17 14 22 11 19 25 7 38 37 39 35 32 33 30 31 36 34 23 27 8 24 16 13 21 
1 28 6 12 9 5 26 29 3 2 20 10 4 15 18 17 14 22 11 19 25 7 38 37 39 35 32 33 31 30 36 34 23 27 8 24 16 13 21 
1 28 6 12 9 5 26 29 3 2 20 10 4 15 18 17 14 22 11 19 25 7 38 37 35 39 31 30 33 32 36 34 23 27 8 24 16 13 21 
1 28 6 12 9 5 26 29 3 2 20 10 4 15 18 17 14 22 11 19 25 7 38 37 35 39 31 30 36 32 33 34 23 27 8 24 16 13 21 
1 28 6 12 9 5 26 29 3 2 20 10 4 15 18 17 14 22 11 19 25 7 38 39 36 37 35 32 33 30 31 34 23 27 8 24 16 13 21 
1 28 6 12 9 5 26 29 3 2 20 10 4 15 18 17 14 22 11 19 25 7 38 37 35 32 33 39 36 30 31 34 23 27 8 24 16 13 21 
1 28 6 12 9 5 26 29 3 2 20 10 4 15 18 17 14 22 11 19 25 7 38 37 33 32 35 39 36 30 31 34 23 27 8 24 16 13 21 
1 28 6 12 9 5 26 29 3 2 20 10 4 15 18 17 14 22 11 19 25 7 38 37 36 39 35 32 33 30 31 34 23 27 8 24 16 13 21 
1 28 6 12 9 5 26 29 3 2 20 10 4 15 18 17 14 22 11 19 25 7 38 39 35 37 33 32 36 30 31 34 23 27 8 24 16 13 21 
1 28 6 12 9 5 26 29 3 2 20 10 4 15 18 17 14 22 11 19 25 7 38 39 35 37 36 32 33 30 31 34 23 27 8 24 16 13 21 
1 28 6 12 9 5 26 29 3 2 20 10 4 15 18 17 14 22 11 19 25 7 38 37 35 39 33 32 36 30 31 34 23 27 8 24 16 13 21 
1 28 6 12 9 5 26 29 3 2 20 10 4 15 18 17 14 22 11 19 25 7 38 37 35 39 36 32 33 30 31 34 23 27 8 24 16 13 21 
0
3165 7772 
3165 7772 
3255 7622 
3255 7622 
3321 7512 
3327 7502 
3327 7502 
3336 7357 
3426 7207 
3447 7192 
3495 7112 
3495 7112 
3498 7087 
3498 7087 
3531 7032 
3534 7027 
3534 7027 
3576 6977 
3576 6977 
3579 6952 
3579 6952 
3600 6937 
3615 6892 
3615 6892 
3615 6892 
3615 6892 
3621 6882 
3624 6877 
3624 6877 
3645 6842 
3660 6837 
3666 6827 
3666 6827 
3669 6802 
3669 6802 
3687 6687 
3762 6647 
3762 6647 
3771 6632 
3771 6632 
3774 6627 
3774 6627 
3774 6627 
3774 6627 
3777 6537 
3798 6522 
3843 6512 
3843 6512 
3843 6512 
3843 6512 
3846 6442 
3846 6442 
3849 6417 
3849 6417 
3882 6382 
3882 6382 
3885 6357 
3885 6357 
3927 6307 
3930 6302 
3930 6302 
3930 6302 
3930 6302 
3939 6287 
3939 6287 
3951 6267 
3966 6222 
3966 6222 
3966 6222 
3966 6222 
3966 6222 
3966 6222 
3975 6207 
3975 6207 
3996 6192 
3996 6192 
3996 6192 
3996 6192 
4008 6172 
4011 6167 
4011 6167 
4011 6167 
4017 6157 
4020 6152 
4020 6152 
4020 6152 
4020 6152 
4041 6117 
4041 6117 
4041 6117 
4044 6112 
4044 6112 
4044 6112 
4044 6112 
4047 6087 
4047 6087 
4047 6087 
4047 6087 
4047 6087 
4047 6087 
4056 6072 
4056 6072 
4056 6072 
4056 6072 
4086 6042 
4086 6042 
4086 6042 
4086 6042 
4089 6037 
4089 6037 
4098 6022 
4098 6022 
4098 6022 
4101 6017 
4101 6017 
4101 6017 
4113 5977 
4113 5977 
4125 5957 
4125 5957 
4125 5957 
4128 5952 
4128 5952 
4128 5952 
4128 5952 
4149 5937 
4149 5937 
4149 5937 
4149 5937 
4149 5937 
4155 5927 
4155 5927 
4158 5922 
4158 5922 
4158 5922 
4158 5922 
4158 5922 
4170 5902 
4170 5902 
4179 5887 
4182 5862 
4185 5857 
4185 5857 
4185 5857 
4185 5857 
4206 5842 
4206 5842 
4206 5842 
4206 5842 
4227 5807 
4230 5802 
4236 5792 
4239 5787 
4239 5787 
4239 5787 
4239 5787 
4239 5787 
4260 5772 
4260 5772 
4260 5772 
4260 5772 
4263 5747 
4263 5747 
4263 5747 
4263 5747 
4263 5747 
4263 5747 
4263 5747 
4287 5707 
4296 5692 
4296 5692 
4296 5692 
4296 5692 
4308 5672 
4308 5672 
4308 5672 
4311 5667 
4311 5667 
4311 5667 
4311 5667 
4311 5667 
4311 5667 
4320 5652 
4320 5652 
4320 5652 
4323 5627 
4323 5627 
4323 5627 
4323 5627 
4323 5627 
4323 5627 
4323 5627 
4323 5627 
4350 5622 
4350 5622 
4353 5597 
4365 5577 
4368 5572 
4368 5572 
4368 5572 
4368 5572 
4368 5572 
4368 5572 
4368 5572 
4368 5572 
4368 5572 
4368 5572 
4377 5557 
4377 5557 
4377 5557 
4377 5557 
4377 5557 
4377 5557 
4377 5557 
4377 5557 
4377 5557 
4380 5532 
4380 5532 
4407 5527 
4407 5527 
4419 5507 
4422 5502 
4422 5502 
4425 5477 
4425 5477 
4425 5477 
4425 5477 
4434 5462 
4434 5462 
4434 5462 
4434 5462 
4449 5437 
4449 5437 
4449 5437 
4449 5437 
4476 5412 
4479 5407 
4479 5407 
4524 5397 
4524 5397 
4527 5392 
4527 5392 
4527 5392 
4527 5392 
4527 5392 
4530 5387 
4530 5387 
4533 5382 
4533 5382 
4533 5382 
4533 5382 
4533 5382 
4533 5382 
4533 5382 
4542 5347 
4542 5347 
4542 5347 
4554 5327 
4554 5327 
4557 5322 
4557 5322 
4557 5322 
4557 5322 
4578 5307 
4578 5307 
4578 5307 
4578 5307 
4581 5302 
4581 5302 
4581 5302 
4581 5302 
4584 5297 
4587 5207 
4587 5207 
4587 5207 
4587 5207 
4644 5112 
4644 5112 
4644 5112 
4644 5112 
4644 5112 
4644 5112 
4695 5092 
4695 5092 
4695 5092 
4722 5087 
4725 5082 
4737 5062 
4743 5032 
4743 5032 
4749 5022 
4749 5022 
4749 5022 
4749 5022 
4752 4997 
4752 4997 
4752 4997 
4752 4997 
4752 4997 
4797 4962 
4800 4937 
4800 4937 
4806 4927 
4806 4927 
4806 4927 
4806 4927 
4806 4927 
4806 4927 
4830 4907 
4830 4907 
4833 4882 
4833 4882 
4854 4867 
4854 4867 
4887 4812 
4890 4787 
4890 4787 
4905 4762 
4905 4762 
4944 4717 
4944 4717 
4956 4697 
4962 4667 
4962 4667 
4962 4667 
4962 4667 
4962 4667 
4962 4667 
5013 4602 
5016 4597 
5016 4597 
5163 4587 
5166 4582 
5166 4582 
5217 4562 
5238 4547 
5247 4532 
5247 4532 
5250 4527 
5259 4512 
5262 4507 
5262 4507 
5262 4507 
5265 4502 
5265 4502 
5268 4497 
5268 4497 
5271 4492 
5271 4492 
5271 4492 
5271 4492 
5274 4467 
5274 4467 
5274 4467 
5304 4437 
5316 4417 
5319 4412 
5319 4412 
5322 4407 
5325 4402 
5325 4402 
5328 4397 
5361 4342 
5361 4342 
5373 4322 
5409 4262 
5412 4257 
5412 4257 
5412 4257 
5424 4237 
5430 4227 
5433 4222 
5433 4222 
5463 4192 
5481 4142 
5610 4137 
5655 4062 
5655 4062 
5655 4062 
5655 4062 
5697 3992 
5697 3992 
5697 3992 
5700 3987 
5847 3977 
5850 3972 
5850 3972 
5850 3972 
5862 3952 
5862 3952 
5868 3942 
5868 3942 
5868 3942 
5868 3942 
5871 3937 
5871 3937 
5901 3907 
5919 3857 
5919 3857 
5919 3857 
5919 3857 
5973 3787 
5973 3787 
6054 3737 
6057 3732 
6105 3652 
6105 3652 
6126 3617 
6126 3617 
6129 3612 
6219 3462 
