1 28 6 12 9 5 26 29 3 2 20 10 4 15 18 17 14 22 11 30 33 36 34 35 39 38 31 32 37 19 25 7 23 27 8 24 16 13 21 
1 28 6 12 9 5 26 29 3 2 20 10 4 15 18 17 14 22 11 30 33 39 35 34 36 38 31 32 37 19 25 7 23 27 8 24 16 13 21 
1 28 6 12 9 5 26 29 3 2 20 10 4 15 18 17 14 22 11 30 33 39 31 38 36 34 35 32 37 19 25 7 23 27 8 24 16 13 21 
1 28 6 12 9 5 26 29 3 2 20 10 4 15 18 17 14 22 11 30 38 31 32 34 36 33 39 35 37 19 25 7 23 27 8 24 16 13 21 
1 28 6 12 9 5 26 29 3 2 20 10 4 15 18 17 14 22 11 30 33 39 35 34 32 31 38 36 37 19 25 7 23 27 8 24 16 13 21 
1 28 6 12 9 5 26 29 3 2 20 10 4 15 18 17 14 22 11 30 33 39 35 34 32 36 38 31 37 19 25 7 23 27 8 24 16 13 21 
1 28 6 12 9 5 26 29 3 2 20 10 4 15 18 17 14 22 11 30 33 39 35 32 34 36 38 31 37 19 25 7 23 27 8 24 16 13 21 
1 28 6 12 9 5 26 29 3 2 20 10 4 15 18 17 14 22 11 30 38 31 32 34 35 39 33 36 37 19 25 7 23 27 8 24 16 13 21 
1 28 6 12 9 5 26 29 3 2 20 10 4 15 18 17 14 22 11 30 38 31 36 33 39 35 34 32 37 19 25 7 23 27 8 24 16 13 21 
1 28 6 12 9 5 26 29 3 2 20 10 4 15 18 17 14 22 11 30 38 36 33 39 35 34 32 31 37 19 25 7 23 27 8 24 16 13 21 
1 28 6 12 9 5 26 29 3 2 20 10 4 15 18 17 14 22 11 30 38 31 33 39 35 34 36 32 37 19 25 7 23 27 8 24 16 13 21 
1 28 6 12 9 5 26 29 3 2 20 10 4 15 18 17 14 22 11 30 38 36 34 35 39 33 31 32 37 19 25 7 23 27 8 24 16 13 21 
1 28 6 12 9 5 26 29 3 2 20 10 4 15 18 17 14 22 11 30 32 31 38 36 34 35 33 39 37 19 25 7 23 27 8 24 16 13 21 
1 28 6 12 9 5 26 29 3 2 20 10 4 15 18 17 14 22 11 30 39 33 35 34 36 38 31 32 37 19 25 7 23 27 8 24 16 13 21 
1 28 6 12 9 5 26 29 3 2 20 10 4 15 18 17 14 22 11 30 38 31 33 39 35 36 34 32 37 19 25 7 23 27 8 24 16 13 21 
1 28 6 12 9 5 26 29 3 2 20 10 4 15 18 17 14 22 11 30 32 34 35 39 33 36 38 31 37 19 25 7 23 27 8 24 16 13 21 
1 28 6 12 9 5 26 29 3 2 20 10 4 15 18 17 14 22 11 30 33 39 32 31 38 36 34 35 37 19 25 7 23 27 8 24 16 13 21 
1 28 6 12 9 5 26 29 3 2 20 10 4 15 18 17 14 22 11 30 38 31 32 39 33 36 34 35 37 19 25 7 23 27 8 24 16 13 21 
1 28 6 12 9 5 26 29 3 2 20 10 4 15 18 17 14 22 11 30 33 39 32 35 34 36 38 31 37 19 25 7 23 27 8 24 16 13 21 
1 28 6 12 9 5 26 29 3 2 20 10 4 15 18 17 14 22 11 30 38 36 34 32 31 33 39 35 37 19 25 7 23 27 8 24 16 13 21 
1 28 6 12 9 5 26 29 3 2 20 10 4 15 18 17 14 22 11 30 33 35 39 34 36 38 31 32 37 19 25 7 23 27 8 24 16 13 21 
1 28 6 12 9 5 26 29 3 2 20 10 4 15 18 17 14 22 11 30 38 31 32 39 33 35 34 36 37 19 25 7 23 27 8 24 16 13 21 
1 28 6 12 9 5 26 29 3 2 20 10 4 15 18 17 14 22 11 30 38 31 36 34 35 33 39 32 37 19 25 7 23 27 8 24 16 13 21 
1 28 6 12 9 5 26 29 3 2 20 10 4 15 18 17 14 22 11 30 38 36 34 35 33 39 32 31 37 19 25 7 23 27 8 24 16 13 21 
1 28 6 12 9 5 26 29 3 2 20 10 4 15 18 17 14 22 11 30 33 35 39 32 34 36 38 31 37 19 25 7 23 27 8 24 16 13 21 
1 28 6 12 9 5 26 29 3 2 20 10 4 15 18 17 14 22 11 30 38 31 33 39 35 34 32 36 37 19 25 7 23 27 8 24 16 13 21 
1 28 6 12 9 5 26 29 3 2 20 10 4 15 18 17 14 22 11 30 38 36 31 33 39 35 34 32 37 19 25 7 23 27 8 24 16 13 21 
1 28 6 12 9 5 26 29 3 2 20 10 4 15 18 17 14 22 11 30 38 36 32 34 35 39 33 31 37 19 25 7 23 27 8 24 16 13 21 
1 28 6 12 9 5 26 29 3 2 20 10 4 15 18 17 14 22 11 30 38 31 33 39 35 32 34 36 37 19 25 7 23 27 8 24 16 13 21 
1 28 6 12 9 5 26 29 3 2 20 10 4 15 18 17 14 22 11 30 38 36 34 32 35 39 33 31 37 19 25 7 23 27 8 24 16 13 21 
1 28 6 12 9 5 26 29 3 2 20 10 4 15 18 17 14 22 11 30 34 35 39 33 36 38 31 32 37 19 25 7 23 27 8 24 16 13 21 
1 28 6 12 9 5 26 29 3 2 20 10 4 15 18 17 14 22 11 30 33 31 38 36 34 35 39 32 37 19 25 7 23 27 8 24 16 13 21 
1 28 6 12 9 5 26 29 3 2 20 10 4 15 18 17 14 22 11 30 33 39 34 35 36 38 31 32 37 19 25 7 23 27 8 24 16 13 21 
1 28 6 12 9 5 26 29 3 2 20 10 4 15 18 17 14 22 11 30 38 31 33 36 34 35 39 32 37 19 25 7 23 27 8 24 16 13 21 
1 28 6 12 9 5 26 29 3 2 20 10 4 15 18 17 14 22 11 30 33 39 32 34 35 36 38 31 37 19 25 7 23 27 8 24 16 13 21 
1 28 6 12 9 5 26 29 3 2 20 10 4 15 18 17 14 22 11 30 39 33 36 38 31 32 34 35 37 19 25 7 23 27 8 24 16 13 21 
1 28 6 12 9 5 26 29 3 2 20 10 4 15 18 17 14 22 11 30 39 33 35 34 32 31 38 36 37 19 25 7 23 27 8 24 16 13 21 
1 28 6 12 9 5 26 29 3 2 20 10 4 15 18 17 14 22 11 30 39 33 35 34 32 36 38 31 37 19 25 7 23 27 8 24 16 13 21 
1 28 6 12 9 5 26 29 3 2 20 10 4 15 18 17 14 22 11 30 32 34 36 38 31 33 39 35 37 19 25 7 23 27 8 24 16 13 21 
1 28 6 12 9 5 26 29 3 2 20 10 4 15 18 17 14 22 11 30 39 33 35 32 34 36 38 31 37 19 25 7 23 27 8 24 16 13 21 
1 28 6 12 9 5 26 29 3 2 20 10 4 15 18 17 14 22 11 30 33 39 34 36 38 31 32 35 37 19 25 7 23 27 8 24 16 13 21 
1 28 6 12 9 5 26 29 3 2 20 10 4 15 18 17 14 22 11 30 32 39 33 35 34 36 38 31 37 19 25 7 23 27 8 24 16 13 21 
1 28 6 12 9 5 26 29 3 2 20 10 4 15 18 17 14 22 11 30 39 33 31 38 36 34 35 32 37 19 25 7 23 27 8 24 16 13 21 
1 28 6 12 9 5 26 29 3 2 20 10 4 15 18 17 14 22 11 30 32 34 35 39 33 31 38 36 37 19 25 7 23 27 8 24 16 13 21 
1 28 6 12 9 5 26 29 3 2 20 10 4 15 18 17 14 22 11 30 38 31 32 36 33 39 34 35 37 19 25 7 23 27 8 24 16 13 21 
1 28 6 12 9 5 26 29 3 2 20 10 4 15 18 17 14 22 11 30 38 31 32 36 34 39 33 35 37 19 25 7 23 27 8 24 16 13 21 
1 28 6 12 9 5 26 29 3 2 20 10 4 15 18 17 14 22 11 30 38 31 32 33 39 35 34 36 37 19 25 7 23 27 8 24 16 13 21 
1 28 6 12 9 5 26 29 3 2 20 10 4 15 18 17 14 22 11 30 38 31 36 34 35 39 33 32 37 19 25 7 23 27 8 24 16 13 21 
1 28 6 12 9 5 26 29 3 2 20 10 4 15 18 17 14 22 11 30 38 36 34 35 39 33 32 31 37 19 25 7 23 27 8 24 16 13 21 
1 28 6 12 9 5 26 29 3 2 20 10 4 15 18 17 14 22 11 30 33 36 38 31 32 34 39 35 37 19 25 7 23 27 8 24 16 13 21 
1 28 6 12 9 5 26 29 3 2 20 10 4 15 18 17 14 22 11 30 33 39 34 35 32 31 38 36 37 19 25 7 23 27 8 24 16 13 21 
1 28 6 12 9 5 26 29 3 2 20 10 4 15 18 17 14 22 11 30 33 39 34 35 32 36 38 31 37 19 25 7 23 27 8 24 16 13 21 
1 28 6 12 9 5 26 29 3 2 20 10 4 15 18 17 14 22 11 30 38 31 36 33 39 32 34 35 37 19 25 7 23 27 8 24 16 13 21 
1 28 6 12 9 5 26 29 3 2 20 10 4 15 18 17 14 22 11 30 38 31 36 34 32 39 33 35 37 19 25 7 23 27 8 24 16 13 21 
1 28 6 12 9 5 26 29 3 2 20 10 4 15 18 17 14 22 11 30 39 35 33 31 38 36 34 32 37 19 25 7 23 27 8 24 16 13 21 
1 28 6 12 9 5 26 29 3 2 20 10 4 15 18 17 14 22 11 30 38 31 33 39 32 36 34 35 37 19 25 7 23 27 8 24 16 13 21 
1 28 6 12 9 5 26 29 3 2 20 10 4 15 18 17 14 22 11 30 38 31 32 35 33 39 34 36 37 19 25 7 23 27 8 24 16 13 21 
1 28 6 12 9 5 26 29 3 2 20 10 4 15 18 17 14 22 11 30 38 31 32 35 34 39 33 36 37 19 25 7 23 27 8 24 16 13 21 
1 28 6 12 9 5 26 29 3 2 20 10 4 15 18 17 14 22 11 30 38 31 36 33 39 34 35 32 37 19 25 7 23 27 8 24 16 13 21 
1 28 6 12 9 5 26 29 3 2 20 10 4 15 18 17 14 22 11 30 38 31 36 34 39 33 35 32 37 19 25 7 23 27 8 24 16 13 21 
1 28 6 12 9 5 26 29 3 2 20 10 4 15 18 17 14 22 11 30 38 36 33 39 34 35 32 31 37 19 25 7 23 27 8 24 16 13 21 
1 28 6 12 9 5 26 29 3 2 20 10 4 15 18 17 14 22 11 30 38 36 34 39 33 35 32 31 37 19 25 7 23 27 8 24 16 13 21 
1 28 6 12 9 5 26 29 3 2 20 10 4 15 18 17 14 22 11 30 33 35 39 34 32 31 38 36 37 19 25 7 23 27 8 24 16 13 21 
1 28 6 12 9 5 26 29 3 2 20 10 4 15 18 17 14 22 11 30 33 35 39 34 32 36 38 31 37 19 25 7 23 27 8 24 16 13 21 
1 28 6 12 9 5 26 29 3 2 20 10 4 15 18 17 14 22 11 30 34 32 31 38 36 33 39 35 37 19 25 7 23 27 8 24 16 13 21 
1 28 6 12 9 5 26 29 3 2 20 10 4 15 18 17 14 22 11 30 33 31 38 36 34 32 39 35 37 19 25 7 23 27 8 24 16 13 21 
1 28 6 12 9 5 26 29 3 2 20 10 4 15 18 17 14 22 11 30 33 39 34 32 31 38 36 35 37 19 25 7 23 27 8 24 16 13 21 
1 28 6 12 9 5 26 29 3 2 20 10 4 15 18 17 14 22 11 30 38 31 32 34 39 35 33 36 37 19 25 7 23 27 8 24 16 13 21 
1 28 6 12 9 5 26 29 3 2 20 10 4 15 18 17 14 22 11 30 38 31 36 33 35 39 34 32 37 19 25 7 23 27 8 24 16 13 21 
1 28 6 12 9 5 26 29 3 2 20 10 4 15 18 17 14 22 11 30 38 36 33 35 39 34 32 31 37 19 25 7 23 27 8 24 16 13 21 
1 28 6 12 9 5 26 29 3 2 20 10 4 15 18 17 14 22 11 30 33 31 38 36 34 39 35 32 37 19 25 7 23 27 8 24 16 13 21 
1 28 6 12 9 5 26 29 3 2 20 10 4 15 18 17 14 22 11 30 38 31 33 36 34 32 39 35 37 19 25 7 23 27 8 24 16 13 21 
1 28 6 12 9 5 26 29 3 2 20 10 4 15 18 17 14 22 11 30 39 33 31 38 36 35 34 32 37 19 25 7 23 27 8 24 16 13 21 
1 28 6 12 9 5 26 29 3 2 20 10 4 15 18 17 14 22 11 30 38 31 33 39 32 35 34 36 37 19 25 7 23 27 8 24 16 13 21 
1 28 6 12 9 5 26 29 3 2 20 10 4 15 18 17 14 22 11 30 38 36 34 35 32 39 33 31 37 19 25 7 23 27 8 24 16 13 21 
1 28 6 12 9 5 26 29 3 2 20 10 4 15 18 17 14 22 11 30 34 32 35 39 33 36 38 31 37 19 25 7 23 27 8 24 16 13 21 
1 28 6 12 9 5 26 29 3 2 20 10 4 15 18 17 14 22 11 30 38 31 32 34 39 33 36 35 37 19 25 7 23 27 8 24 16 13 21 
1 28 6 12 9 5 26 29 3 2 20 10 4 15 18 17 14 22 11 30 38 31 33 35 39 34 36 32 37 19 25 7 23 27 8 24 16 13 21 
1 28 6 12 9 5 26 29 3 2 20 10 4 15 18 17 14 22 11 30 38 36 34 39 35 33 31 32 37 19 25 7 23 27 8 24 16 13 21 
1 28 6 12 9 5 26 29 3 2 20 10 4 15 18 17 14 22 11 30 34 35 39 33 31 38 36 32 37 19 25 7 23 27 8 24 16 13 21 
1 28 6 12 9 5 26 29 3 2 20 10 4 15 18 17 14 22 11 30 38 31 33 36 34 39 35 32 37 19 25 7 23 27 8 24 16 13 21 
1 28 6 12 9 5 26 29 3 2 20 10 4 15 18 17 14 22 11 30 33 39 34 32 35 36 38 31 37 19 25 7 23 27 8 24 16 13 21 
1 28 6 12 9 5 26 29 3 2 20 10 4 15 18 17 14 22 11 30 34 36 38 31 33 39 35 32 37 19 25 7 23 27 8 24 16 13 21 
1 28 6 12 9 5 26 29 3 2 20 10 4 15 18 17 14 22 11 30 38 31 33 35 39 32 34 36 37 19 25 7 23 27 8 24 16 13 21 
1 28 6 12 9 5 26 29 3 2 20 10 4 15 18 17 14 22 11 30 38 36 34 32 39 35 33 31 37 19 25 7 23 27 8 24 16 13 21 
1 28 6 12 9 5 26 29 3 2 20 10 4 15 18 17 14 22 11 30 32 31 38 36 33 39 34 35 37 19 25 7 23 27 8 24 16 13 21 
1 28 6 12 9 5 26 29 3 2 20 10 4 15 18 17 14 22 11 30 32 31 38 36 34 39 33 35 37 19 25 7 23 27 8 24 16 13 21 
1 28 6 12 9 5 26 29 3 2 20 10 4 15 18 17 14 22 11 30 38 31 32 34 39 33 35 36 37 19 25 7 23 27 8 24 16 13 21 
1 28 6 12 9 5 26 29 3 2 20 10 4 15 18 17 14 22 11 30 38 31 36 35 33 39 34 32 37 19 25 7 23 27 8 24 16 13 21 
1 28 6 12 9 5 26 29 3 2 20 10 4 15 18 17 14 22 11 30 38 36 35 33 39 34 32 31 37 19 25 7 23 27 8 24 16 13 21 
1 28 6 12 9 5 26 29 3 2 20 10 4 15 18 17 14 22 11 30 38 31 33 39 32 34 36 35 37 19 25 7 23 27 8 24 16 13 21 
1 28 6 12 9 5 26 29 3 2 20 10 4 15 18 17 14 22 11 30 32 33 39 35 34 36 38 31 37 19 25 7 23 27 8 24 16 13 21 
1 28 6 12 9 5 26 29 3 2 20 10 4 15 18 17 14 22 11 30 39 33 31 38 36 32 34 35 37 19 25 7 23 27 8 24 16 13 21 
1 28 6 12 9 5 26 29 3 2 20 10 4 15 18 17 14 22 11 30 38 31 33 39 34 35 36 32 37 19 25 7 23 27 8 24 16 13 21 
1 28 6 12 9 5 26 29 3 2 20 10 4 15 18 17 14 22 11 30 38 36 35 34 39 33 31 32 37 19 25 7 23 27 8 24 16 13 21 
1 28 6 12 9 5 26 29 3 2 20 10 4 15 18 17 14 22 11 30 39 33 31 38 36 34 32 35 37 19 25 7 23 27 8 24 16 13 21 
1 28 6 12 9 5 26 29 3 2 20 10 4 15 18 17 14 22 11 30 38 31 33 39 34 36 35 32 37 19 25 7 23 27 8 24 16 13 21 
1 28 6 12 9 5 26 29 3 2 20 10 4 15 18 17 14 22 11 30 32 39 33 31 38 36 34 35 37 19 25 7 23 27 8 24 16 13 21 
1 28 6 12 9 5 26 29 3 2 20 10 4 15 18 17 14 22 11 30 33 31 38 36 35 39 34 32 37 19 25 7 23 27 8 24 16 13 21 
1 28 6 12 9 5 26 29 3 2 20 10 4 15 18 17 14 22 11 30 38 31 33 39 32 34 35 36 37 19 25 7 23 27 8 24 16 13 21 
1 28 6 12 9 5 26 29 3 2 20 10 4 15 18 17 14 22 11 30 38 31 36 34 32 33 39 35 37 19 25 7 23 27 8 24 16 13 21 
1 28 6 12 9 5 26 29 3 2 20 10 4 15 18 17 14 22 11 30 38 36 35 34 32 39 33 31 37 19 25 7 23 27 8 24 16 13 21 
1 28 6 12 9 5 26 29 3 2 20 10 4 15 18 17 14 22 11 30 32 35 33 39 34 36 38 31 37 19 25 7 23 27 8 24 16 13 21 
1 28 6 12 9 5 26 29 3 2 20 10 4 15 18 17 14 22 11 30 32 35 34 39 33 36 38 31 37 19 25 7 23 27 8 24 16 13 21 
1 28 6 12 9 5 26 29 3 2 20 10 4 15 18 17 14 22 11 30 39 34 35 33 36 38 31 32 37 19 25 7 23 27 8 24 16 13 21 
1 28 6 12 9 5 26 29 3 2 20 10 4 15 18 17 14 22 11 30 38 31 33 36 35 39 34 32 37 19 25 7 23 27 8 24 16 13 21 
1 28 6 12 9 5 26 29 3 2 20 10 4 15 18 17 14 22 11 30 38 31 36 32 34 39 33 35 37 19 25 7 23 27 8 24 16 13 21 
1 28 6 12 9 5 26 29 3 2 20 10 4 15 18 17 14 22 11 30 38 36 31 32 34 39 33 35 37 19 25 7 23 27 8 24 16 13 21 
1 28 6 12 9 5 26 29 3 2 20 10 4 15 18 17 14 22 11 30 32 34 39 35 33 36 38 31 37 19 25 7 23 27 8 24 16 13 21 
1 28 6 12 9 5 26 29 3 2 20 10 4 15 18 17 14 22 11 30 38 31 36 33 39 34 32 35 37 19 25 7 23 27 8 24 16 13 21 
1 28 6 12 9 5 26 29 3 2 20 10 4 15 18 17 14 22 11 30 39 32 34 35 33 36 38 31 37 19 25 7 23 27 8 24 16 13 21 
1 28 6 12 9 5 26 29 3 2 20 10 4 15 18 17 14 22 11 30 33 36 38 31 32 39 34 35 37 19 25 7 23 27 8 24 16 13 21 
1 28 6 12 9 5 26 29 3 2 20 10 4 15 18 17 14 22 11 30 38 36 32 31 33 39 34 35 37 19 25 7 23 27 8 24 16 13 21 
1 28 6 12 9 5 26 29 3 2 20 10 4 15 18 17 14 22 11 30 33 32 39 35 34 36 38 31 37 19 25 7 23 27 8 24 16 13 21 
1 28 6 12 9 5 26 29 3 2 20 10 4 15 18 17 14 22 11 30 38 31 33 39 34 36 32 35 37 19 25 7 23 27 8 24 16 13 21 
1 28 6 12 9 5 26 29 3 2 20 10 4 15 18 17 14 22 11 30 38 36 34 39 33 31 32 35 37 19 25 7 23 27 8 24 16 13 21 
1 28 6 12 9 5 26 29 3 2 20 10 4 15 18 17 14 22 11 30 33 31 38 36 32 34 39 35 37 19 25 7 23 27 8 24 16 13 21 
1 28 6 12 9 5 26 29 3 2 20 10 4 15 18 17 14 22 11 30 38 36 31 33 39 32 34 35 37 19 25 7 23 27 8 24 16 13 21 
1 28 6 12 9 5 26 29 3 2 20 10 4 15 18 17 14 22 11 30 38 31 32 39 34 36 33 35 37 19 25 7 23 27 8 24 16 13 21 
1 28 6 12 9 5 26 29 3 2 20 10 4 15 18 17 14 22 11 30 33 35 34 39 32 31 38 36 37 19 25 7 23 27 8 24 16 13 21 
1 28 6 12 9 5 26 29 3 2 20 10 4 15 18 17 14 22 11 30 33 35 34 39 32 36 38 31 37 19 25 7 23 27 8 24 16 13 21 
1 28 6 12 9 5 26 29 3 2 20 10 4 15 18 17 14 22 11 30 34 36 38 31 32 39 33 35 37 19 25 7 23 27 8 24 16 13 21 
1 28 6 12 9 5 26 29 3 2 20 10 4 15 18 17 14 22 11 30 32 34 39 33 35 36 38 31 37 19 25 7 23 27 8 24 16 13 21 
1 28 6 12 9 5 26 29 3 2 20 10 4 15 18 17 14 22 11 30 33 35 32 39 34 36 38 31 37 19 25 7 23 27 8 24 16 13 21 
1 28 6 12 9 5 26 29 3 2 20 10 4 15 18 17 14 22 11 30 38 31 33 36 32 34 39 35 37 19 25 7 23 27 8 24 16 13 21 
1 28 6 12 9 5 26 29 3 2 20 10 4 15 18 17 14 22 11 30 38 36 33 31 32 34 39 35 37 19 25 7 23 27 8 24 16 13 21 
1 28 6 12 9 5 26 29 3 2 20 10 4 15 18 17 14 22 11 30 38 31 33 39 34 35 32 36 37 19 25 7 23 27 8 24 16 13 21 
1 28 6 12 9 5 26 29 3 2 20 10 4 15 18 17 14 22 11 30 38 36 31 33 39 34 35 32 37 19 25 7 23 27 8 24 16 13 21 
1 28 6 12 9 5 26 29 3 2 20 10 4 15 18 17 14 22 11 30 38 36 32 35 34 39 33 31 37 19 25 7 23 27 8 24 16 13 21 
1 28 6 12 9 5 26 29 3 2 20 10 4 15 18 17 14 22 11 30 34 32 36 38 31 33 39 35 37 19 25 7 23 27 8 24 16 13 21 
1 28 6 12 9 5 26 29 3 2 20 10 4 15 18 17 14 22 11 30 38 31 32 39 34 35 33 36 37 19 25 7 23 27 8 24 16 13 21 
1 28 6 12 9 5 26 29 3 2 20 10 4 15 18 17 14 22 11 30 38 31 36 33 35 34 39 32 37 19 25 7 23 27 8 24 16 13 21 
1 28 6 12 9 5 26 29 3 2 20 10 4 15 18 17 14 22 11 30 38 36 33 35 34 39 32 31 37 19 25 7 23 27 8 24 16 13 21 
1 28 6 12 9 5 26 29 3 2 20 10 4 15 18 17 14 22 11 30 39 33 32 31 38 36 34 35 37 19 25 7 23 27 8 24 16 13 21 
1 28 6 12 9 5 26 29 3 2 20 10 4 15 18 17 14 22 11 30 34 35 33 39 32 31 38 36 37 19 25 7 23 27 8 24 16 13 21 
1 28 6 12 9 5 26 29 3 2 20 10 4 15 18 17 14 22 11 30 34 35 33 39 32 36 38 31 37 19 25 7 23 27 8 24 16 13 21 
1 28 6 12 9 5 26 29 3 2 20 10 4 15 18 17 14 22 11 30 34 35 32 39 33 36 38 31 37 19 25 7 23 27 8 24 16 13 21 
1 28 6 12 9 5 26 29 3 2 20 10 4 15 18 17 14 22 11 30 38 31 33 35 39 34 32 36 37 19 25 7 23 27 8 24 16 13 21 
1 28 6 12 9 5 26 29 3 2 20 10 4 15 18 17 14 22 11 30 38 36 31 33 35 39 34 32 37 19 25 7 23 27 8 24 16 13 21 
1 28 6 12 9 5 26 29 3 2 20 10 4 15 18 17 14 22 11 30 38 36 32 34 39 35 33 31 37 19 25 7 23 27 8 24 16 13 21 
1 28 6 12 9 5 26 29 3 2 20 10 4 15 18 17 14 22 11 30 34 32 35 39 33 31 38 36 37 19 25 7 23 27 8 24 16 13 21 
1 28 6 12 9 5 26 29 3 2 20 10 4 15 18 17 14 22 11 30 34 39 35 33 36 38 31 32 37 19 25 7 23 27 8 24 16 13 21 
1 28 6 12 9 5 26 29 3 2 20 10 4 15 18 17 14 22 11 30 38 31 33 39 34 32 36 35 37 19 25 7 23 27 8 24 16 13 21 
1 28 6 12 9 5 26 29 3 2 20 10 4 15 18 17 14 22 11 30 34 32 39 35 33 36 38 31 37 19 25 7 23 27 8 24 16 13 21 
1 28 6 12 9 5 26 29 3 2 20 10 4 15 18 17 14 22 11 30 39 33 32 35 34 36 38 31 37 19 25 7 23 27 8 24 16 13 21 
1 28 6 12 9 5 26 29 3 2 20 10 4 15 18 17 14 22 11 30 32 36 38 31 33 39 34 35 37 19 25 7 23 27 8 24 16 13 21 
1 28 6 12 9 5 26 29 3 2 20 10 4 15 18 17 14 22 11 30 34 36 38 31 33 35 39 32 37 19 25 7 23 27 8 24 16 13 21 
1 28 6 12 9 5 26 29 3 2 20 10 4 15 18 17 14 22 11 30 39 34 32 31 38 36 33 35 37 19 25 7 23 27 8 24 16 13 21 
1 28 6 12 9 5 26 29 3 2 20 10 4 15 18 17 14 22 11 30 38 31 33 39 34 32 35 36 37 19 25 7 23 27 8 24 16 13 21 
1 28 6 12 9 5 26 29 3 2 20 10 4 15 18 17 14 22 11 30 38 36 35 32 34 39 33 31 37 19 25 7 23 27 8 24 16 13 21 
1 28 6 12 9 5 26 29 3 2 20 10 4 15 18 17 14 22 11 30 39 35 33 32 34 36 38 31 37 19 25 7 23 27 8 24 16 13 21 
1 28 6 12 9 5 26 29 3 2 20 10 4 15 18 17 14 22 11 30 39 35 34 32 33 36 38 31 37 19 25 7 23 27 8 24 16 13 21 
1 28 6 12 9 5 26 29 3 2 20 10 4 15 18 17 14 22 11 30 34 39 33 35 36 38 31 32 37 19 25 7 23 27 8 24 16 13 21 
1 28 6 12 9 5 26 29 3 2 20 10 4 15 18 17 14 22 11 30 33 31 38 36 35 34 39 32 37 19 25 7 23 27 8 24 16 13 21 
1 28 6 12 9 5 26 29 3 2 20 10 4 15 18 17 14 22 11 30 33 32 31 38 36 34 39 35 37 19 25 7 23 27 8 24 16 13 21 
1 28 6 12 9 5 26 29 3 2 20 10 4 15 18 17 14 22 11 30 34 32 39 33 35 36 38 31 37 19 25 7 23 27 8 24 16 13 21 
1 28 6 12 9 5 26 29 3 2 20 10 4 15 18 17 14 22 11 30 39 35 34 36 38 31 33 32 37 19 25 7 23 27 8 24 16 13 21 
1 28 6 12 9 5 26 29 3 2 20 10 4 15 18 17 14 22 11 30 39 32 34 36 38 31 33 35 37 19 25 7 23 27 8 24 16 13 21 
1 28 6 12 9 5 26 29 3 2 20 10 4 15 18 17 14 22 11 30 32 35 34 39 33 31 38 36 37 19 25 7 23 27 8 24 16 13 21 
1 28 6 12 9 5 26 29 3 2 20 10 4 15 18 17 14 22 11 30 39 34 32 35 33 36 38 31 37 19 25 7 23 27 8 24 16 13 21 
1 28 6 12 9 5 26 29 3 2 20 10 4 15 18 17 14 22 11 30 38 31 32 33 36 34 39 35 37 19 25 7 23 27 8 24 16 13 21 
1 28 6 12 9 5 26 29 3 2 20 10 4 15 18 17 14 22 11 30 38 31 33 35 36 34 39 32 37 19 25 7 23 27 8 24 16 13 21 
1 28 6 12 9 5 26 29 3 2 20 10 4 15 18 17 14 22 11 30 38 31 33 36 35 34 39 32 37 19 25 7 23 27 8 24 16 13 21 
1 28 6 12 9 5 26 29 3 2 20 10 4 15 18 17 14 22 11 30 34 35 36 38 31 33 39 32 37 19 25 7 23 27 8 24 16 13 21 
1 28 6 12 9 5 26 29 3 2 20 10 4 15 18 17 14 22 11 30 34 36 38 31 32 33 39 35 37 19 25 7 23 27 8 24 16 13 21 
1 28 6 12 9 5 26 29 3 2 20 10 4 15 18 17 14 22 11 30 32 39 34 35 33 36 38 31 37 19 25 7 23 27 8 24 16 13 21 
1 28 6 12 9 5 26 29 3 2 20 10 4 15 18 17 14 22 11 30 39 34 35 33 31 38 36 32 37 19 25 7 23 27 8 24 16 13 21 
1 28 6 12 9 5 26 29 3 2 20 10 4 15 18 17 14 22 11 30 33 32 35 39 34 36 38 31 37 19 25 7 23 27 8 24 16 13 21 
1 28 6 12 9 5 26 29 3 2 20 10 4 15 18 17 14 22 11 30 39 33 32 34 35 36 38 31 37 19 25 7 23 27 8 24 16 13 21 
1 28 6 12 9 5 26 29 3 2 20 10 4 15 18 17 14 22 11 30 39 34 36 38 31 33 35 32 37 19 25 7 23 27 8 24 16 13 21 
1 28 6 12 9 5 26 29 3 2 20 10 4 15 18 17 14 22 11 30 32 34 39 35 33 31 38 36 37 19 25 7 23 27 8 24 16 13 21 
1 28 6 12 9 5 26 29 3 2 20 10 4 15 18 17 14 22 11 30 38 36 31 33 39 34 32 35 37 19 25 7 23 27 8 24 16 13 21 
1 28 6 12 9 5 26 29 3 2 20 10 4 15 18 17 14 22 11 30 39 32 34 35 33 31 38 36 37 19 25 7 23 27 8 24 16 13 21 
1 28 6 12 9 5 26 29 3 2 20 10 4 15 18 17 14 22 11 30 33 31 38 36 32 39 34 35 37 19 25 7 23 27 8 24 16 13 21 
1 28 6 12 9 5 26 29 3 2 20 10 4 15 18 17 14 22 11 30 38 31 32 33 35 39 34 36 37 19 25 7 23 27 8 24 16 13 21 
1 28 6 12 9 5 26 29 3 2 20 10 4 15 18 17 14 22 11 30 38 31 36 34 39 35 33 32 37 19 25 7 23 27 8 24 16 13 21 
1 28 6 12 9 5 26 29 3 2 20 10 4 15 18 17 14 22 11 30 38 36 34 39 35 33 32 31 37 19 25 7 23 27 8 24 16 13 21 
1 28 6 12 9 5 26 29 3 2 20 10 4 15 18 17 14 22 11 30 34 35 39 33 32 31 38 36 37 19 25 7 23 27 8 24 16 13 21 
1 28 6 12 9 5 26 29 3 2 20 10 4 15 18 17 14 22 11 30 34 35 39 33 32 36 38 31 37 19 25 7 23 27 8 24 16 13 21 
1 28 6 12 9 5 26 29 3 2 20 10 4 15 18 17 14 22 11 30 34 39 33 36 38 31 32 35 37 19 25 7 23 27 8 24 16 13 21 
1 28 6 12 9 5 26 29 3 2 20 10 4 15 18 17 14 22 11 30 32 34 39 33 31 38 36 35 37 19 25 7 23 27 8 24 16 13 21 
1 28 6 12 9 5 26 29 3 2 20 10 4 15 18 17 14 22 11 30 33 31 38 36 34 39 32 35 37 19 25 7 23 27 8 24 16 13 21 
1 28 6 12 9 5 26 29 3 2 20 10 4 15 18 17 14 22 11 30 38 31 32 33 39 34 36 35 37 19 25 7 23 27 8 24 16 13 21 
1 28 6 12 9 5 26 29 3 2 20 10 4 15 18 17 14 22 11 30 38 31 33 36 32 39 34 35 37 19 25 7 23 27 8 24 16 13 21 
1 28 6 12 9 5 26 29 3 2 20 10 4 15 18 17 14 22 11 30 38 36 33 31 32 39 34 35 37 19 25 7 23 27 8 24 16 13 21 
1 28 6 12 9 5 26 29 3 2 20 10 4 15 18 17 14 22 11 30 38 36 34 39 32 31 33 35 37 19 25 7 23 27 8 24 16 13 21 
1 28 6 12 9 5 26 29 3 2 20 10 4 15 18 17 14 22 11 30 38 31 33 32 39 35 34 36 37 19 25 7 23 27 8 24 16 13 21 
1 28 6 12 9 5 26 29 3 2 20 10 4 15 18 17 14 22 11 30 38 31 33 36 34 39 32 35 37 19 25 7 23 27 8 24 16 13 21 
1 28 6 12 9 5 26 29 3 2 20 10 4 15 18 17 14 22 11 30 38 36 34 35 39 32 33 31 37 19 25 7 23 27 8 24 16 13 21 
1 28 6 12 9 5 26 29 3 2 20 10 4 15 18 17 14 22 11 30 34 39 33 35 32 31 38 36 37 19 25 7 23 27 8 24 16 13 21 
1 28 6 12 9 5 26 29 3 2 20 10 4 15 18 17 14 22 11 30 34 39 33 35 32 36 38 31 37 19 25 7 23 27 8 24 16 13 21 
1 28 6 12 9 5 26 29 3 2 20 10 4 15 18 17 14 22 11 30 34 36 38 31 33 39 32 35 37 19 25 7 23 27 8 24 16 13 21 
1 28 6 12 9 5 26 29 3 2 20 10 4 15 18 17 14 22 11 30 38 31 32 33 39 34 35 36 37 19 25 7 23 27 8 24 16 13 21 
1 28 6 12 9 5 26 29 3 2 20 10 4 15 18 17 14 22 11 30 38 31 36 35 34 39 33 32 37 19 25 7 23 27 8 24 16 13 21 
1 28 6 12 9 5 26 29 3 2 20 10 4 15 18 17 14 22 11 30 38 36 35 34 39 33 32 31 37 19 25 7 23 27 8 24 16 13 21 
1 28 6 12 9 5 26 29 3 2 20 10 4 15 18 17 14 22 11 30 38 31 33 35 34 39 32 36 37 19 25 7 23 27 8 24 16 13 21 
1 28 6 12 9 5 26 29 3 2 20 10 4 15 18 17 14 22 11 30 38 36 31 33 35 34 39 32 37 19 25 7 23 27 8 24 16 13 21 
1 28 6 12 9 5 26 29 3 2 20 10 4 15 18 17 14 22 11 30 38 36 32 39 34 35 33 31 37 19 25 7 23 27 8 24 16 13 21 
1 28 6 12 9 5 26 29 3 2 20 10 4 15 18 17 14 22 11 30 33 32 34 39 35 36 38 31 37 19 25 7 23 27 8 24 16 13 21 
1 28 6 12 9 5 26 29 3 2 20 10 4 15 18 17 14 22 11 30 38 31 33 35 32 39 34 36 37 19 25 7 23 27 8 24 16 13 21 
1 28 6 12 9 5 26 29 3 2 20 10 4 15 18 17 14 22 11 30 38 36 34 39 32 35 33 31 37 19 25 7 23 27 8 24 16 13 21 
1 28 6 12 9 5 26 29 3 2 20 10 4 15 18 17 14 22 11 30 34 35 32 39 33 31 38 36 37 19 25 7 23 27 8 24 16 13 21 
1 28 6 12 9 5 26 29 3 2 20 10 4 15 18 17 14 22 11 30 34 39 35 33 31 38 36 32 37 19 25 7 23 27 8 24 16 13 21 
1 28 6 12 9 5 26 29 3 2 20 10 4 15 18 17 14 22 11 30 34 32 33 39 35 36 38 31 37 19 25 7 23 27 8 24 16 13 21 
1 28 6 12 9 5 26 29 3 2 20 10 4 15 18 17 14 22 11 30 34 32 39 35 33 31 38 36 37 19 25 7 23 27 8 24 16 13 21 
1 28 6 12 9 5 26 29 3 2 20 10 4 15 18 17 14 22 11 30 38 31 36 32 33 39 34 35 37 19 25 7 23 27 8 24 16 13 21 
1 28 6 12 9 5 26 29 3 2 20 10 4 15 18 17 14 22 11 30 38 36 31 32 33 39 34 35 37 19 25 7 23 27 8 24 16 13 21 
1 28 6 12 9 5 26 29 3 2 20 10 4 15 18 17 14 22 11 30 32 33 35 39 34 36 38 31 37 19 25 7 23 27 8 24 16 13 21 
1 28 6 12 9 5 26 29 3 2 20 10 4 15 18 17 14 22 11 30 38 31 36 34 39 33 32 35 37 19 25 7 23 27 8 24 16 13 21 
1 28 6 12 9 5 26 29 3 2 20 10 4 15 18 17 14 22 11 30 39 32 33 35 34 36 38 31 37 19 25 7 23 27 8 24 16 13 21 
1 28 6 12 9 5 26 29 3 2 20 10 4 15 18 17 14 22 11 30 34 32 39 33 31 38 36 35 37 19 25 7 23 27 8 24 16 13 21 
1 28 6 12 9 5 26 29 3 2 20 10 4 15 18 17 14 22 11 30 39 34 32 36 38 31 33 35 37 19 25 7 23 27 8 24 16 13 21 
1 28 6 12 9 5 26 29 3 2 20 10 4 15 18 17 14 22 11 30 39 35 34 32 33 31 38 36 37 19 25 7 23 27 8 24 16 13 21 
1 28 6 12 9 5 26 29 3 2 20 10 4 15 18 17 14 22 11 30 32 39 34 36 38 31 33 35 37 19 25 7 23 27 8 24 16 13 21 
1 28 6 12 9 5 26 29 3 2 20 10 4 15 18 17 14 22 11 30 34 39 33 31 38 36 35 32 37 19 25 7 23 27 8 24 16 13 21 
1 28 6 12 9 5 26 29 3 2 20 10 4 15 18 17 14 22 11 30 38 31 36 33 32 34 39 35 37 19 25 7 23 27 8 24 16 13 21 
1 28 6 12 9 5 26 29 3 2 20 10 4 15 18 17 14 22 11 30 39 34 32 35 33 31 38 36 37 19 25 7 23 27 8 24 16 13 21 
1 28 6 12 9 5 26 29 3 2 20 10 4 15 18 17 14 22 11 30 32 33 39 34 35 36 38 31 37 19 25 7 23 27 8 24 16 13 21 
1 28 6 12 9 5 26 29 3 2 20 10 4 15 18 17 14 22 11 30 38 31 33 32 36 34 39 35 37 19 25 7 23 27 8 24 16 13 21 
1 28 6 12 9 5 26 29 3 2 20 10 4 15 18 17 14 22 11 30 32 39 34 35 33 31 38 36 37 19 25 7 23 27 8 24 16 13 21 
1 28 6 12 9 5 26 29 3 2 20 10 4 15 18 17 14 22 11 30 34 39 33 31 38 36 32 35 37 19 25 7 23 27 8 24 16 13 21 
1 28 6 12 9 5 26 29 3 2 20 10 4 15 18 17 14 22 11 30 38 31 33 32 35 39 34 36 37 19 25 7 23 27 8 24 16 13 21 
1 28 6 12 9 5 26 29 3 2 20 10 4 15 18 17 14 22 11 30 38 36 34 39 35 32 33 31 37 19 25 7 23 27 8 24 16 13 21 
1 28 6 12 9 5 26 29 3 2 20 10 4 15 18 17 14 22 11 30 34 39 32 31 38 36 33 35 37 19 25 7 23 27 8 24 16 13 21 
1 28 6 12 9 5 26 29 3 2 20 10 4 15 18 17 14 22 11 30 34 35 39 32 33 36 38 31 37 19 25 7 23 27 8 24 16 13 21 
1 28 6 12 9 5 26 29 3 2 20 10 4 15 18 17 14 22 11 30 33 32 39 34 35 36 38 31 37 19 25 7 23 27 8 24 16 13 21 
1 28 6 12 9 5 26 29 3 2 20 10 4 15 18 17 14 22 11 30 39 34 36 38 31 32 33 35 37 19 25 7 23 27 8 24 16 13 21 
1 28 6 12 9 5 26 29 3 2 20 10 4 15 18 17 14 22 11 30 34 39 32 35 33 36 38 31 37 19 25 7 23 27 8 24 16 13 21 
1 28 6 12 9 5 26 29 3 2 20 10 4 15 18 17 14 22 11 30 39 34 35 33 32 31 38 36 37 19 25 7 23 27 8 24 16 13 21 
1 28 6 12 9 5 26 29 3 2 20 10 4 15 18 17 14 22 11 30 39 34 35 33 32 36 38 31 37 19 25 7 23 27 8 24 16 13 21 
1 28 6 12 9 5 26 29 3 2 20 10 4 15 18 17 14 22 11 30 32 33 31 38 36 34 39 35 37 19 25 7 23 27 8 24 16 13 21 
1 28 6 12 9 5 26 29 3 2 20 10 4 15 18 17 14 22 11 30 39 32 33 31 38 36 34 35 37 19 25 7 23 27 8 24 16 13 21 
1 28 6 12 9 5 26 29 3 2 20 10 4 15 18 17 14 22 11 30 38 31 33 32 34 39 35 36 37 19 25 7 23 27 8 24 16 13 21 
1 28 6 12 9 5 26 29 3 2 20 10 4 15 18 17 14 22 11 30 38 36 35 39 34 32 33 31 37 19 25 7 23 27 8 24 16 13 21 
1 28 6 12 9 5 26 29 3 2 20 10 4 15 18 17 14 22 11 30 39 34 35 32 33 36 38 31 37 19 25 7 23 27 8 24 16 13 21 
1 28 6 12 9 5 26 29 3 2 20 10 4 15 18 17 14 22 11 30 38 31 36 33 32 39 34 35 37 19 25 7 23 27 8 24 16 13 21 
1 28 6 12 9 5 26 29 3 2 20 10 4 15 18 17 14 22 11 30 38 31 36 34 39 32 33 35 37 19 25 7 23 27 8 24 16 13 21 
1 28 6 12 9 5 26 29 3 2 20 10 4 15 18 17 14 22 11 30 38 36 31 33 32 34 39 35 37 19 25 7 23 27 8 24 16 13 21 
1 28 6 12 9 5 26 29 3 2 20 10 4 15 18 17 14 22 11 30 39 34 32 33 35 36 38 31 37 19 25 7 23 27 8 24 16 13 21 
1 28 6 12 9 5 26 29 3 2 20 10 4 15 18 17 14 22 11 30 39 34 35 36 38 31 33 32 37 19 25 7 23 27 8 24 16 13 21 
1 28 6 12 9 5 26 29 3 2 20 10 4 15 18 17 14 22 11 30 34 39 35 33 32 31 38 36 37 19 25 7 23 27 8 24 16 13 21 
1 28 6 12 9 5 26 29 3 2 20 10 4 15 18 17 14 22 11 30 34 39 35 33 32 36 38 31 37 19 25 7 23 27 8 24 16 13 21 
1 28 6 12 9 5 26 29 3 2 20 10 4 15 18 17 14 22 11 30 34 36 38 31 33 32 39 35 37 19 25 7 23 27 8 24 16 13 21 
1 28 6 12 9 5 26 29 3 2 20 10 4 15 18 17 14 22 11 30 34 39 35 32 33 36 38 31 37 19 25 7 23 27 8 24 16 13 21 
1 28 6 12 9 5 26 29 3 2 20 10 4 15 18 17 14 22 11 30 34 39 33 32 31 38 36 35 37 19 25 7 23 27 8 24 16 13 21 
1 28 6 12 9 5 26 29 3 2 20 10 4 15 18 17 14 22 11 30 34 39 32 36 38 31 33 35 37 19 25 7 23 27 8 24 16 13 21 
1 28 6 12 9 5 26 29 3 2 20 10 4 15 18 17 14 22 11 30 34 35 39 32 33 31 38 36 37 19 25 7 23 27 8 24 16 13 21 
1 28 6 12 9 5 26 29 3 2 20 10 4 15 18 17 14 22 11 30 38 31 33 32 39 34 36 35 37 19 25 7 23 27 8 24 16 13 21 
1 28 6 12 9 5 26 29 3 2 20 10 4 15 18 17 14 22 11 30 34 39 33 32 35 36 38 31 37 19 25 7 23 27 8 24 16 13 21 
1 28 6 12 9 5 26 29 3 2 20 10 4 15 18 17 14 22 11 30 39 34 36 38 31 33 32 35 37 19 25 7 23 27 8 24 16 13 21 
1 28 6 12 9 5 26 29 3 2 20 10 4 15 18 17 14 22 11 30 34 39 32 35 33 31 38 36 37 19 25 7 23 27 8 24 16 13 21 
1 28 6 12 9 5 26 29 3 2 20 10 4 15 18 17 14 22 11 30 38 31 33 32 39 34 35 36 37 19 25 7 23 27 8 24 16 13 21 
1 28 6 12 9 5 26 29 3 2 20 10 4 15 18 17 14 22 11 30 38 36 35 34 39 32 33 31 37 19 25 7 23 27 8 24 16 13 21 
1 28 6 12 9 5 26 29 3 2 20 10 4 15 18 17 14 22 11 30 39 34 35 32 33 31 38 36 37 19 25 7 23 27 8 24 16 13 21 
1 28 6 12 9 5 26 29 3 2 20 10 4 15 18 17 14 22 11 30 34 39 35 36 38 31 33 32 37 19 25 7 23 27 8 24 16 13 21 
1 28 6 12 9 5 26 29 3 2 20 10 4 15 18 17 14 22 11 30 38 36 31 33 32 39 34 35 37 19 25 7 23 27 8 24 16 13 21 
1 28 6 12 9 5 26 29 3 2 20 10 4 15 18 17 14 22 11 30 39 34 32 33 31 38 36 35 37 19 25 7 23 27 8 24 16 13 21 
1 28 6 12 9 5 26 29 3 2 20 10 4 15 18 17 14 22 11 30 34 39 35 32 33 31 38 36 37 19 25 7 23 27 8 24 16 13 21 
1 28 6 12 9 5 26 29 3 2 20 10 4 15 18 17 14 22 11 30 34 39 32 33 35 36 38 31 37 19 25 7 23 27 8 24 16 13 21 
1 28 6 12 9 5 26 29 3 2 20 10 4 15 18 17 14 22 11 30 39 34 33 32 35 36 38 31 37 19 25 7 23 27 8 24 16 13 21 
1 28 6 12 9 5 26 29 3 2 20 10 4 15 18 17 14 22 11 30 34 39 32 33 31 38 36 35 37 19 25 7 23 27 8 24 16 13 21 
1 28 6 12 9 5 26 29 3 2 20 10 4 15 18 17 14 22 11 30 34 39 32 33 31 36 38 35 37 19 25 7 23 27 8 24 16 13 21 
0
2733 4252 
2742 4038 
2800 3964 
2801 3920 
2803 3916 
2803 3916 
2806 3910 
2812 3898 
2812 3898 
2812 3898 
2819 3884 
2819 3884 
2846 3872 
2847 3828 
2849 3824 
2852 3818 
2855 3812 
2864 3794 
2869 3784 
2869 3784 
2874 3774 
2875 3772 
2875 3772 
2875 3772 
2879 3764 
2880 3762 
2880 3762 
2880 3762 
2883 3756 
2883 3756 
2885 3752 
2886 3750 
2891 3740 
2895 3732 
2896 3730 
2897 3728 
2908 3706 
2908 3706 
2909 3704 
2911 3700 
2914 3694 
2915 3692 
2918 3686 
2920 3682 
2920 3682 
2920 3682 
2923 3676 
2923 3676 
2923 3676 
2924 3674 
2925 3672 
2925 3672 
2925 3672 
2925 3672 
2928 3666 
2932 3658 
2934 3654 
2934 3654 
2934 3654 
2934 3654 
2934 3654 
2934 3654 
2935 3652 
2935 3652 
2935 3652 
2936 3650 
2941 3640 
2944 3634 
2944 3634 
2944 3634 
2945 3632 
2945 3632 
2945 3632 
2946 3630 
2946 3630 
2949 3624 
2950 3622 
2951 3620 
2951 3620 
2953 3616 
2954 3614 
2955 3612 
2956 3610 
2956 3610 
2956 3610 
2960 3602 
2960 3602 
2961 3600 
2961 3600 
2961 3600 
2962 3598 
2963 3596 
2965 3592 
2968 3586 
2968 3586 
2968 3586 
2971 3580 
2972 3578 
2972 3578 
2973 3576 
2973 3576 
2973 3576 
2974 3574 
2974 3574 
2979 3564 
2981 3560 
2981 3560 
2981 3560 
2984 3554 
2984 3554 
2984 3554 
2987 3548 
2988 3546 
2990 3542 
2991 3540 
2991 3540 
2992 3538 
2993 3536 
2996 3530 
2998 3526 
2998 3526 
2998 3526 
3001 3520 
3001 3520 
3001 3520 
3001 3520 
3002 3518 
3002 3518 
3002 3518 
3003 3516 
3007 3508 
3007 3508 
3007 3508 
3008 3506 
3009 3504 
3009 3504 
3012 3498 
3012 3498 
3012 3498 
3012 3498 
3017 3488 
3017 3488 
3018 3486 
3022 3478 
3022 3478 
3028 3466 
3029 3464 
3029 3464 
3032 3458 
3032 3458 
3032 3458 
3032 3458 
3034 3454 
3035 3452 
3035 3452 
3039 3444 
3039 3444 
3041 3440 
3042 3438 
3043 3436 
3044 3434 
3044 3434 
3044 3434 
3046 3430 
3046 3430 
3047 3428 
3047 3428 
3049 3424 
3049 3424 
3050 3422 
3052 3418 
3052 3418 
3052 3418 
3055 3412 
3055 3412 
3055 3412 
3055 3412 
3057 3408 
3057 3408 
3057 3408 
3058 3406 
3058 3406 
3061 3400 
3064 3394 
3064 3394 
3064 3394 
3067 3388 
3067 3388 
3067 3388 
3068 3386 
3068 3386 
3069 3384 
3072 3378 
3072 3378 
3072 3378 
3075 3372 
3075 3372 
3075 3372 
3076 3370 
3078 3366 
3078 3366 
3080 3362 
3085 3352 
3087 3348 
3090 3342 
3092 3338 
3092 3338 
3095 3332 
3095 3332 
3095 3332 
3096 3330 
3097 3328 
3100 3322 
3104 3314 
3105 3312 
3105 3312 
3111 3300 
3112 3298 
3112 3298 
3115 3292 
3125 3272 
3126 3270 
3126 3270 
3130 3262 
3133 3256 
3139 3244 
3140 3242 
3144 3234 
3151 3220 
3151 3220 
3152 3218 
3152 3218 
3153 3216 
3153 3216 
3154 3214 
3168 3186 
3168 3186 
3173 3176 
3181 3160 
3188 3146 
3189 3144 
3189 3144 
3190 3142 
3192 3138 
3195 3132 
3198 3126 
3201 3120 
3205 3112 
3209 3104 
3211 3100 
3212 3098 
3216 3090 
3216 3090 
3222 3078 
3226 3070 
3236 3050 
3238 3046 
3260 3002 
3282 2958 
3319 2956 
3339 2844 
3451 2816 
