1 28 6 12 9 5 26 29 3 2 20 10 4 15 18 17 14 22 11 19 25 7 23 27 8 24 16 34 32 38 30 37 33 39 31 36 35 13 21 
1 28 6 12 9 5 26 29 3 2 20 10 4 15 18 17 14 22 11 19 25 7 23 27 8 24 16 34 32 38 30 37 36 31 39 33 35 13 21 
1 28 6 12 9 5 26 29 3 2 20 10 4 15 18 17 14 22 11 19 25 7 23 27 8 24 16 34 32 38 30 37 39 31 36 33 35 13 21 
1 28 6 12 9 5 26 29 3 2 20 10 4 15 18 17 14 22 11 19 25 7 23 27 8 24 16 34 32 38 30 37 33 36 39 31 35 13 21 
1 28 6 12 9 5 26 29 3 2 20 10 4 15 18 17 14 22 11 19 25 7 23 27 8 24 16 34 32 38 30 37 36 33 39 31 35 13 21 
1 28 6 12 9 5 26 29 3 2 20 10 4 15 18 17 14 22 11 19 25 7 23 27 8 24 16 34 32 38 30 37 33 39 36 31 35 13 21 
1 28 6 12 9 5 26 29 3 2 20 10 4 15 18 17 14 22 11 19 25 7 23 27 8 24 16 34 32 38 30 37 39 33 36 31 35 13 21 
1 28 6 12 9 5 26 29 3 2 20 10 4 15 18 17 14 22 11 19 25 7 23 27 8 24 16 34 32 31 39 33 38 30 37 36 35 13 21 
1 28 6 12 9 5 26 29 3 2 20 10 4 15 18 17 14 22 11 19 25 7 23 27 8 24 16 34 32 31 39 37 30 38 33 36 35 13 21 
1 28 6 12 9 5 26 29 3 2 20 10 4 15 18 17 14 22 11 19 25 7 23 27 8 24 16 34 32 38 30 37 31 39 33 36 35 13 21 
1 28 6 12 9 5 26 29 3 2 20 10 4 15 18 17 14 22 11 19 25 7 23 27 8 24 16 34 32 38 33 36 30 37 39 31 35 13 21 
1 28 6 12 9 5 26 29 3 2 20 10 4 15 18 17 14 22 11 19 25 7 23 27 8 24 16 34 32 38 33 37 30 36 39 31 35 13 21 
1 28 6 12 9 5 26 29 3 2 20 10 4 15 18 17 14 22 11 19 25 7 23 27 8 24 16 34 32 31 39 36 37 30 38 33 35 13 21 
1 28 6 12 9 5 26 29 3 2 20 10 4 15 18 17 14 22 11 19 25 7 23 27 8 24 16 34 32 38 30 37 31 39 36 33 35 13 21 
1 28 6 12 9 5 26 29 3 2 20 10 4 15 18 17 14 22 11 19 25 7 23 27 8 24 16 34 32 33 38 30 37 39 31 36 35 13 21 
1 28 6 12 9 5 26 29 3 2 20 10 4 15 18 17 14 22 11 19 25 7 23 27 8 24 16 34 32 38 33 30 37 39 31 36 35 13 21 
1 28 6 12 9 5 26 29 3 2 20 10 4 15 18 17 14 22 11 19 25 7 23 27 8 24 16 34 32 30 38 33 37 39 31 36 35 13 21 
1 28 6 12 9 5 26 29 3 2 20 10 4 15 18 17 14 22 11 19 25 7 23 27 8 24 16 34 32 38 30 33 37 39 31 36 35 13 21 
1 28 6 12 9 5 26 29 3 2 20 10 4 15 18 17 14 22 11 19 25 7 23 27 8 24 16 34 32 33 38 30 31 39 37 36 35 13 21 
1 28 6 12 9 5 26 29 3 2 20 10 4 15 18 17 14 22 11 19 25 7 23 27 8 24 16 34 32 38 33 30 31 39 37 36 35 13 21 
1 28 6 12 9 5 26 29 3 2 20 10 4 15 18 17 14 22 11 19 25 7 23 27 8 24 16 34 32 33 38 30 37 36 39 31 35 13 21 
1 28 6 12 9 5 26 29 3 2 20 10 4 15 18 17 14 22 11 19 25 7 23 27 8 24 16 34 32 38 33 30 37 36 39 31 35 13 21 
1 28 6 12 9 5 26 29 3 2 20 10 4 15 18 17 14 22 11 19 25 7 23 27 8 24 16 34 32 30 38 33 36 37 39 31 35 13 21 
1 28 6 12 9 5 26 29 3 2 20 10 4 15 18 17 14 22 11 19 25 7 23 27 8 24 16 34 32 30 38 33 37 36 39 31 35 13 21 
1 28 6 12 9 5 26 29 3 2 20 10 4 15 18 17 14 22 11 19 25 7 23 27 8 24 16 34 32 38 30 33 36 37 39 31 35 13 21 
1 28 6 12 9 5 26 29 3 2 20 10 4 15 18 17 14 22 11 19 25 7 23 27 8 24 16 34 32 38 30 33 37 36 39 31 35 13 21 
1 28 6 12 9 5 26 29 3 2 20 10 4 15 18 17 14 22 11 19 25 7 23 27 8 24 16 34 32 33 38 30 37 31 39 36 35 13 21 
1 28 6 12 9 5 26 29 3 2 20 10 4 15 18 17 14 22 11 19 25 7 23 27 8 24 16 34 32 38 33 30 37 31 39 36 35 13 21 
1 28 6 12 9 5 26 29 3 2 20 10 4 15 18 17 14 22 11 19 25 7 23 27 8 24 16 34 32 30 38 33 37 31 39 36 35 13 21 
1 28 6 12 9 5 26 29 3 2 20 10 4 15 18 17 14 22 11 19 25 7 23 27 8 24 16 34 32 30 38 33 39 31 37 36 35 13 21 
1 28 6 12 9 5 26 29 3 2 20 10 4 15 18 17 14 22 11 19 25 7 23 27 8 24 16 34 32 33 38 30 36 37 39 31 35 13 21 
1 28 6 12 9 5 26 29 3 2 20 10 4 15 18 17 14 22 11 19 25 7 23 27 8 24 16 34 32 38 30 33 37 31 39 36 35 13 21 
1 28 6 12 9 5 26 29 3 2 20 10 4 15 18 17 14 22 11 19 25 7 23 27 8 24 16 34 32 38 30 33 39 31 37 36 35 13 21 
1 28 6 12 9 5 26 29 3 2 20 10 4 15 18 17 14 22 11 19 25 7 23 27 8 24 16 34 32 38 33 30 36 37 39 31 35 13 21 
1 28 6 12 9 5 26 29 3 2 20 10 4 15 18 17 14 22 11 19 25 7 23 27 8 24 16 34 37 30 32 38 33 36 39 31 35 13 21 
1 28 6 12 9 5 26 29 3 2 20 10 4 15 18 17 14 22 11 19 25 7 23 27 8 24 16 34 37 30 38 32 33 36 39 31 35 13 21 
1 28 6 12 9 5 26 29 3 2 20 10 4 15 18 17 14 22 11 19 25 7 23 27 8 24 16 34 37 30 32 38 33 39 36 31 35 13 21 
1 28 6 12 9 5 26 29 3 2 20 10 4 15 18 17 14 22 11 19 25 7 23 27 8 24 16 34 37 30 38 32 33 39 36 31 35 13 21 
1 28 6 12 9 5 26 29 3 2 20 10 4 15 18 17 14 22 11 19 25 7 23 27 8 24 16 34 37 30 33 38 32 31 39 36 35 13 21 
1 28 6 12 9 5 26 29 3 2 20 10 4 15 18 17 14 22 11 19 25 7 23 27 8 24 16 34 37 30 38 33 32 31 39 36 35 13 21 
1 28 6 12 9 5 26 29 3 2 20 10 4 15 18 17 14 22 11 19 25 7 23 27 8 24 16 34 39 31 32 33 38 30 37 36 35 13 21 
1 28 6 12 9 5 26 29 3 2 20 10 4 15 18 17 14 22 11 19 25 7 23 27 8 24 16 34 39 31 32 38 33 30 37 36 35 13 21 
1 28 6 12 9 5 26 29 3 2 20 10 4 15 18 17 14 22 11 19 25 7 23 27 8 24 16 34 39 31 37 30 32 38 33 36 35 13 21 
1 28 6 12 9 5 26 29 3 2 20 10 4 15 18 17 14 22 11 19 25 7 23 27 8 24 16 34 39 31 37 30 38 32 33 36 35 13 21 
1 28 6 12 9 5 26 29 3 2 20 10 4 15 18 17 14 22 11 19 25 7 23 27 8 24 16 34 32 30 38 33 36 39 37 31 35 13 21 
1 28 6 12 9 5 26 29 3 2 20 10 4 15 18 17 14 22 11 19 25 7 23 27 8 24 16 34 32 30 38 33 39 36 37 31 35 13 21 
1 28 6 12 9 5 26 29 3 2 20 10 4 15 18 17 14 22 11 19 25 7 23 27 8 24 16 34 32 38 30 33 36 39 37 31 35 13 21 
1 28 6 12 9 5 26 29 3 2 20 10 4 15 18 17 14 22 11 19 25 7 23 27 8 24 16 34 32 38 30 33 39 36 37 31 35 13 21 
1 28 6 12 9 5 26 29 3 2 20 10 4 15 18 17 14 22 11 19 25 7 23 27 8 24 16 34 37 36 39 31 32 30 38 33 35 13 21 
1 28 6 12 9 5 26 29 3 2 20 10 4 15 18 17 14 22 11 19 25 7 23 27 8 24 16 34 37 36 39 31 32 38 30 33 35 13 21 
1 28 6 12 9 5 26 29 3 2 20 10 4 15 18 17 14 22 11 19 25 7 23 27 8 24 16 34 39 31 37 36 33 32 38 30 35 13 21 
1 28 6 12 9 5 26 29 3 2 20 10 4 15 18 17 14 22 11 19 25 7 23 27 8 24 16 34 39 31 37 36 33 38 32 30 35 13 21 
1 28 6 12 9 5 26 29 3 2 20 10 4 15 18 17 14 22 11 19 25 7 23 27 8 24 16 34 39 36 31 37 30 32 38 33 35 13 21 
1 28 6 12 9 5 26 29 3 2 20 10 4 15 18 17 14 22 11 19 25 7 23 27 8 24 16 34 39 36 31 37 30 38 32 33 35 13 21 
1 28 6 12 9 5 26 29 3 2 20 10 4 15 18 17 14 22 11 19 25 7 23 27 8 24 16 34 32 33 38 30 36 39 37 31 35 13 21 
1 28 6 12 9 5 26 29 3 2 20 10 4 15 18 17 14 22 11 19 25 7 23 27 8 24 16 34 32 38 33 30 36 39 37 31 35 13 21 
1 28 6 12 9 5 26 29 3 2 20 10 4 15 18 17 14 22 11 19 25 7 23 27 8 24 16 34 37 31 39 36 30 32 38 33 35 13 21 
1 28 6 12 9 5 26 29 3 2 20 10 4 15 18 17 14 22 11 19 25 7 23 27 8 24 16 34 37 31 39 36 30 38 32 33 35 13 21 
1 28 6 12 9 5 26 29 3 2 20 10 4 15 18 17 14 22 11 19 25 7 23 27 8 24 16 34 32 30 38 33 36 39 31 37 35 13 21 
1 28 6 12 9 5 26 29 3 2 20 10 4 15 18 17 14 22 11 19 25 7 23 27 8 24 16 34 32 38 30 33 36 39 31 37 35 13 21 
1 28 6 12 9 5 26 29 3 2 20 10 4 15 18 17 14 22 11 19 25 7 23 27 8 24 16 34 39 36 33 32 38 30 37 31 35 13 21 
1 28 6 12 9 5 26 29 3 2 20 10 4 15 18 17 14 22 11 19 25 7 23 27 8 24 16 34 39 36 33 38 32 30 37 31 35 13 21 
1 28 6 12 9 5 26 29 3 2 20 10 4 15 18 17 14 22 11 19 25 7 23 27 8 24 16 34 39 36 37 30 33 38 32 31 35 13 21 
1 28 6 12 9 5 26 29 3 2 20 10 4 15 18 17 14 22 11 19 25 7 23 27 8 24 16 34 39 36 37 30 38 33 32 31 35 13 21 
1 28 6 12 9 5 26 29 3 2 20 10 4 15 18 17 14 22 11 19 25 7 23 27 8 24 16 34 39 36 37 33 30 38 32 31 35 13 21 
1 28 6 12 9 5 26 29 3 2 20 10 4 15 18 17 14 22 11 19 25 7 23 27 8 24 16 34 39 36 37 33 38 30 32 31 35 13 21 
1 28 6 12 9 5 26 29 3 2 20 10 4 15 18 17 14 22 11 19 25 7 23 27 8 24 16 34 39 37 36 33 30 38 32 31 35 13 21 
1 28 6 12 9 5 26 29 3 2 20 10 4 15 18 17 14 22 11 19 25 7 23 27 8 24 16 34 39 37 36 33 38 30 32 31 35 13 21 
1 28 6 12 9 5 26 29 3 2 20 10 4 15 18 17 14 22 11 19 25 7 23 27 8 24 16 34 37 31 32 30 38 33 39 36 35 13 21 
1 28 6 12 9 5 26 29 3 2 20 10 4 15 18 17 14 22 11 19 25 7 23 27 8 24 16 34 37 31 32 38 30 33 39 36 35 13 21 
1 28 6 12 9 5 26 29 3 2 20 10 4 15 18 17 14 22 11 19 25 7 23 27 8 24 16 34 37 39 36 30 33 38 32 31 35 13 21 
1 28 6 12 9 5 26 29 3 2 20 10 4 15 18 17 14 22 11 19 25 7 23 27 8 24 16 34 37 39 36 30 38 33 32 31 35 13 21 
1 28 6 12 9 5 26 29 3 2 20 10 4 15 18 17 14 22 11 19 25 7 23 27 8 24 16 34 39 36 37 30 32 38 33 31 35 13 21 
1 28 6 12 9 5 26 29 3 2 20 10 4 15 18 17 14 22 11 19 25 7 23 27 8 24 16 34 39 36 37 30 38 32 33 31 35 13 21 
1 28 6 12 9 5 26 29 3 2 20 10 4 15 18 17 14 22 11 19 25 7 23 27 8 24 16 34 39 33 30 38 32 31 37 36 35 13 21 
1 28 6 12 9 5 26 29 3 2 20 10 4 15 18 17 14 22 11 19 25 7 23 27 8 24 16 34 39 33 32 38 30 36 37 31 35 13 21 
1 28 6 12 9 5 26 29 3 2 20 10 4 15 18 17 14 22 11 19 25 7 23 27 8 24 16 34 39 33 38 30 32 31 37 36 35 13 21 
1 28 6 12 9 5 26 29 3 2 20 10 4 15 18 17 14 22 11 19 25 7 23 27 8 24 16 34 39 33 38 32 30 36 37 31 35 13 21 
1 28 6 12 9 5 26 29 3 2 20 10 4 15 18 17 14 22 11 19 25 7 23 27 8 24 16 34 39 36 30 32 38 33 37 31 35 13 21 
1 28 6 12 9 5 26 29 3 2 20 10 4 15 18 17 14 22 11 19 25 7 23 27 8 24 16 34 39 36 30 38 32 33 37 31 35 13 21 
1 28 6 12 9 5 26 29 3 2 20 10 4 15 18 17 14 22 11 19 25 7 23 27 8 24 16 34 39 37 31 32 30 38 33 36 35 13 21 
1 28 6 12 9 5 26 29 3 2 20 10 4 15 18 17 14 22 11 19 25 7 23 27 8 24 16 34 39 37 31 32 38 30 33 36 35 13 21 
1 28 6 12 9 5 26 29 3 2 20 10 4 15 18 17 14 22 11 19 25 7 23 27 8 24 16 34 39 37 36 30 33 38 32 31 35 13 21 
1 28 6 12 9 5 26 29 3 2 20 10 4 15 18 17 14 22 11 19 25 7 23 27 8 24 16 34 39 37 36 30 38 33 32 31 35 13 21 
1 28 6 12 9 5 26 29 3 2 20 10 4 15 18 17 14 22 11 19 25 7 23 27 8 24 16 34 37 31 39 36 33 30 38 32 35 13 21 
1 28 6 12 9 5 26 29 3 2 20 10 4 15 18 17 14 22 11 19 25 7 23 27 8 24 16 34 37 31 39 36 33 38 30 32 35 13 21 
1 28 6 12 9 5 26 29 3 2 20 10 4 15 18 17 14 22 11 19 25 7 23 27 8 24 16 34 37 32 30 38 33 36 39 31 35 13 21 
1 28 6 12 9 5 26 29 3 2 20 10 4 15 18 17 14 22 11 19 25 7 23 27 8 24 16 34 37 32 38 30 33 36 39 31 35 13 21 
1 28 6 12 9 5 26 29 3 2 20 10 4 15 18 17 14 22 11 19 25 7 23 27 8 24 16 34 39 36 37 31 32 30 38 33 35 13 21 
1 28 6 12 9 5 26 29 3 2 20 10 4 15 18 17 14 22 11 19 25 7 23 27 8 24 16 34 39 36 37 31 32 38 30 33 35 13 21 
1 28 6 12 9 5 26 29 3 2 20 10 4 15 18 17 14 22 11 19 25 7 23 27 8 24 16 34 32 33 38 30 39 36 37 31 35 13 21 
1 28 6 12 9 5 26 29 3 2 20 10 4 15 18 17 14 22 11 19 25 7 23 27 8 24 16 34 32 38 33 30 39 36 37 31 35 13 21 
1 28 6 12 9 5 26 29 3 2 20 10 4 15 18 17 14 22 11 19 25 7 23 27 8 24 16 34 38 32 33 30 37 36 39 31 35 13 21 
1 28 6 12 9 5 26 29 3 2 20 10 4 15 18 17 14 22 11 19 25 7 23 27 8 24 16 34 38 33 32 30 37 36 39 31 35 13 21 
1 28 6 12 9 5 26 29 3 2 20 10 4 15 18 17 14 22 11 19 25 7 23 27 8 24 16 34 39 31 32 33 38 30 36 37 35 13 21 
1 28 6 12 9 5 26 29 3 2 20 10 4 15 18 17 14 22 11 19 25 7 23 27 8 24 16 34 39 31 32 38 33 30 36 37 35 13 21 
1 28 6 12 9 5 26 29 3 2 20 10 4 15 18 17 14 22 11 19 25 7 23 27 8 24 16 34 39 31 37 32 30 38 33 36 35 13 21 
1 28 6 12 9 5 26 29 3 2 20 10 4 15 18 17 14 22 11 19 25 7 23 27 8 24 16 34 39 31 37 32 38 30 33 36 35 13 21 
1 28 6 12 9 5 26 29 3 2 20 10 4 15 18 17 14 22 11 19 25 7 23 27 8 24 16 34 39 31 37 36 30 33 38 32 35 13 21 
1 28 6 12 9 5 26 29 3 2 20 10 4 15 18 17 14 22 11 19 25 7 23 27 8 24 16 34 39 31 37 36 30 38 33 32 35 13 21 
1 28 6 12 9 5 26 29 3 2 20 10 4 15 18 17 14 22 11 19 25 7 23 27 8 24 16 34 38 30 32 33 36 37 39 31 35 13 21 
1 28 6 12 9 5 26 29 3 2 20 10 4 15 18 17 14 22 11 19 25 7 23 27 8 24 16 34 38 30 32 33 37 36 39 31 35 13 21 
1 28 6 12 9 5 26 29 3 2 20 10 4 15 18 17 14 22 11 19 25 7 23 27 8 24 16 34 38 32 30 33 36 37 39 31 35 13 21 
1 28 6 12 9 5 26 29 3 2 20 10 4 15 18 17 14 22 11 19 25 7 23 27 8 24 16 34 38 32 30 33 37 36 39 31 35 13 21 
1 28 6 12 9 5 26 29 3 2 20 10 4 15 18 17 14 22 11 19 25 7 23 27 8 24 16 34 38 32 33 30 37 31 39 36 35 13 21 
1 28 6 12 9 5 26 29 3 2 20 10 4 15 18 17 14 22 11 19 25 7 23 27 8 24 16 34 38 33 32 30 37 31 39 36 35 13 21 
1 28 6 12 9 5 26 29 3 2 20 10 4 15 18 17 14 22 11 19 25 7 23 27 8 24 16 34 32 30 33 38 31 39 36 37 35 13 21 
1 28 6 12 9 5 26 29 3 2 20 10 4 15 18 17 14 22 11 19 25 7 23 27 8 24 16 34 32 33 30 38 31 39 36 37 35 13 21 
1 28 6 12 9 5 26 29 3 2 20 10 4 15 18 17 14 22 11 19 25 7 23 27 8 24 16 34 39 36 37 30 32 33 38 31 35 13 21 
1 28 6 12 9 5 26 29 3 2 20 10 4 15 18 17 14 22 11 19 25 7 23 27 8 24 16 34 39 36 37 30 33 32 38 31 35 13 21 
1 28 6 12 9 5 26 29 3 2 20 10 4 15 18 17 14 22 11 19 25 7 23 27 8 24 16 34 37 36 39 30 33 38 32 31 35 13 21 
1 28 6 12 9 5 26 29 3 2 20 10 4 15 18 17 14 22 11 19 25 7 23 27 8 24 16 34 37 36 39 30 38 33 32 31 35 13 21 
1 28 6 12 9 5 26 29 3 2 20 10 4 15 18 17 14 22 11 19 25 7 23 27 8 24 16 34 32 30 38 33 31 37 36 39 35 13 21 
1 28 6 12 9 5 26 29 3 2 20 10 4 15 18 17 14 22 11 19 25 7 23 27 8 24 16 34 32 38 30 33 31 37 36 39 35 13 21 
1 28 6 12 9 5 26 29 3 2 20 10 4 15 18 17 14 22 11 19 25 7 23 27 8 24 16 34 39 30 32 38 33 36 37 31 35 13 21 
1 28 6 12 9 5 26 29 3 2 20 10 4 15 18 17 14 22 11 19 25 7 23 27 8 24 16 34 39 30 38 32 33 36 37 31 35 13 21 
1 28 6 12 9 5 26 29 3 2 20 10 4 15 18 17 14 22 11 19 25 7 23 27 8 24 16 34 39 36 33 30 38 32 31 37 35 13 21 
1 28 6 12 9 5 26 29 3 2 20 10 4 15 18 17 14 22 11 19 25 7 23 27 8 24 16 34 39 36 33 30 38 32 37 31 35 13 21 
1 28 6 12 9 5 26 29 3 2 20 10 4 15 18 17 14 22 11 19 25 7 23 27 8 24 16 34 39 36 33 38 30 32 31 37 35 13 21 
1 28 6 12 9 5 26 29 3 2 20 10 4 15 18 17 14 22 11 19 25 7 23 27 8 24 16 34 39 36 33 38 30 32 37 31 35 13 21 
1 28 6 12 9 5 26 29 3 2 20 10 4 15 18 17 14 22 11 19 25 7 23 27 8 24 16 34 39 32 30 38 33 36 37 31 35 13 21 
1 28 6 12 9 5 26 29 3 2 20 10 4 15 18 17 14 22 11 19 25 7 23 27 8 24 16 34 39 32 38 30 33 36 37 31 35 13 21 
1 28 6 12 9 5 26 29 3 2 20 10 4 15 18 17 14 22 11 19 25 7 23 27 8 24 16 34 39 36 30 33 38 32 31 37 35 13 21 
1 28 6 12 9 5 26 29 3 2 20 10 4 15 18 17 14 22 11 19 25 7 23 27 8 24 16 34 39 36 30 33 38 32 37 31 35 13 21 
1 28 6 12 9 5 26 29 3 2 20 10 4 15 18 17 14 22 11 19 25 7 23 27 8 24 16 34 39 36 30 38 33 32 31 37 35 13 21 
1 28 6 12 9 5 26 29 3 2 20 10 4 15 18 17 14 22 11 19 25 7 23 27 8 24 16 34 39 36 30 38 33 32 37 31 35 13 21 
1 28 6 12 9 5 26 29 3 2 20 10 4 15 18 17 14 22 11 19 25 7 23 27 8 24 16 34 38 30 32 33 36 39 37 31 35 13 21 
1 28 6 12 9 5 26 29 3 2 20 10 4 15 18 17 14 22 11 19 25 7 23 27 8 24 16 34 38 30 32 33 39 36 37 31 35 13 21 
1 28 6 12 9 5 26 29 3 2 20 10 4 15 18 17 14 22 11 19 25 7 23 27 8 24 16 34 38 32 30 33 36 39 37 31 35 13 21 
1 28 6 12 9 5 26 29 3 2 20 10 4 15 18 17 14 22 11 19 25 7 23 27 8 24 16 34 38 32 30 33 39 36 37 31 35 13 21 
1 28 6 12 9 5 26 29 3 2 20 10 4 15 18 17 14 22 11 19 25 7 23 27 8 24 16 34 39 36 37 31 33 30 38 32 35 13 21 
1 28 6 12 9 5 26 29 3 2 20 10 4 15 18 17 14 22 11 19 25 7 23 27 8 24 16 34 39 36 37 31 33 38 30 32 35 13 21 
1 28 6 12 9 5 26 29 3 2 20 10 4 15 18 17 14 22 11 19 25 7 23 27 8 24 16 34 39 36 37 32 30 38 33 31 35 13 21 
1 28 6 12 9 5 26 29 3 2 20 10 4 15 18 17 14 22 11 19 25 7 23 27 8 24 16 34 39 36 37 32 38 30 33 31 35 13 21 
1 28 6 12 9 5 26 29 3 2 20 10 4 15 18 17 14 22 11 19 25 7 23 27 8 24 16 34 39 32 33 38 30 36 37 31 35 13 21 
1 28 6 12 9 5 26 29 3 2 20 10 4 15 18 17 14 22 11 19 25 7 23 27 8 24 16 34 39 32 38 33 30 36 37 31 35 13 21 
1 28 6 12 9 5 26 29 3 2 20 10 4 15 18 17 14 22 11 19 25 7 23 27 8 24 16 34 31 37 30 33 38 32 39 36 35 13 21 
1 28 6 12 9 5 26 29 3 2 20 10 4 15 18 17 14 22 11 19 25 7 23 27 8 24 16 34 31 37 30 38 33 32 39 36 35 13 21 
1 28 6 12 9 5 26 29 3 2 20 10 4 15 18 17 14 22 11 19 25 7 23 27 8 24 16 34 31 37 36 39 30 32 38 33 35 13 21 
1 28 6 12 9 5 26 29 3 2 20 10 4 15 18 17 14 22 11 19 25 7 23 27 8 24 16 34 31 37 36 39 30 38 32 33 35 13 21 
1 28 6 12 9 5 26 29 3 2 20 10 4 15 18 17 14 22 11 19 25 7 23 27 8 24 16 34 38 30 33 32 31 37 39 36 35 13 21 
1 28 6 12 9 5 26 29 3 2 20 10 4 15 18 17 14 22 11 19 25 7 23 27 8 24 16 34 38 32 33 30 36 39 37 31 35 13 21 
1 28 6 12 9 5 26 29 3 2 20 10 4 15 18 17 14 22 11 19 25 7 23 27 8 24 16 34 38 33 30 32 31 37 39 36 35 13 21 
1 28 6 12 9 5 26 29 3 2 20 10 4 15 18 17 14 22 11 19 25 7 23 27 8 24 16 34 38 33 32 30 36 39 37 31 35 13 21 
1 28 6 12 9 5 26 29 3 2 20 10 4 15 18 17 14 22 11 19 25 7 23 27 8 24 16 34 37 36 39 38 30 33 32 31 35 13 21 
1 28 6 12 9 5 26 29 3 2 20 10 4 15 18 17 14 22 11 19 25 7 23 27 8 24 16 34 37 36 39 38 33 30 32 31 35 13 21 
1 28 6 12 9 5 26 29 3 2 20 10 4 15 18 17 14 22 11 19 25 7 23 27 8 24 16 34 32 30 33 38 31 37 36 39 35 13 21 
1 28 6 12 9 5 26 29 3 2 20 10 4 15 18 17 14 22 11 19 25 7 23 27 8 24 16 34 32 33 30 38 31 37 36 39 35 13 21 
1 28 6 12 9 5 26 29 3 2 20 10 4 15 18 17 14 22 11 19 25 7 23 27 8 24 16 34 39 38 30 32 33 36 37 31 35 13 21 
1 28 6 12 9 5 26 29 3 2 20 10 4 15 18 17 14 22 11 19 25 7 23 27 8 24 16 34 39 38 32 30 33 36 37 31 35 13 21 
1 28 6 12 9 5 26 29 3 2 20 10 4 15 18 17 14 22 11 19 25 7 23 27 8 24 16 34 38 30 32 33 36 39 31 37 35 13 21 
1 28 6 12 9 5 26 29 3 2 20 10 4 15 18 17 14 22 11 19 25 7 23 27 8 24 16 34 38 30 33 32 31 39 36 37 35 13 21 
1 28 6 12 9 5 26 29 3 2 20 10 4 15 18 17 14 22 11 19 25 7 23 27 8 24 16 34 38 30 33 32 37 36 39 31 35 13 21 
1 28 6 12 9 5 26 29 3 2 20 10 4 15 18 17 14 22 11 19 25 7 23 27 8 24 16 34 38 32 30 33 36 39 31 37 35 13 21 
1 28 6 12 9 5 26 29 3 2 20 10 4 15 18 17 14 22 11 19 25 7 23 27 8 24 16 34 38 33 30 32 31 39 36 37 35 13 21 
1 28 6 12 9 5 26 29 3 2 20 10 4 15 18 17 14 22 11 19 25 7 23 27 8 24 16 34 38 33 30 32 37 36 39 31 35 13 21 
1 28 6 12 9 5 26 29 3 2 20 10 4 15 18 17 14 22 11 19 25 7 23 27 8 24 16 34 37 31 32 30 33 38 39 36 35 13 21 
1 28 6 12 9 5 26 29 3 2 20 10 4 15 18 17 14 22 11 19 25 7 23 27 8 24 16 34 37 31 32 33 30 38 39 36 35 13 21 
1 28 6 12 9 5 26 29 3 2 20 10 4 15 18 17 14 22 11 19 25 7 23 27 8 24 16 34 38 30 32 33 36 37 31 39 35 13 21 
1 28 6 12 9 5 26 29 3 2 20 10 4 15 18 17 14 22 11 19 25 7 23 27 8 24 16 34 38 32 30 33 36 37 31 39 35 13 21 
1 28 6 12 9 5 26 29 3 2 20 10 4 15 18 17 14 22 11 19 25 7 23 27 8 24 16 34 39 38 30 33 32 31 37 36 35 13 21 
1 28 6 12 9 5 26 29 3 2 20 10 4 15 18 17 14 22 11 19 25 7 23 27 8 24 16 34 39 38 32 33 30 36 37 31 35 13 21 
1 28 6 12 9 5 26 29 3 2 20 10 4 15 18 17 14 22 11 19 25 7 23 27 8 24 16 34 39 38 33 30 32 31 37 36 35 13 21 
1 28 6 12 9 5 26 29 3 2 20 10 4 15 18 17 14 22 11 19 25 7 23 27 8 24 16 34 39 38 33 32 30 36 37 31 35 13 21 
1 28 6 12 9 5 26 29 3 2 20 10 4 15 18 17 14 22 11 19 25 7 23 27 8 24 16 34 38 30 33 32 37 31 39 36 35 13 21 
1 28 6 12 9 5 26 29 3 2 20 10 4 15 18 17 14 22 11 19 25 7 23 27 8 24 16 34 38 32 33 30 36 39 31 37 35 13 21 
1 28 6 12 9 5 26 29 3 2 20 10 4 15 18 17 14 22 11 19 25 7 23 27 8 24 16 34 38 33 30 32 37 31 39 36 35 13 21 
1 28 6 12 9 5 26 29 3 2 20 10 4 15 18 17 14 22 11 19 25 7 23 27 8 24 16 34 38 33 32 30 36 39 31 37 35 13 21 
1 28 6 12 9 5 26 29 3 2 20 10 4 15 18 17 14 22 11 19 25 7 23 27 8 24 16 34 37 36 39 32 30 33 38 31 35 13 21 
1 28 6 12 9 5 26 29 3 2 20 10 4 15 18 17 14 22 11 19 25 7 23 27 8 24 16 34 37 36 39 32 33 30 38 31 35 13 21 
1 28 6 12 9 5 26 29 3 2 20 10 4 15 18 17 14 22 11 19 25 7 23 27 8 24 16 34 39 36 33 30 32 38 31 37 35 13 21 
1 28 6 12 9 5 26 29 3 2 20 10 4 15 18 17 14 22 11 19 25 7 23 27 8 24 16 34 39 36 33 32 30 38 31 37 35 13 21 
1 28 6 12 9 5 26 29 3 2 20 10 4 15 18 17 14 22 11 19 25 7 23 27 8 24 16 34 39 36 37 31 38 30 33 32 35 13 21 
1 28 6 12 9 5 26 29 3 2 20 10 4 15 18 17 14 22 11 19 25 7 23 27 8 24 16 34 39 36 37 31 38 33 30 32 35 13 21 
1 28 6 12 9 5 26 29 3 2 20 10 4 15 18 17 14 22 11 19 25 7 23 27 8 24 16 34 39 36 37 32 30 33 38 31 35 13 21 
1 28 6 12 9 5 26 29 3 2 20 10 4 15 18 17 14 22 11 19 25 7 23 27 8 24 16 34 39 36 37 32 33 30 38 31 35 13 21 
1 28 6 12 9 5 26 29 3 2 20 10 4 15 18 17 14 22 11 19 25 7 23 27 8 24 16 34 39 38 30 32 33 31 37 36 35 13 21 
1 28 6 12 9 5 26 29 3 2 20 10 4 15 18 17 14 22 11 19 25 7 23 27 8 24 16 34 39 38 32 30 33 31 37 36 35 13 21 
1 28 6 12 9 5 26 29 3 2 20 10 4 15 18 17 14 22 11 19 25 7 23 27 8 24 16 34 37 31 38 30 33 32 39 36 35 13 21 
1 28 6 12 9 5 26 29 3 2 20 10 4 15 18 17 14 22 11 19 25 7 23 27 8 24 16 34 37 31 38 33 30 32 39 36 35 13 21 
1 28 6 12 9 5 26 29 3 2 20 10 4 15 18 17 14 22 11 19 25 7 23 27 8 24 16 34 39 36 30 32 33 38 31 37 35 13 21 
1 28 6 12 9 5 26 29 3 2 20 10 4 15 18 17 14 22 11 19 25 7 23 27 8 24 16 34 39 36 30 33 32 38 31 37 35 13 21 
1 28 6 12 9 5 26 29 3 2 20 10 4 15 18 17 14 22 11 19 25 7 23 27 8 24 16 34 31 32 33 38 30 39 36 37 35 13 21 
1 28 6 12 9 5 26 29 3 2 20 10 4 15 18 17 14 22 11 19 25 7 23 27 8 24 16 34 31 32 38 33 30 39 36 37 35 13 21 
1 28 6 12 9 5 26 29 3 2 20 10 4 15 18 17 14 22 11 19 25 7 23 27 8 24 16 34 31 37 36 39 30 33 38 32 35 13 21 
1 28 6 12 9 5 26 29 3 2 20 10 4 15 18 17 14 22 11 19 25 7 23 27 8 24 16 34 31 37 36 39 30 38 33 32 35 13 21 
1 28 6 12 9 5 26 29 3 2 20 10 4 15 18 17 14 22 11 19 25 7 23 27 8 24 16 34 38 32 33 30 39 36 37 31 35 13 21 
1 28 6 12 9 5 26 29 3 2 20 10 4 15 18 17 14 22 11 19 25 7 23 27 8 24 16 34 38 33 32 30 39 36 37 31 35 13 21 
1 28 6 12 9 5 26 29 3 2 20 10 4 15 18 17 14 22 11 19 25 7 23 27 8 24 16 34 38 30 33 32 39 36 37 31 35 13 21 
1 28 6 12 9 5 26 29 3 2 20 10 4 15 18 17 14 22 11 19 25 7 23 27 8 24 16 34 38 33 30 32 39 36 37 31 35 13 21 
1 28 6 12 9 5 26 29 3 2 20 10 4 15 18 17 14 22 11 19 25 7 23 27 8 24 16 34 38 30 33 32 31 37 36 39 35 13 21 
1 28 6 12 9 5 26 29 3 2 20 10 4 15 18 17 14 22 11 19 25 7 23 27 8 24 16 34 38 33 30 32 31 37 36 39 35 13 21 
1 28 6 12 9 5 26 29 3 2 20 10 4 15 18 17 14 22 11 19 25 7 23 27 8 24 16 34 31 37 32 33 38 30 36 39 35 13 21 
1 28 6 12 9 5 26 29 3 2 20 10 4 15 18 17 14 22 11 19 25 7 23 27 8 24 16 34 31 37 32 38 33 30 36 39 35 13 21 
1 28 6 12 9 5 26 29 3 2 20 10 4 15 18 17 14 22 11 19 25 7 23 27 8 24 16 34 31 33 30 38 32 37 36 39 35 13 21 
1 28 6 12 9 5 26 29 3 2 20 10 4 15 18 17 14 22 11 19 25 7 23 27 8 24 16 34 31 33 38 30 32 37 36 39 35 13 21 
1 28 6 12 9 5 26 29 3 2 20 10 4 15 18 17 14 22 11 19 25 7 23 27 8 24 16 34 38 30 32 33 31 37 36 39 35 13 21 
1 28 6 12 9 5 26 29 3 2 20 10 4 15 18 17 14 22 11 19 25 7 23 27 8 24 16 34 38 32 30 33 31 37 36 39 35 13 21 
1 28 6 12 9 5 26 29 3 2 20 10 4 15 18 17 14 22 11 19 25 7 23 27 8 24 16 34 31 32 30 33 38 39 36 37 35 13 21 
1 28 6 12 9 5 26 29 3 2 20 10 4 15 18 17 14 22 11 19 25 7 23 27 8 24 16 34 31 32 33 30 38 39 36 37 35 13 21 
1 28 6 12 9 5 26 29 3 2 20 10 4 15 18 17 14 22 11 19 25 7 23 27 8 24 16 34 31 37 36 39 38 30 33 32 35 13 21 
1 28 6 12 9 5 26 29 3 2 20 10 4 15 18 17 14 22 11 19 25 7 23 27 8 24 16 34 31 37 36 39 38 33 30 32 35 13 21 
1 28 6 12 9 5 26 29 3 2 20 10 4 15 18 17 14 22 11 19 25 7 23 27 8 24 16 34 38 30 33 32 39 36 31 37 35 13 21 
1 28 6 12 9 5 26 29 3 2 20 10 4 15 18 17 14 22 11 19 25 7 23 27 8 24 16 34 38 33 30 32 39 36 31 37 35 13 21 
1 28 6 12 9 5 26 29 3 2 20 10 4 15 18 17 14 22 11 19 25 7 23 27 8 24 16 34 38 30 33 32 37 31 36 39 35 13 21 
1 28 6 12 9 5 26 29 3 2 20 10 4 15 18 17 14 22 11 19 25 7 23 27 8 24 16 34 38 33 30 32 37 31 36 39 35 13 21 
1 28 6 12 9 5 26 29 3 2 20 10 4 15 18 17 14 22 11 19 25 7 23 27 8 24 16 34 31 37 36 33 30 32 38 39 35 13 21 
1 28 6 12 9 5 26 29 3 2 20 10 4 15 18 17 14 22 11 19 25 7 23 27 8 24 16 34 31 37 36 33 32 30 38 39 35 13 21 
1 28 6 12 9 5 26 29 3 2 20 10 4 15 18 17 14 22 11 19 25 7 23 27 8 24 16 34 31 37 32 30 33 38 39 36 35 13 21 
1 28 6 12 9 5 26 29 3 2 20 10 4 15 18 17 14 22 11 19 25 7 23 27 8 24 16 34 31 37 32 33 30 38 39 36 35 13 21 
1 28 6 12 9 5 26 29 3 2 20 10 4 15 18 17 14 22 11 19 25 7 23 27 8 24 16 34 31 33 30 32 38 39 36 37 35 13 21 
1 28 6 12 9 5 26 29 3 2 20 10 4 15 18 17 14 22 11 19 25 7 23 27 8 24 16 34 31 33 32 30 38 39 36 37 35 13 21 
1 28 6 12 9 5 26 29 3 2 20 10 4 15 18 17 14 22 11 19 25 7 23 27 8 24 16 34 31 37 36 30 32 33 38 39 35 13 21 
1 28 6 12 9 5 26 29 3 2 20 10 4 15 18 17 14 22 11 19 25 7 23 27 8 24 16 34 31 37 36 30 33 32 38 39 35 13 21 
1 28 6 12 9 5 26 29 3 2 20 10 4 15 18 17 14 22 11 19 25 7 23 27 8 24 16 34 31 38 30 33 32 39 36 37 35 13 21 
1 28 6 12 9 5 26 29 3 2 20 10 4 15 18 17 14 22 11 19 25 7 23 27 8 24 16 34 31 38 33 30 32 39 36 37 35 13 21 
1 28 6 12 9 5 26 29 3 2 20 10 4 15 18 17 14 22 11 19 25 7 23 27 8 24 16 34 31 38 30 33 32 37 36 39 35 13 21 
1 28 6 12 9 5 26 29 3 2 20 10 4 15 18 17 14 22 11 19 25 7 23 27 8 24 16 34 31 38 33 30 32 37 36 39 35 13 21 
1 28 6 12 9 5 26 29 3 2 20 10 4 15 18 17 14 22 11 19 25 7 23 27 8 24 16 34 31 36 37 32 30 33 38 39 35 13 21 
1 28 6 12 9 5 26 29 3 2 20 10 4 15 18 17 14 22 11 19 25 7 23 27 8 24 16 34 31 36 37 32 33 30 38 39 35 13 21 
1 28 6 12 9 5 26 29 3 2 20 10 4 15 18 17 14 22 11 19 25 7 23 27 8 24 16 34 36 37 31 32 30 33 38 39 35 13 21 
1 28 6 12 9 5 26 29 3 2 20 10 4 15 18 17 14 22 11 19 25 7 23 27 8 24 16 34 36 37 31 32 33 30 38 39 35 13 21 
1 28 6 12 9 5 26 29 3 2 20 10 4 15 18 17 14 22 11 19 25 7 23 27 8 24 16 34 36 39 30 32 33 38 31 37 35 13 21 
1 28 6 12 9 5 26 29 3 2 20 10 4 15 18 17 14 22 11 19 25 7 23 27 8 24 16 34 36 39 30 33 32 38 31 37 35 13 21 
1 28 6 12 9 5 26 29 3 2 20 10 4 15 18 17 14 22 11 19 25 7 23 27 8 24 16 34 36 39 38 30 32 33 31 37 35 13 21 
1 28 6 12 9 5 26 29 3 2 20 10 4 15 18 17 14 22 11 19 25 7 23 27 8 24 16 34 36 39 38 32 30 33 31 37 35 13 21 
1 28 6 12 9 5 26 29 3 2 20 10 4 15 18 17 14 22 11 19 25 7 23 27 8 24 16 34 36 37 31 38 32 33 30 39 35 13 21 
1 28 6 12 9 5 26 29 3 2 20 10 4 15 18 17 14 22 11 19 25 7 23 27 8 24 16 34 36 37 31 38 33 32 30 39 35 13 21 
1 28 6 12 9 5 26 29 3 2 20 10 4 15 18 17 14 22 11 19 25 7 23 27 8 24 16 34 36 37 31 33 30 32 38 39 35 13 21 
1 28 6 12 9 5 26 29 3 2 20 10 4 15 18 17 14 22 11 19 25 7 23 27 8 24 16 34 36 37 31 33 32 30 38 39 35 13 21 
1 28 6 12 9 5 26 29 3 2 20 10 4 15 18 17 14 22 11 19 25 7 23 27 8 24 16 34 36 39 32 30 33 38 31 37 35 13 21 
1 28 6 12 9 5 26 29 3 2 20 10 4 15 18 17 14 22 11 19 25 7 23 27 8 24 16 34 36 39 32 33 30 38 31 37 35 13 21 
1 28 6 12 9 5 26 29 3 2 20 10 4 15 18 17 14 22 11 19 25 7 23 27 8 24 16 34 36 37 31 38 30 33 32 39 35 13 21 
1 28 6 12 9 5 26 29 3 2 20 10 4 15 18 17 14 22 11 19 25 7 23 27 8 24 16 34 36 37 31 38 33 30 32 39 35 13 21 
1 28 6 12 9 5 26 29 3 2 20 10 4 15 18 17 14 22 11 19 25 7 23 27 8 24 16 34 31 37 36 38 32 33 30 39 35 13 21 
1 28 6 12 9 5 26 29 3 2 20 10 4 15 18 17 14 22 11 19 25 7 23 27 8 24 16 34 31 37 36 38 33 32 30 39 35 13 21 
1 28 6 12 9 5 26 29 3 2 20 10 4 15 18 17 14 22 11 19 25 7 23 27 8 24 16 34 31 37 32 30 33 38 36 39 35 13 21 
1 28 6 12 9 5 26 29 3 2 20 10 4 15 18 17 14 22 11 19 25 7 23 27 8 24 16 34 31 37 32 33 30 38 36 39 35 13 21 
1 28 6 12 9 5 26 29 3 2 20 10 4 15 18 17 14 22 11 19 25 7 23 27 8 24 16 34 31 37 36 38 30 33 32 39 35 13 21 
1 28 6 12 9 5 26 29 3 2 20 10 4 15 18 17 14 22 11 19 25 7 23 27 8 24 16 34 31 37 36 38 33 30 32 39 35 13 21 
1 28 6 12 9 5 26 29 3 2 20 10 4 15 18 17 14 22 11 19 25 7 23 27 8 24 16 34 38 36 39 32 30 33 31 37 35 13 21 
1 28 6 12 9 5 26 29 3 2 20 10 4 15 18 17 14 22 11 19 25 7 23 27 8 24 16 34 38 36 37 31 33 30 32 39 35 13 21 
1 28 6 12 9 5 26 29 3 2 20 10 4 15 18 17 14 22 11 19 25 7 23 27 8 24 16 34 31 37 32 30 33 36 38 39 35 13 21 
1 28 6 12 9 5 26 29 3 2 20 10 4 15 18 17 14 22 11 19 25 7 23 27 8 24 16 34 31 38 36 39 30 33 32 37 35 13 21 
1 28 6 12 9 5 26 29 3 2 20 10 4 15 18 17 14 22 11 19 25 7 23 27 8 24 16 34 31 37 32 33 30 36 38 39 35 13 21 
1 28 6 12 9 5 26 29 3 2 20 10 4 15 18 17 14 22 11 19 25 7 23 27 8 24 16 34 31 33 30 32 37 36 38 39 35 13 21 
1 28 6 12 9 5 26 29 3 2 20 10 4 15 18 17 14 22 11 19 25 7 23 27 8 24 16 34 36 38 39 30 32 33 31 37 35 13 21 
1 28 6 12 9 5 26 29 3 2 20 10 4 15 18 17 14 22 11 19 25 7 23 27 8 24 16 34 36 38 39 32 30 33 31 37 35 13 21 
1 28 6 12 9 5 26 29 3 2 20 10 4 15 18 17 14 22 11 19 25 7 23 27 8 24 16 34 36 38 31 37 32 33 30 39 35 13 21 
1 28 6 12 9 5 26 29 3 2 20 10 4 15 18 17 14 22 11 19 25 7 23 27 8 24 16 34 36 38 31 33 30 39 32 37 35 13 21 
0
2913 5716 
2929 5635 
2929 5635 
2977 5494 
2977 5494 
3017 5491 
3017 5491 
3031 5440 
3031 5440 
3031 5440 
3031 5440 
3031 5440 
3047 5359 
3047 5359 
3075 5275 
3075 5275 
3103 5263 
3103 5263 
3125 5218 
3125 5218 
3139 5053 
3139 5053 
3167 5041 
3167 5041 
3167 5041 
3167 5041 
3193 4999 
3193 4999 
3221 4987 
3221 4987 
3221 4987 
3221 4987 
3221 4987 
3221 4987 
3239 4903 
3239 4903 
3279 4900 
3279 4900 
3293 4849 
3293 4849 
3321 4807 
3321 4807 
3321 4807 
3321 4807 
3325 4762 
3325 4762 
3325 4762 
3325 4762 
3337 4756 
3337 4756 
3371 4750 
3371 4750 
3377 4723 
3377 4723 
3379 4708 
3379 4708 
3391 4702 
3391 4702 
3419 4630 
3419 4630 
3425 4582 
3425 4582 
3425 4582 
3425 4582 
3453 4570 
3453 4570 
3453 4570 
3453 4570 
3479 4558 
3479 4558 
3479 4558 
3479 4558 
3495 4519 
3495 4519 
3507 4516 
3507 4516 
3507 4516 
3507 4516 
3507 4516 
3507 4516 
3507 4516 
3507 4516 
3507 4516 
3507 4516 
3519 4480 
3519 4480 
3519 4480 
3519 4480 
3523 4435 
3523 4435 
3561 4408 
3561 4408 
3581 4390 
3581 4390 
3601 4384 
3601 4384 
3601 4384 
3601 4384 
3601 4384 
3601 4384 
3609 4378 
3609 4378 
3609 4378 
3609 4378 
3635 4336 
3635 4336 
3645 4333 
3645 4333 
3651 4285 
3651 4285 
3661 4258 
3661 4258 
3677 4246 
3677 4246 
3689 4216 
3689 4216 
3705 4159 
3705 4159 
3705 4159 
3705 4159 
3727 4129 
3727 4129 
3759 4105 
3759 4105 
3759 4105 
3759 4105 
3767 4099 
3767 4099 
3767 4099 
3767 4099 
3775 4096 
3775 4096 
3775 4096 
3775 4096 
3781 4075 
3781 4075 
3811 4072 
3811 4072 
3817 4066 
3817 4066 
3821 4045 
3821 4045 
3821 4045 
3821 4045 
3823 4015 
3823 4015 
3833 4012 
3833 4012 
3851 3973 
3851 3973 
3861 3967 
3861 3967 
3861 3967 
3861 3967 
3861 3967 
3861 3967 
3877 3961 
3877 3961 
3891 3925 
3891 3925 
3905 3919 
3905 3919 
3905 3919 
3905 3919 
3915 3913 
3915 3913 
3915 3913 
3915 3913 
3925 3874 
3925 3874 
3931 3862 
3931 3862 
3931 3862 
3931 3862 
3931 3862 
3931 3862 
3975 3856 
3975 3856 
3979 3820 
3979 3820 
3985 3808 
3985 3808 
3999 3790 
3999 3790 
3999 3790 
3999 3790 
4003 3745 
4003 3745 
4041 3658 
4041 3658 
4049 3646 
4049 3646 
4099 3637 
4099 3637 
4115 3628 
4115 3628 
4119 3583 
4119 3583 
4161 3547 
4161 3547 
4161 3547 
4161 3547 
4175 3523 
4175 3523 
4183 3511 
4183 3511 
4191 3505 
4191 3505 
4215 3493 
4215 3493 
4231 3484 
4231 3484 
4245 3451 
4245 3451 
4263 3406 
4263 3406 
4271 3394 
4271 3394 
4325 3370 
4325 3370 
4341 3358 
4341 3358 
4375 3346 
4375 3346 
4381 3337 
4381 3337 
4405 3304 
4405 3304 
4411 3295 
4411 3295 
4413 3259 
4413 3259 
4443 3217 
4443 3217 
4483 3187 
4483 3187 
4499 3130 
4499 3130 
4521 3100 
4521 3100 
4655 3064 
4685 3022 
4735 2974 
4769 2962 
4789 2920 
4805 2911 
4909 2863 
4947 2776 
4949 2773 
5101 2752 
