0 107 241 190 124 80 316 76 152 157 283 133 113 297 228 129 348 276 188 150 65 341 184 67 221 169 108 45 167 3882 3313 3727 3530 3591 3689 3226 3894 3722 3672 
107 0 148 137 88 127 336 183 134 95 254 180 101 234 175 176 265 199 182 67 42 278 271 146 251 105 191 139 79 3877 3287 3258 3948 3814 3054 3240 3884 3318 3487 
241 148 0 374 171 259 509 317 217 232 491 312 280 391 412 349 422 356 355 204 182 435 417 292 424 116 337 273 77 3324 3076 3919 3338 3335 3878 3556 3287 3383 3302 
190 137 374 0 202 234 222 192 248 42 117 287 79 107 38 121 152 86 68 70 137 151 239 135 137 242 165 228 205 3107 3511 3181 3351 3186 3414 3327 3554 3135 3530 
124 88 171 202 0 61 392 202 46 160 319 112 163 322 240 232 314 287 238 155 65 366 300 175 307 57 220 121 97 3836 3468 3330 3488 3710 3951 3560 3538 3885 3238 
80 127 259 234 61 0 386 141 72 167 351 55 157 331 272 226 362 296 232 164 85 375 249 147 301 118 188 60 185 3825 3121 3551 3034 3852 3901 3064 3065 3077 3304 
316 336 509 222 392 386 0 233 438 254 202 439 235 254 210 187 313 266 154 282 321 298 168 249 95 437 190 314 435 3816 3447 3224 3328 3123 3825 3298 3675 2977 3260 
76 183 317 192 202 141 233 0 213 188 272 193 131 302 233 98 344 289 177 216 141 346 108 57 190 245 43 81 243 3060 3114 3182 3470 3016 3040 3308 3628 3361 3712 
152 134 217 248 46 72 438 213 0 206 365 89 209 368 286 278 360 333 284 201 111 412 321 221 353 72 266 132 111 3940 3629 3406 3197 3608 2997 3339 3142 3184 3650 
157 95 232 42 160 167 254 188 206 0 159 220 57 149 80 132 193 127 100 28 95 193 241 131 169 200 161 189 163 3307 3130 3386 3423 3113 3487 3949 3167 3537 3792 
283 254 491 117 319 351 202 272 365 159 0 404 176 106 79 161 165 141 95 187 254 103 279 215 117 359 216 308 322 3740 3718 3774 3831 3912 3011 3257 3623 3713 3300 
133 180 312 287 112 55 439 193 89 220 404 0 210 384 325 279 415 349 285 217 138 428 310 200 354 169 241 112 238 3237 3011 3705 3452 3651 3333 2975 3728 2981 3859 
113 101 280 79 163 157 235 131 209 57 176 210 0 186 117 75 231 165 81 85 92 230 184 74 150 208 104 158 206 3711 3051 3641 3013 3538 3494 3912 3734 3354 3496 
297 234 391 107 322 331 254 302 368 149 106 384 186 0 69 191 59 35 125 167 255 44 309 245 169 327 246 335 288 3254 3070 3694 3209 3033 3343 3058 48 3266 3114 
228 175 412 38 240 272 210 233 286 80 79 325 117 69 0 122 122 56 56 108 175 113 240 176 125 280 177 266 243 3086 3031 3689 3163 3200 3079 3328 3447 3291 3860 
129 176 349 121 232 226 187 98 278 132 161 279 75 191 122 0 244 178 66 160 161 235 118 62 92 277 55 155 275 3684 3739 3951 3796 3907 3569 3758 3005 3738 3092 
348 265 422 152 314 362 313 344 360 193 165 415 231 59 122 244 0 66 178 198 286 77 362 287 228 358 299 380 319 3357 3007 3525 2993 3590 3154 3804 3192 3919 3100 
276 199 356 86 287 296 266 289 333 127 141 349 165 35 56 178 66 0 112 132 220 79 296 232 181 292 233 314 253 3890 3092 3829 3170 3667 3452 3586 3784 3882 3881 
188 182 355 68 238 232 154 177 284 100 95 285 81 125 56 66 178 112 0 128 167 169 179 120 69 283 121 213 281 3404 3959 3255 3882 3043 3432 3773 3037 3542 3158 
150 67 204 70 155 164 282 216 201 28 187 217 85 167 108 160 198 132 128 0 88 211 269 159 197 172 189 182 135 3610 3088 3026 3575 3683 3824 3776 3839 3445 3307 
65 42 182 137 65 85 321 141 111 95 254 138 92 255 175 161 286 220 167 88 0 299 229 104 236 110 149 97 108 3357 3064 3857 3875 3262 3749 3181 3656 3399 3652 
341 278 435 151 366 375 298 346 412 193 103 428 230 44 113 235 77 79 169 211 299 0 353 289 213 371 290 379 332 3829 59 3435 3651 3239 3175 3767 3233 3589 3368 
184 271 417 239 300 249 168 108 321 241 279 310 184 309 240 118 362 296 179 269 229 353 0 121 162 345 80 189 342 3449 3871 3247 3809 3553 3219 3277 3243 3346 3230 
67 146 292 135 175 147 249 57 221 131 215 200 74 245 176 62 287 232 120 159 104 289 121 0 154 220 41 93 218 3681 3700 3105 3480 3875 3395 3265 3796 3552 3024 
221 251 424 137 307 301 95 190 353 169 117 354 150 169 125 92 228 181 69 197 236 213 162 154 0 352 147 247 350 3026 3271 3694 3486 3624 3820 3213 3932 3563 3095 
169 105 116 242 57 118 437 245 72 200 359 169 208 327 280 277 358 292 283 172 110 371 345 220 352 0 265 178 39 3649 3318 3165 3089 3924 3846 3722 3235 3925 3806 
108 191 337 165 220 188 190 43 266 161 216 241 104 246 177 55 299 233 121 189 149 290 80 41 147 265 0 124 263 3411 3130 3799 3096 3182 3382 3675 3606 3683 3286 
45 139 273 228 121 60 314 81 132 189 308 112 158 335 266 155 380 314 213 182 97 379 189 93 247 178 124 0 199 3162 3143 3716 3290 3759 3406 3762 3001 3295 3201 
167 79 77 205 97 185 435 243 111 163 322 238 206 288 243 275 319 253 281 135 108 332 342 218 350 39 263 199 0 3762 3037 3273 3580 3636 3642 3658 3927 3843 3881 
3882 3877 3324 3107 3836 3825 3816 3060 3940 3307 3740 3237 3711 3254 3086 3684 3357 3890 3404 3610 3357 3829 3449 3681 3026 3649 3411 3162 3762 0 294 270 138 99 270 99 591 342 6 
3313 3287 3076 3511 3468 3121 3447 3114 3629 3130 3718 3011 3051 3070 3031 3739 3007 3092 3959 3088 3064 59 3871 3700 3271 3318 3130 3143 3037 294 0 546 90 387 105 105 387 561 105 
3727 3258 3919 3181 3330 3551 3224 3182 3406 3386 3774 3705 3641 3694 3689 3951 3525 3829 3255 3026 3857 3435 3247 3105 3694 3165 3799 3716 3273 270 546 0 342 600 270 216 138 90 6 
3530 3948 3338 3351 3488 3034 3328 3470 3197 3423 3831 3452 3013 3209 3163 3796 2993 3170 3882 3575 3875 3651 3809 3480 3486 3089 3096 3290 3580 138 90 342 0 90 369 138 90 138 507 
3591 3814 3335 3186 3710 3852 3123 3016 3608 3113 3912 3651 3538 3033 3200 3907 3590 3667 3043 3683 3262 3239 3553 3875 3624 3924 3182 3759 3636 99 387 600 90 0 600 501 387 342 216 
3689 3054 3878 3414 3951 3901 3825 3040 2997 3487 3011 3333 3494 3343 3079 3569 3154 3452 3432 3824 3749 3175 3219 3395 3820 3846 3382 3406 3642 270 105 270 369 600 0 333 210 495 6 
3226 3240 3556 3327 3560 3064 3298 3308 3339 3949 3257 2975 3912 3058 3328 3758 3804 3586 3773 3776 3181 3767 3277 3265 3213 3722 3675 3762 3658 99 105 216 138 501 333 0 144 495 333 
3894 3884 3287 3554 3538 3065 3675 3628 3142 3167 3623 3728 3734 48 3447 3005 3192 3784 3037 3839 3656 3233 3243 3796 3932 3235 3606 3001 3927 591 387 138 90 387 210 144 0 513 180 
3722 3318 3383 3135 3885 3077 2977 3361 3184 3537 3713 2981 3354 3266 3291 3738 3919 3882 3542 3445 3399 3589 3346 3552 3563 3925 3683 3295 3843 342 561 90 138 342 495 495 513 0 459 
3672 3487 3302 3530 3238 3304 3260 3712 3650 3792 3300 3859 3496 3114 3860 3092 3100 3881 3158 3307 3652 3368 3230 3024 3095 3806 3286 3201 3881 6 105 6 507 216 6 333 180 459 0 

0 107 241 190 124 80 316 76 152 157 283 133 113 297 228 129 348 276 188 150 65 341 184 67 221 169 108 45 167 3750 3040 3560 3648 3705 3304 3202 3413 3378 3631 
107 0 148 137 88 127 336 183 134 95 254 180 101 234 175 176 265 199 182 67 42 278 271 146 251 105 191 139 79 3701 3850 3880 3430 3302 3957 3578 3229 3732 3322 
241 148 0 374 171 259 509 317 217 232 491 312 280 391 412 349 422 356 355 204 182 435 417 292 424 116 337 273 77 3734 3050 3870 3068 3654 3527 3317 2987 3891 3271 
190 137 374 0 202 234 222 192 248 42 117 287 79 107 38 121 152 86 68 70 137 151 239 135 137 242 165 228 205 3582 3885 3794 3734 3845 3856 3658 3781 3136 3538 
124 88 171 202 0 61 392 202 46 160 319 112 163 322 240 232 314 287 238 155 65 366 300 175 307 57 220 121 97 3563 3272 3790 3528 3622 3652 3720 3761 3734 3909 
80 127 259 234 61 0 386 141 72 167 351 55 157 331 272 226 362 296 232 164 85 375 249 147 301 118 188 60 185 3554 3709 3719 3380 3838 3303 3462 3832 3604 3284 
316 336 509 222 392 386 0 233 438 254 202 439 235 254 210 187 313 266 154 282 321 298 168 249 95 437 190 314 435 3534 3601 3075 3484 3095 3236 3251 2996 3053 3822 
76 183 317 192 202 141 233 0 213 188 272 193 131 302 233 98 344 289 177 216 141 346 108 57 190 245 43 81 243 3872 3639 3292 2975 3845 3560 3876 3242 3127 3007 
152 134 217 248 46 72 438 213 0 206 365 89 209 368 286 278 360 333 284 201 111 412 321 221 353 72 266 132 111 3472 3506 3366 3293 3689 3321 3088 3406 3328 3734 
157 95 232 42 160 167 254 188 206 0 159 220 57 149 80 132 193 127 100 28 95 193 241 131 169 200 161 189 163 2989 3257 3277 3302 3244 3767 3643 3108 3074 3781 
283 254 491 117 319 351 202 272 365 159 0 404 176 106 79 161 165 141 95 187 254 103 279 215 117 359 216 308 322 3729 3222 3393 3115 3123 3354 3308 3339 3702 3731 
133 180 312 287 112 55 439 193 89 220 404 0 210 384 325 279 415 349 285 217 138 428 310 200 354 169 241 112 238 3163 3360 3693 3101 3233 3928 3388 3300 3845 3051 
113 101 280 79 163 157 235 131 209 57 176 210 0 186 117 75 231 165 81 85 92 230 184 74 150 208 104 158 206 2990 3246 3288 3633 3148 3911 3066 3393 3881 3188 
297 234 391 107 322 331 254 302 368 149 106 384 186 0 69 191 59 35 125 167 255 44 309 245 169 327 246 335 288 3248 3344 3380 3521 3077 3913 3867 106 3570 3090 
228 175 412 38 240 272 210 233 286 80 79 325 117 69 0 122 122 56 56 108 175 113 240 176 125 280 177 266 243 3005 3737 3860 3278 2984 3612 3820 3126 3558 3714 
129 176 349 121 232 226 187 98 278 132 161 279 75 191 122 0 244 178 66 160 161 235 118 62 92 277 55 155 275 3104 3560 2987 3111 3311 3038 3245 3781 3101 3307 
348 265 422 152 314 362 313 344 360 193 165 415 231 59 122 244 0 66 178 198 286 77 362 287 228 358 299 380 319 3236 3349 3260 3247 3207 3739 3620 3546 3292 3704 
276 199 356 86 287 296 266 289 333 127 141 349 165 35 56 178 66 0 112 132 220 79 296 232 181 292 233 314 253 3335 3128 3453 3222 3730 3885 3194 3139 3739 3194 
188 182 355 68 238 232 154 177 284 100 95 285 81 125 56 66 178 112 0 128 167 169 179 120 69 283 121 213 281 3619 3022 3130 3081 3609 3368 3032 3911 3953 3912 
150 67 204 70 155 164 282 216 201 28 187 217 85 167 108 160 198 132 128 0 88 211 269 159 197 172 189 182 135 3386 3241 2994 3896 3019 3021 3276 3488 3418 3362 
65 42 182 137 65 85 321 141 111 95 254 138 92 255 175 161 286 220 167 88 0 299 229 104 236 110 149 97 108 3557 3360 3467 3130 3799 3884 3324 3892 3575 3758 
341 278 435 151 366 375 298 346 412 193 103 428 230 44 113 235 77 79 169 211 299 0 353 289 213 371 290 379 332 3412 70 3586 3136 3470 3419 3637 2989 3637 3848 
184 271 417 239 300 249 168 108 321 241 279 310 184 309 240 118 362 296 179 269 229 353 0 121 162 345 80 189 342 3447 3282 3823 3785 3945 3713 2992 3952 3953 3615 
67 146 292 135 175 147 249 57 221 131 215 200 74 245 176 62 287 232 120 159 104 289 121 0 154 220 41 93 218 3681 3081 3551 3600 3326 3759 3562 3058 3754 3272 
221 251 424 137 307 301 95 190 353 169 117 354 150 169 125 92 228 181 69 197 236 213 162 154 0 352 147 247 350 3237 3445 3366 3095 3392 3920 3720 3651 3439 3440 
169 105 116 242 57 118 437 245 72 200 359 169 208 327 280 277 358 292 283 172 110 371 345 220 352 0 265 178 39 3386 3173 3177 3593 3935 3704 3803 3291 3299 3807 
108 191 337 165 220 188 190 43 266 161 216 241 104 246 177 55 299 233 121 189 149 290 80 41 147 265 0 124 263 3892 2981 3311 3525 3618 3384 3881 3298 3186 3134 
45 139 273 228 121 60 314 81 132 189 308 112 158 335 266 155 380 314 213 182 97 379 189 93 247 178 124 0 199 3818 3183 3812 3407 3895 3129 3199 3703 3063 3029 
167 79 77 205 97 185 435 243 111 163 322 238 206 288 243 275 319 253 281 135 108 332 342 218 350 39 263 199 0 3415 3936 3178 3757 3184 3075 3773 3792 3536 3068 
3750 3701 3734 3582 3563 3554 3534 3872 3472 2989 3729 3163 2990 3248 3005 3104 3236 3335 3619 3386 3557 3412 3447 3681 3237 3386 3892 3818 3415 0 510 905 65 835 905 835 15 770 990 
3040 3850 3050 3885 3272 3709 3601 3639 3506 3257 3222 3360 3246 3344 3737 3560 3349 3128 3022 3241 3360 70 3282 3081 3445 3173 2981 3183 3936 510 0 90 355 850 825 825 850 630 825 
3560 3880 3870 3794 3790 3719 3075 3292 3366 3277 3393 3693 3288 3380 3860 2987 3260 3453 3130 2994 3467 3586 3823 3551 3366 3177 3311 3812 3178 905 90 0 770 0 905 640 770 850 990 
3648 3430 3068 3734 3528 3380 3484 2975 3293 3302 3115 3101 3633 3521 3278 3111 3247 3222 3081 3896 3130 3136 3785 3600 3095 3593 3525 3407 3757 65 355 770 0 355 385 65 355 65 155 
3705 3302 3654 3845 3622 3838 3095 3845 3689 3244 3123 3233 3148 3077 2984 3311 3207 3730 3609 3019 3799 3470 3945 3326 3392 3935 3618 3895 3184 835 850 0 355 0 0 165 850 430 640 
3304 3957 3527 3856 3652 3303 3236 3560 3321 3767 3354 3928 3911 3913 3612 3038 3739 3885 3368 3021 3884 3419 3713 3759 3920 3704 3384 3129 3075 905 825 905 385 0 0 445 650 175 990 
3202 3578 3317 3658 3720 3462 3251 3876 3088 3643 3308 3388 3066 3867 3820 3245 3620 3194 3032 3276 3324 3637 2992 3562 3720 3803 3881 3199 3773 835 825 640 65 165 445 0 760 175 445 
3413 3229 2987 3781 3761 3832 2996 3242 3406 3108 3339 3300 3393 106 3126 3781 3546 3139 3911 3488 3892 2989 3952 3058 3651 3291 3298 3703 3792 15 850 770 355 850 650 760 0 145 700 
3378 3732 3891 3136 3734 3604 3053 3127 3328 3074 3702 3845 3881 3570 3558 3101 3292 3739 3953 3418 3575 3637 3953 3754 3439 3299 3186 3063 3536 770 630 850 65 430 175 175 145 0 235 
3631 3322 3271 3538 3909 3284 3822 3007 3734 3781 3731 3051 3188 3090 3714 3307 3704 3194 3912 3362 3758 3848 3615 3272 3440 3807 3134 3029 3068 990 825 990 155 640 990 445 700 235 0 
