1 28 6 12 9 5 26 29 3 2 20 10 4 15 18 17 14 22 11 19 25 33 32 34 31 36 39 35 38 30 37 7 23 27 8 24 16 13 21 
1 28 6 12 9 5 26 29 3 2 20 10 4 15 18 17 14 22 11 19 25 33 30 38 35 39 36 31 34 32 37 7 23 27 8 24 16 13 21 
1 28 6 12 9 5 26 29 3 2 20 10 4 15 18 17 14 22 11 19 25 33 32 34 31 35 39 36 38 30 37 7 23 27 8 24 16 13 21 
1 28 6 12 9 5 26 29 3 2 20 10 4 15 18 17 14 22 11 19 25 33 30 38 36 39 35 31 34 32 37 7 23 27 8 24 16 13 21 
1 28 6 12 9 5 26 29 3 2 20 10 4 15 18 17 14 22 11 19 25 33 32 34 39 35 31 36 38 30 37 7 23 27 8 24 16 13 21 
1 28 6 12 9 5 26 29 3 2 20 10 4 15 18 17 14 22 11 19 25 33 30 38 36 31 35 39 32 34 37 7 23 27 8 24 16 13 21 
1 28 6 12 9 5 26 29 3 2 20 10 4 15 18 17 14 22 11 19 25 33 30 38 36 31 35 39 34 32 37 7 23 27 8 24 16 13 21 
1 28 6 12 9 5 26 29 3 2 20 10 4 15 18 17 14 22 11 19 25 33 32 34 31 39 35 36 38 30 37 7 23 27 8 24 16 13 21 
1 28 6 12 9 5 26 29 3 2 20 10 4 15 18 17 14 22 11 19 25 33 30 38 36 35 39 31 34 32 37 7 23 27 8 24 16 13 21 
1 28 6 12 9 5 26 29 3 2 20 10 4 15 18 17 14 22 11 19 25 33 32 34 30 38 36 31 35 39 37 7 23 27 8 24 16 13 21 
1 28 6 12 9 5 26 29 3 2 20 10 4 15 18 17 14 22 11 19 25 33 32 39 35 31 36 38 30 34 37 7 23 27 8 24 16 13 21 
1 28 6 12 9 5 26 29 3 2 20 10 4 15 18 17 14 22 11 19 25 33 39 35 31 36 38 30 34 32 37 7 23 27 8 24 16 13 21 
1 28 6 12 9 5 26 29 3 2 20 10 4 15 18 17 14 22 11 19 25 33 30 38 36 31 34 32 39 35 37 7 23 27 8 24 16 13 21 
1 28 6 12 9 5 26 29 3 2 20 10 4 15 18 17 14 22 11 19 25 33 32 34 39 36 31 35 38 30 37 7 23 27 8 24 16 13 21 
1 28 6 12 9 5 26 29 3 2 20 10 4 15 18 17 14 22 11 19 25 33 32 34 30 38 35 39 36 31 37 7 23 27 8 24 16 13 21 
1 28 6 12 9 5 26 29 3 2 20 10 4 15 18 17 14 22 11 19 25 33 30 38 35 31 36 39 32 34 37 7 23 27 8 24 16 13 21 
1 28 6 12 9 5 26 29 3 2 20 10 4 15 18 17 14 22 11 19 25 33 30 38 35 31 36 39 34 32 37 7 23 27 8 24 16 13 21 
1 28 6 12 9 5 26 29 3 2 20 10 4 15 18 17 14 22 11 19 25 33 30 38 35 39 31 36 32 34 37 7 23 27 8 24 16 13 21 
1 28 6 12 9 5 26 29 3 2 20 10 4 15 18 17 14 22 11 19 25 33 32 34 30 38 36 39 35 31 37 7 23 27 8 24 16 13 21 
1 28 6 12 9 5 26 29 3 2 20 10 4 15 18 17 14 22 11 19 25 33 32 36 31 34 39 35 38 30 37 7 23 27 8 24 16 13 21 
1 28 6 12 9 5 26 29 3 2 20 10 4 15 18 17 14 22 11 19 25 33 30 38 35 39 32 34 31 36 37 7 23 27 8 24 16 13 21 
1 28 6 12 9 5 26 29 3 2 20 10 4 15 18 17 14 22 11 19 25 33 30 38 35 39 32 36 31 34 37 7 23 27 8 24 16 13 21 
1 28 6 12 9 5 26 29 3 2 20 10 4 15 18 17 14 22 11 19 25 33 30 38 35 39 34 31 36 32 37 7 23 27 8 24 16 13 21 
1 28 6 12 9 5 26 29 3 2 20 10 4 15 18 17 14 22 11 19 25 33 39 35 31 34 32 36 38 30 37 7 23 27 8 24 16 13 21 
1 28 6 12 9 5 26 29 3 2 20 10 4 15 18 17 14 22 11 19 25 33 30 38 36 35 39 32 34 31 37 7 23 27 8 24 16 13 21 
1 28 6 12 9 5 26 29 3 2 20 10 4 15 18 17 14 22 11 19 25 33 32 34 39 35 36 31 38 30 37 7 23 27 8 24 16 13 21 
1 28 6 12 9 5 26 29 3 2 20 10 4 15 18 17 14 22 11 19 25 33 30 38 36 32 34 31 35 39 37 7 23 27 8 24 16 13 21 
1 28 6 12 9 5 26 29 3 2 20 10 4 15 18 17 14 22 11 19 25 33 30 38 36 32 39 35 31 34 37 7 23 27 8 24 16 13 21 
1 28 6 12 9 5 26 29 3 2 20 10 4 15 18 17 14 22 11 19 25 33 30 38 31 36 35 39 32 34 37 7 23 27 8 24 16 13 21 
1 28 6 12 9 5 26 29 3 2 20 10 4 15 18 17 14 22 11 19 25 33 30 38 31 36 35 39 34 32 37 7 23 27 8 24 16 13 21 
1 28 6 12 9 5 26 29 3 2 20 10 4 15 18 17 14 22 11 19 25 33 32 34 30 38 36 31 39 35 37 7 23 27 8 24 16 13 21 
1 28 6 12 9 5 26 29 3 2 20 10 4 15 18 17 14 22 11 19 25 33 30 38 35 39 36 32 34 31 37 7 23 27 8 24 16 13 21 
1 28 6 12 9 5 26 29 3 2 20 10 4 15 18 17 14 22 11 19 25 33 32 34 31 36 30 38 35 39 37 7 23 27 8 24 16 13 21 
1 28 6 12 9 5 26 29 3 2 20 10 4 15 18 17 14 22 11 19 25 33 32 39 35 38 30 36 31 34 37 7 23 27 8 24 16 13 21 
1 28 6 12 9 5 26 29 3 2 20 10 4 15 18 17 14 22 11 19 25 33 39 35 38 30 36 31 34 32 37 7 23 27 8 24 16 13 21 
1 28 6 12 9 5 26 29 3 2 20 10 4 15 18 17 14 22 11 19 25 33 32 34 31 39 36 35 38 30 37 7 23 27 8 24 16 13 21 
1 28 6 12 9 5 26 29 3 2 20 10 4 15 18 17 14 22 11 19 25 33 30 38 35 39 34 32 36 31 37 7 23 27 8 24 16 13 21 
1 28 6 12 9 5 26 29 3 2 20 10 4 15 18 17 14 22 11 19 25 33 30 38 35 36 39 31 34 32 37 7 23 27 8 24 16 13 21 
1 28 6 12 9 5 26 29 3 2 20 10 4 15 18 17 14 22 11 19 25 33 32 34 39 31 36 35 38 30 37 7 23 27 8 24 16 13 21 
1 28 6 12 9 5 26 29 3 2 20 10 4 15 18 17 14 22 11 19 25 33 30 38 31 35 39 36 32 34 37 7 23 27 8 24 16 13 21 
1 28 6 12 9 5 26 29 3 2 20 10 4 15 18 17 14 22 11 19 25 33 30 38 36 32 34 39 35 31 37 7 23 27 8 24 16 13 21 
1 28 6 12 9 5 26 29 3 2 20 10 4 15 18 17 14 22 11 19 25 33 32 34 30 38 35 31 36 39 37 7 23 27 8 24 16 13 21 
1 28 6 12 9 5 26 29 3 2 20 10 4 15 18 17 14 22 11 19 25 33 32 39 36 31 35 38 30 34 37 7 23 27 8 24 16 13 21 
1 28 6 12 9 5 26 29 3 2 20 10 4 15 18 17 14 22 11 19 25 33 39 36 31 35 38 30 34 32 37 7 23 27 8 24 16 13 21 
1 28 6 12 9 5 26 29 3 2 20 10 4 15 18 17 14 22 11 19 25 33 30 38 35 36 31 39 32 34 37 7 23 27 8 24 16 13 21 
1 28 6 12 9 5 26 29 3 2 20 10 4 15 18 17 14 22 11 19 25 33 30 38 35 36 31 39 34 32 37 7 23 27 8 24 16 13 21 
1 28 6 12 9 5 26 29 3 2 20 10 4 15 18 17 14 22 11 19 25 33 32 34 30 38 35 39 31 36 37 7 23 27 8 24 16 13 21 
1 28 6 12 9 5 26 29 3 2 20 10 4 15 18 17 14 22 11 19 25 33 32 36 31 39 35 38 30 34 37 7 23 27 8 24 16 13 21 
1 28 6 12 9 5 26 29 3 2 20 10 4 15 18 17 14 22 11 19 25 33 32 34 39 31 35 36 38 30 37 7 23 27 8 24 16 13 21 
1 28 6 12 9 5 26 29 3 2 20 10 4 15 18 17 14 22 11 19 25 33 32 34 30 38 36 35 39 31 37 7 23 27 8 24 16 13 21 
1 28 6 12 9 5 26 29 3 2 20 10 4 15 18 17 14 22 11 19 25 33 32 39 34 31 36 35 38 30 37 7 23 27 8 24 16 13 21 
1 28 6 12 9 5 26 29 3 2 20 10 4 15 18 17 14 22 11 19 25 33 39 32 34 31 36 35 38 30 37 7 23 27 8 24 16 13 21 
1 28 6 12 9 5 26 29 3 2 20 10 4 15 18 17 14 22 11 19 25 33 30 38 36 35 31 39 32 34 37 7 23 27 8 24 16 13 21 
1 28 6 12 9 5 26 29 3 2 20 10 4 15 18 17 14 22 11 19 25 33 30 38 36 35 31 39 34 32 37 7 23 27 8 24 16 13 21 
1 28 6 12 9 5 26 29 3 2 20 10 4 15 18 17 14 22 11 19 25 33 30 38 36 39 32 34 31 35 37 7 23 27 8 24 16 13 21 
1 28 6 12 9 5 26 29 3 2 20 10 4 15 18 17 14 22 11 19 25 33 32 34 39 35 38 30 36 31 37 7 23 27 8 24 16 13 21 
1 28 6 12 9 5 26 29 3 2 20 10 4 15 18 17 14 22 11 19 25 33 30 38 35 36 31 34 32 39 37 7 23 27 8 24 16 13 21 
1 28 6 12 9 5 26 29 3 2 20 10 4 15 18 17 14 22 11 19 25 33 30 38 35 36 31 34 39 32 37 7 23 27 8 24 16 13 21 
1 28 6 12 9 5 26 29 3 2 20 10 4 15 18 17 14 22 11 19 25 33 30 38 36 31 39 35 32 34 37 7 23 27 8 24 16 13 21 
1 28 6 12 9 5 26 29 3 2 20 10 4 15 18 17 14 22 11 19 25 33 30 38 36 32 34 31 39 35 37 7 23 27 8 24 16 13 21 
1 28 6 12 9 5 26 29 3 2 20 10 4 15 18 17 14 22 11 19 25 33 32 34 30 38 31 36 39 35 37 7 23 27 8 24 16 13 21 
1 28 6 12 9 5 26 29 3 2 20 10 4 15 18 17 14 22 11 19 25 33 32 36 31 34 30 38 35 39 37 7 23 27 8 24 16 13 21 
1 28 6 12 9 5 26 29 3 2 20 10 4 15 18 17 14 22 11 19 25 33 32 39 35 38 30 34 31 36 37 7 23 27 8 24 16 13 21 
1 28 6 12 9 5 26 29 3 2 20 10 4 15 18 17 14 22 11 19 25 33 39 35 38 30 34 31 36 32 37 7 23 27 8 24 16 13 21 
1 28 6 12 9 5 26 29 3 2 20 10 4 15 18 17 14 22 11 19 25 33 32 39 34 31 35 36 38 30 37 7 23 27 8 24 16 13 21 
1 28 6 12 9 5 26 29 3 2 20 10 4 15 18 17 14 22 11 19 25 33 39 32 34 31 35 36 38 30 37 7 23 27 8 24 16 13 21 
1 28 6 12 9 5 26 29 3 2 20 10 4 15 18 17 14 22 11 19 25 33 32 34 31 30 38 36 39 35 37 7 23 27 8 24 16 13 21 
1 28 6 12 9 5 26 29 3 2 20 10 4 15 18 17 14 22 11 19 25 33 32 35 39 34 31 36 38 30 37 7 23 27 8 24 16 13 21 
1 28 6 12 9 5 26 29 3 2 20 10 4 15 18 17 14 22 11 19 25 33 32 39 35 36 38 30 34 31 37 7 23 27 8 24 16 13 21 
1 28 6 12 9 5 26 29 3 2 20 10 4 15 18 17 14 22 11 19 25 33 39 35 32 34 31 36 38 30 37 7 23 27 8 24 16 13 21 
1 28 6 12 9 5 26 29 3 2 20 10 4 15 18 17 14 22 11 19 25 33 30 38 35 31 39 36 32 34 37 7 23 27 8 24 16 13 21 
1 28 6 12 9 5 26 29 3 2 20 10 4 15 18 17 14 22 11 19 25 33 30 38 36 35 31 34 32 39 37 7 23 27 8 24 16 13 21 
1 28 6 12 9 5 26 29 3 2 20 10 4 15 18 17 14 22 11 19 25 33 30 38 36 35 31 34 39 32 37 7 23 27 8 24 16 13 21 
1 28 6 12 9 5 26 29 3 2 20 10 4 15 18 17 14 22 11 19 25 33 32 39 35 38 36 31 34 30 37 7 23 27 8 24 16 13 21 
1 28 6 12 9 5 26 29 3 2 20 10 4 15 18 17 14 22 11 19 25 33 32 34 31 36 38 30 35 39 37 7 23 27 8 24 16 13 21 
1 28 6 12 9 5 26 29 3 2 20 10 4 15 18 17 14 22 11 19 25 33 32 36 38 30 34 31 35 39 37 7 23 27 8 24 16 13 21 
1 28 6 12 9 5 26 29 3 2 20 10 4 15 18 17 14 22 11 19 25 33 32 39 35 30 38 36 31 34 37 7 23 27 8 24 16 13 21 
1 28 6 12 9 5 26 29 3 2 20 10 4 15 18 17 14 22 11 19 25 33 32 39 35 31 34 30 38 36 37 7 23 27 8 24 16 13 21 
1 28 6 12 9 5 26 29 3 2 20 10 4 15 18 17 14 22 11 19 25 33 39 35 30 38 36 31 34 32 37 7 23 27 8 24 16 13 21 
1 28 6 12 9 5 26 29 3 2 20 10 4 15 18 17 14 22 11 19 25 33 39 35 31 34 30 38 36 32 37 7 23 27 8 24 16 13 21 
1 28 6 12 9 5 26 29 3 2 20 10 4 15 18 17 14 22 11 19 25 33 30 38 36 31 34 32 35 39 37 7 23 27 8 24 16 13 21 
1 28 6 12 9 5 26 29 3 2 20 10 4 15 18 17 14 22 11 19 25 33 30 38 36 31 34 39 35 32 37 7 23 27 8 24 16 13 21 
1 28 6 12 9 5 26 29 3 2 20 10 4 15 18 17 14 22 11 19 25 33 30 34 31 36 38 35 39 32 37 7 23 27 8 24 16 13 21 
1 28 6 12 9 5 26 29 3 2 20 10 4 15 18 17 14 22 11 19 25 33 32 34 30 38 31 36 35 39 37 7 23 27 8 24 16 13 21 
1 28 6 12 9 5 26 29 3 2 20 10 4 15 18 17 14 22 11 19 25 33 32 39 35 36 31 38 30 34 37 7 23 27 8 24 16 13 21 
1 28 6 12 9 5 26 29 3 2 20 10 4 15 18 17 14 22 11 19 25 33 39 35 36 31 38 30 34 32 37 7 23 27 8 24 16 13 21 
1 28 6 12 9 5 26 29 3 2 20 10 4 15 18 17 14 22 11 19 25 33 32 36 39 34 31 35 38 30 37 7 23 27 8 24 16 13 21 
1 28 6 12 9 5 26 29 3 2 20 10 4 15 18 17 14 22 11 19 25 33 39 36 32 34 31 35 38 30 37 7 23 27 8 24 16 13 21 
1 28 6 12 9 5 26 29 3 2 20 10 4 15 18 17 14 22 11 19 25 33 30 38 35 36 39 32 34 31 37 7 23 27 8 24 16 13 21 
1 28 6 12 9 5 26 29 3 2 20 10 4 15 18 17 14 22 11 19 25 33 32 34 31 30 38 36 35 39 37 7 23 27 8 24 16 13 21 
1 28 6 12 9 5 26 29 3 2 20 10 4 15 18 17 14 22 11 19 25 33 32 39 35 36 38 30 31 34 37 7 23 27 8 24 16 13 21 
1 28 6 12 9 5 26 29 3 2 20 10 4 15 18 17 14 22 11 19 25 33 39 35 36 38 30 31 34 32 37 7 23 27 8 24 16 13 21 
1 28 6 12 9 5 26 29 3 2 20 10 4 15 18 17 14 22 11 19 25 33 32 36 39 35 38 30 34 31 37 7 23 27 8 24 16 13 21 
1 28 6 12 9 5 26 29 3 2 20 10 4 15 18 17 14 22 11 19 25 33 32 34 31 35 39 36 30 38 37 7 23 27 8 24 16 13 21 
1 28 6 12 9 5 26 29 3 2 20 10 4 15 18 17 14 22 11 19 25 33 32 34 39 35 31 36 30 38 37 7 23 27 8 24 16 13 21 
1 28 6 12 9 5 26 29 3 2 20 10 4 15 18 17 14 22 11 19 25 33 32 39 35 36 31 34 30 38 37 7 23 27 8 24 16 13 21 
1 28 6 12 9 5 26 29 3 2 20 10 4 15 18 17 14 22 11 19 25 33 32 39 35 36 31 34 38 30 37 7 23 27 8 24 16 13 21 
1 28 6 12 9 5 26 29 3 2 20 10 4 15 18 17 14 22 11 19 25 33 30 38 34 31 36 35 39 32 37 7 23 27 8 24 16 13 21 
1 28 6 12 9 5 26 29 3 2 20 10 4 15 18 17 14 22 11 19 25 33 32 34 31 36 39 35 30 38 37 7 23 27 8 24 16 13 21 
1 28 6 12 9 5 26 29 3 2 20 10 4 15 18 17 14 22 11 19 25 33 32 36 39 35 31 34 30 38 37 7 23 27 8 24 16 13 21 
1 28 6 12 9 5 26 29 3 2 20 10 4 15 18 17 14 22 11 19 25 33 32 36 39 35 31 34 38 30 37 7 23 27 8 24 16 13 21 
1 28 6 12 9 5 26 29 3 2 20 10 4 15 18 17 14 22 11 19 25 33 30 38 34 31 35 39 36 32 37 7 23 27 8 24 16 13 21 
1 28 6 12 9 5 26 29 3 2 20 10 4 15 18 17 14 22 11 19 25 33 32 36 31 35 39 34 30 38 37 7 23 27 8 24 16 13 21 
1 28 6 12 9 5 26 29 3 2 20 10 4 15 18 17 14 22 11 19 25 33 32 36 31 35 39 34 38 30 37 7 23 27 8 24 16 13 21 
1 28 6 12 9 5 26 29 3 2 20 10 4 15 18 17 14 22 11 19 25 33 39 35 31 36 32 34 30 38 37 7 23 27 8 24 16 13 21 
1 28 6 12 9 5 26 29 3 2 20 10 4 15 18 17 14 22 11 19 25 33 39 35 31 36 32 34 38 30 37 7 23 27 8 24 16 13 21 
1 28 6 12 9 5 26 29 3 2 20 10 4 15 18 17 14 22 11 19 25 33 30 38 34 32 39 35 36 31 37 7 23 27 8 24 16 13 21 
1 28 6 12 9 5 26 29 3 2 20 10 4 15 18 17 14 22 11 19 25 33 30 38 34 32 36 31 35 39 37 7 23 27 8 24 16 13 21 
1 28 6 12 9 5 26 29 3 2 20 10 4 15 18 17 14 22 11 19 25 33 30 38 34 32 39 35 31 36 37 7 23 27 8 24 16 13 21 
1 28 6 12 9 5 26 29 3 2 20 10 4 15 18 17 14 22 11 19 25 33 30 38 34 39 35 31 36 32 37 7 23 27 8 24 16 13 21 
1 28 6 12 9 5 26 29 3 2 20 10 4 15 18 17 14 22 11 19 25 33 32 34 39 35 36 31 30 38 37 7 23 27 8 24 16 13 21 
1 28 6 12 9 5 26 29 3 2 20 10 4 15 18 17 14 22 11 19 25 33 30 34 32 39 35 31 36 38 37 7 23 27 8 24 16 13 21 
1 28 6 12 9 5 26 29 3 2 20 10 4 15 18 17 14 22 11 19 25 33 32 34 31 39 35 36 30 38 37 7 23 27 8 24 16 13 21 
1 28 6 12 9 5 26 29 3 2 20 10 4 15 18 17 14 22 11 19 25 33 30 38 34 32 36 39 35 31 37 7 23 27 8 24 16 13 21 
1 28 6 12 9 5 26 29 3 2 20 10 4 15 18 17 14 22 11 19 25 33 32 34 38 30 36 31 35 39 37 7 23 27 8 24 16 13 21 
1 28 6 12 9 5 26 29 3 2 20 10 4 15 18 17 14 22 11 19 25 33 32 39 35 31 36 30 38 34 37 7 23 27 8 24 16 13 21 
1 28 6 12 9 5 26 29 3 2 20 10 4 15 18 17 14 22 11 19 25 33 39 35 31 36 30 38 34 32 37 7 23 27 8 24 16 13 21 
1 28 6 12 9 5 26 29 3 2 20 10 4 15 18 17 14 22 11 19 25 33 32 39 36 35 31 34 30 38 37 7 23 27 8 24 16 13 21 
1 28 6 12 9 5 26 29 3 2 20 10 4 15 18 17 14 22 11 19 25 33 32 39 36 35 31 34 38 30 37 7 23 27 8 24 16 13 21 
1 28 6 12 9 5 26 29 3 2 20 10 4 15 18 17 14 22 11 19 25 33 30 38 34 32 39 36 31 35 37 7 23 27 8 24 16 13 21 
1 28 6 12 9 5 26 29 3 2 20 10 4 15 18 17 14 22 11 19 25 33 32 34 38 30 36 39 35 31 37 7 23 27 8 24 16 13 21 
1 28 6 12 9 5 26 29 3 2 20 10 4 15 18 17 14 22 11 19 25 33 32 35 39 36 31 34 30 38 37 7 23 27 8 24 16 13 21 
1 28 6 12 9 5 26 29 3 2 20 10 4 15 18 17 14 22 11 19 25 33 32 35 39 36 31 34 38 30 37 7 23 27 8 24 16 13 21 
1 28 6 12 9 5 26 29 3 2 20 10 4 15 18 17 14 22 11 19 25 33 32 36 35 39 31 34 30 38 37 7 23 27 8 24 16 13 21 
1 28 6 12 9 5 26 29 3 2 20 10 4 15 18 17 14 22 11 19 25 33 32 36 35 39 31 34 38 30 37 7 23 27 8 24 16 13 21 
1 28 6 12 9 5 26 29 3 2 20 10 4 15 18 17 14 22 11 19 25 33 30 38 34 31 35 36 39 32 37 7 23 27 8 24 16 13 21 
1 28 6 12 9 5 26 29 3 2 20 10 4 15 18 17 14 22 11 19 25 33 30 38 34 32 36 31 39 35 37 7 23 27 8 24 16 13 21 
1 28 6 12 9 5 26 29 3 2 20 10 4 15 18 17 14 22 11 19 25 33 30 38 34 31 36 39 35 32 37 7 23 27 8 24 16 13 21 
1 28 6 12 9 5 26 29 3 2 20 10 4 15 18 17 14 22 11 19 25 33 30 38 34 31 39 35 36 32 37 7 23 27 8 24 16 13 21 
1 28 6 12 9 5 26 29 3 2 20 10 4 15 18 17 14 22 11 19 25 33 32 34 38 30 31 36 39 35 37 7 23 27 8 24 16 13 21 
1 28 6 12 9 5 26 29 3 2 20 10 4 15 18 17 14 22 11 19 25 33 39 35 31 34 32 36 30 38 37 7 23 27 8 24 16 13 21 
1 28 6 12 9 5 26 29 3 2 20 10 4 15 18 17 14 22 11 19 25 33 30 36 31 34 32 39 35 38 37 7 23 27 8 24 16 13 21 
1 28 6 12 9 5 26 29 3 2 20 10 4 15 18 17 14 22 11 19 25 33 30 38 34 31 36 32 39 35 37 7 23 27 8 24 16 13 21 
1 28 6 12 9 5 26 29 3 2 20 10 4 15 18 17 14 22 11 19 25 33 32 34 38 30 31 36 35 39 37 7 23 27 8 24 16 13 21 
1 28 6 12 9 5 26 29 3 2 20 10 4 15 18 17 14 22 11 19 25 33 32 39 35 31 36 38 34 30 37 7 23 27 8 24 16 13 21 
1 28 6 12 9 5 26 29 3 2 20 10 4 15 18 17 14 22 11 19 25 33 32 39 35 36 31 30 38 34 37 7 23 27 8 24 16 13 21 
1 28 6 12 9 5 26 29 3 2 20 10 4 15 18 17 14 22 11 19 25 33 39 35 36 31 30 38 34 32 37 7 23 27 8 24 16 13 21 
1 28 6 12 9 5 26 29 3 2 20 10 4 15 18 17 14 22 11 19 25 33 32 34 38 30 36 31 39 35 37 7 23 27 8 24 16 13 21 
1 28 6 12 9 5 26 29 3 2 20 10 4 15 18 17 14 22 11 19 25 33 30 34 38 36 31 35 39 32 37 7 23 27 8 24 16 13 21 
1 28 6 12 9 5 26 29 3 2 20 10 4 15 18 17 14 22 11 19 25 33 32 34 39 36 31 35 30 38 37 7 23 27 8 24 16 13 21 
1 28 6 12 9 5 26 29 3 2 20 10 4 15 18 17 14 22 11 19 25 33 30 38 34 32 39 36 35 31 37 7 23 27 8 24 16 13 21 
1 28 6 12 9 5 26 29 3 2 20 10 4 15 18 17 14 22 11 19 25 33 30 34 32 39 36 31 35 38 37 7 23 27 8 24 16 13 21 
1 28 6 12 9 5 26 29 3 2 20 10 4 15 18 17 14 22 11 19 25 33 32 34 38 30 35 39 36 31 37 7 23 27 8 24 16 13 21 
1 28 6 12 9 5 26 29 3 2 20 10 4 15 18 17 14 22 11 19 25 33 30 38 34 32 35 39 36 31 37 7 23 27 8 24 16 13 21 
1 28 6 12 9 5 26 29 3 2 20 10 4 15 18 17 14 22 11 19 25 33 30 38 34 32 36 35 39 31 37 7 23 27 8 24 16 13 21 
1 28 6 12 9 5 26 29 3 2 20 10 4 15 18 17 14 22 11 19 25 33 30 34 32 36 31 39 35 38 37 7 23 27 8 24 16 13 21 
1 28 6 12 9 5 26 29 3 2 20 10 4 15 18 17 14 22 11 19 25 33 32 34 39 36 35 31 30 38 37 7 23 27 8 24 16 13 21 
1 28 6 12 9 5 26 29 3 2 20 10 4 15 18 17 14 22 11 19 25 33 32 34 30 31 36 39 35 38 37 7 23 27 8 24 16 13 21 
1 28 6 12 9 5 26 29 3 2 20 10 4 15 18 17 14 22 11 19 25 33 32 34 38 35 39 36 31 30 37 7 23 27 8 24 16 13 21 
1 28 6 12 9 5 26 29 3 2 20 10 4 15 18 17 14 22 11 19 25 33 32 34 38 30 31 35 39 36 37 7 23 27 8 24 16 13 21 
1 28 6 12 9 5 26 29 3 2 20 10 4 15 18 17 14 22 11 19 25 33 32 36 39 35 31 30 38 34 37 7 23 27 8 24 16 13 21 
1 28 6 12 9 5 26 29 3 2 20 10 4 15 18 17 14 22 11 19 25 33 32 36 31 34 39 35 30 38 37 7 23 27 8 24 16 13 21 
1 28 6 12 9 5 26 29 3 2 20 10 4 15 18 17 14 22 11 19 25 33 30 31 36 39 35 38 34 32 37 7 23 27 8 24 16 13 21 
1 28 6 12 9 5 26 29 3 2 20 10 4 15 18 17 14 22 11 19 25 33 30 34 31 36 32 39 35 38 37 7 23 27 8 24 16 13 21 
1 28 6 12 9 5 26 29 3 2 20 10 4 15 18 17 14 22 11 19 25 33 30 38 34 31 35 39 32 36 37 7 23 27 8 24 16 13 21 
1 28 6 12 9 5 26 29 3 2 20 10 4 15 18 17 14 22 11 19 25 33 32 34 30 31 35 39 36 38 37 7 23 27 8 24 16 13 21 
1 28 6 12 9 5 26 29 3 2 20 10 4 15 18 17 14 22 11 19 25 33 32 34 38 36 39 35 31 30 37 7 23 27 8 24 16 13 21 
1 28 6 12 9 5 26 29 3 2 20 10 4 15 18 17 14 22 11 19 25 33 32 34 39 31 35 36 30 38 37 7 23 27 8 24 16 13 21 
1 28 6 12 9 5 26 29 3 2 20 10 4 15 18 17 14 22 11 19 25 33 32 36 35 39 34 31 30 38 37 7 23 27 8 24 16 13 21 
1 28 6 12 9 5 26 29 3 2 20 10 4 15 18 17 14 22 11 19 25 33 32 39 35 31 36 34 30 38 37 7 23 27 8 24 16 13 21 
1 28 6 12 9 5 26 29 3 2 20 10 4 15 18 17 14 22 11 19 25 33 32 39 35 31 36 34 38 30 37 7 23 27 8 24 16 13 21 
1 28 6 12 9 5 26 29 3 2 20 10 4 15 18 17 14 22 11 19 25 33 39 35 36 32 34 31 30 38 37 7 23 27 8 24 16 13 21 
1 28 6 12 9 5 26 29 3 2 20 10 4 15 18 17 14 22 11 19 25 33 30 38 34 32 39 31 36 35 37 7 23 27 8 24 16 13 21 
1 28 6 12 9 5 26 29 3 2 20 10 4 15 18 17 14 22 11 19 25 33 32 34 38 30 36 35 39 31 37 7 23 27 8 24 16 13 21 
1 28 6 12 9 5 26 29 3 2 20 10 4 15 18 17 14 22 11 19 25 33 30 31 35 39 36 38 34 32 37 7 23 27 8 24 16 13 21 
1 28 6 12 9 5 26 29 3 2 20 10 4 15 18 17 14 22 11 19 25 33 32 34 30 36 31 39 35 38 37 7 23 27 8 24 16 13 21 
1 28 6 12 9 5 26 29 3 2 20 10 4 15 18 17 14 22 11 19 25 33 32 34 38 35 39 31 36 30 37 7 23 27 8 24 16 13 21 
1 28 6 12 9 5 26 29 3 2 20 10 4 15 18 17 14 22 11 19 25 33 30 34 31 35 39 32 36 38 37 7 23 27 8 24 16 13 21 
1 28 6 12 9 5 26 29 3 2 20 10 4 15 18 17 14 22 11 19 25 33 30 35 39 32 34 31 36 38 37 7 23 27 8 24 16 13 21 
1 28 6 12 9 5 26 29 3 2 20 10 4 15 18 17 14 22 11 19 25 33 30 38 34 36 31 35 39 32 37 7 23 27 8 24 16 13 21 
1 28 6 12 9 5 26 29 3 2 20 10 4 15 18 17 14 22 11 19 25 33 30 34 32 39 35 36 31 38 37 7 23 27 8 24 16 13 21 
1 28 6 12 9 5 26 29 3 2 20 10 4 15 18 17 14 22 11 19 25 33 30 36 31 39 35 38 34 32 37 7 23 27 8 24 16 13 21 
1 28 6 12 9 5 26 29 3 2 20 10 4 15 18 17 14 22 11 19 25 33 32 39 34 31 35 36 30 38 37 7 23 27 8 24 16 13 21 
1 28 6 12 9 5 26 29 3 2 20 10 4 15 18 17 14 22 11 19 25 33 39 32 34 31 35 36 30 38 37 7 23 27 8 24 16 13 21 
1 28 6 12 9 5 26 29 3 2 20 10 4 15 18 17 14 22 11 19 25 33 30 31 34 32 39 35 36 38 37 7 23 27 8 24 16 13 21 
1 28 6 12 9 5 26 29 3 2 20 10 4 15 18 17 14 22 11 19 25 33 32 35 39 34 31 36 30 38 37 7 23 27 8 24 16 13 21 
1 28 6 12 9 5 26 29 3 2 20 10 4 15 18 17 14 22 11 19 25 33 32 39 35 36 30 38 34 31 37 7 23 27 8 24 16 13 21 
1 28 6 12 9 5 26 29 3 2 20 10 4 15 18 17 14 22 11 19 25 33 39 35 32 34 31 36 30 38 37 7 23 27 8 24 16 13 21 
1 28 6 12 9 5 26 29 3 2 20 10 4 15 18 17 14 22 11 19 25 33 32 39 35 38 34 31 36 30 37 7 23 27 8 24 16 13 21 
1 28 6 12 9 5 26 29 3 2 20 10 4 15 18 17 14 22 11 19 25 33 32 36 30 38 34 31 35 39 37 7 23 27 8 24 16 13 21 
1 28 6 12 9 5 26 29 3 2 20 10 4 15 18 17 14 22 11 19 25 33 32 39 35 31 34 38 30 36 37 7 23 27 8 24 16 13 21 
1 28 6 12 9 5 26 29 3 2 20 10 4 15 18 17 14 22 11 19 25 33 39 35 31 34 38 30 36 32 37 7 23 27 8 24 16 13 21 
1 28 6 12 9 5 26 29 3 2 20 10 4 15 18 17 14 22 11 19 25 33 30 36 31 34 38 35 39 32 37 7 23 27 8 24 16 13 21 
1 28 6 12 9 5 26 29 3 2 20 10 4 15 18 17 14 22 11 19 25 33 32 34 31 39 36 35 30 38 37 7 23 27 8 24 16 13 21 
1 28 6 12 9 5 26 29 3 2 20 10 4 15 18 17 14 22 11 19 25 33 30 38 34 32 36 39 31 35 37 7 23 27 8 24 16 13 21 
1 28 6 12 9 5 26 29 3 2 20 10 4 15 18 17 14 22 11 19 25 33 30 31 34 32 36 39 35 38 37 7 23 27 8 24 16 13 21 
1 28 6 12 9 5 26 29 3 2 20 10 4 15 18 17 14 22 11 19 25 33 32 39 35 31 34 30 36 38 37 7 23 27 8 24 16 13 21 
1 28 6 12 9 5 26 29 3 2 20 10 4 15 18 17 14 22 11 19 25 33 32 39 35 31 34 38 36 30 37 7 23 27 8 24 16 13 21 
1 28 6 12 9 5 26 29 3 2 20 10 4 15 18 17 14 22 11 19 25 33 32 34 36 39 35 31 30 38 37 7 23 27 8 24 16 13 21 
1 28 6 12 9 5 26 29 3 2 20 10 4 15 18 17 14 22 11 19 25 33 30 34 32 36 39 35 31 38 37 7 23 27 8 24 16 13 21 
1 28 6 12 9 5 26 29 3 2 20 10 4 15 18 17 14 22 11 19 25 33 30 36 38 34 31 35 39 32 37 7 23 27 8 24 16 13 21 
1 28 6 12 9 5 26 29 3 2 20 10 4 15 18 17 14 22 11 19 25 33 32 34 39 31 36 35 30 38 37 7 23 27 8 24 16 13 21 
1 28 6 12 9 5 26 29 3 2 20 10 4 15 18 17 14 22 11 19 25 33 32 35 31 36 39 34 30 38 37 7 23 27 8 24 16 13 21 
1 28 6 12 9 5 26 29 3 2 20 10 4 15 18 17 14 22 11 19 25 33 32 35 31 36 39 34 38 30 37 7 23 27 8 24 16 13 21 
1 28 6 12 9 5 26 29 3 2 20 10 4 15 18 17 14 22 11 19 25 33 32 36 35 31 39 34 30 38 37 7 23 27 8 24 16 13 21 
1 28 6 12 9 5 26 29 3 2 20 10 4 15 18 17 14 22 11 19 25 33 32 36 35 31 39 34 38 30 37 7 23 27 8 24 16 13 21 
1 28 6 12 9 5 26 29 3 2 20 10 4 15 18 17 14 22 11 19 25 33 39 31 35 36 32 34 30 38 37 7 23 27 8 24 16 13 21 
1 28 6 12 9 5 26 29 3 2 20 10 4 15 18 17 14 22 11 19 25 33 39 31 35 36 32 34 38 30 37 7 23 27 8 24 16 13 21 
1 28 6 12 9 5 26 29 3 2 20 10 4 15 18 17 14 22 11 19 25 33 39 36 31 35 32 34 30 38 37 7 23 27 8 24 16 13 21 
1 28 6 12 9 5 26 29 3 2 20 10 4 15 18 17 14 22 11 19 25 33 39 36 31 35 32 34 38 30 37 7 23 27 8 24 16 13 21 
1 28 6 12 9 5 26 29 3 2 20 10 4 15 18 17 14 22 11 19 25 33 32 39 36 31 35 38 34 30 37 7 23 27 8 24 16 13 21 
1 28 6 12 9 5 26 29 3 2 20 10 4 15 18 17 14 22 11 19 25 33 30 31 36 32 34 39 35 38 37 7 23 27 8 24 16 13 21 
1 28 6 12 9 5 26 29 3 2 20 10 4 15 18 17 14 22 11 19 25 33 30 34 32 39 31 36 35 38 37 7 23 27 8 24 16 13 21 
1 28 6 12 9 5 26 29 3 2 20 10 4 15 18 17 14 22 11 19 25 33 32 34 38 30 35 31 36 39 37 7 23 27 8 24 16 13 21 
1 28 6 12 9 5 26 29 3 2 20 10 4 15 18 17 14 22 11 19 25 33 32 39 36 31 35 30 38 34 37 7 23 27 8 24 16 13 21 
1 28 6 12 9 5 26 29 3 2 20 10 4 15 18 17 14 22 11 19 25 33 39 36 31 35 30 38 34 32 37 7 23 27 8 24 16 13 21 
1 28 6 12 9 5 26 29 3 2 20 10 4 15 18 17 14 22 11 19 25 33 30 36 39 32 34 31 35 38 37 7 23 27 8 24 16 13 21 
1 28 6 12 9 5 26 29 3 2 20 10 4 15 18 17 14 22 11 19 25 33 30 38 34 32 35 31 36 39 37 7 23 27 8 24 16 13 21 
1 28 6 12 9 5 26 29 3 2 20 10 4 15 18 17 14 22 11 19 25 33 30 38 34 32 36 35 31 39 37 7 23 27 8 24 16 13 21 
1 28 6 12 9 5 26 29 3 2 20 10 4 15 18 17 14 22 11 19 25 33 30 38 34 32 39 31 35 36 37 7 23 27 8 24 16 13 21 
1 28 6 12 9 5 26 29 3 2 20 10 4 15 18 17 14 22 11 19 25 33 30 38 34 39 31 35 36 32 37 7 23 27 8 24 16 13 21 
1 28 6 12 9 5 26 29 3 2 20 10 4 15 18 17 14 22 11 19 25 33 30 38 34 39 36 31 35 32 37 7 23 27 8 24 16 13 21 
1 28 6 12 9 5 26 29 3 2 20 10 4 15 18 17 14 22 11 19 25 33 32 36 31 39 35 38 34 30 37 7 23 27 8 24 16 13 21 
1 28 6 12 9 5 26 29 3 2 20 10 4 15 18 17 14 22 11 19 25 33 30 34 38 35 31 36 39 32 37 7 23 27 8 24 16 13 21 
1 28 6 12 9 5 26 29 3 2 20 10 4 15 18 17 14 22 11 19 25 33 32 34 38 30 35 39 31 36 37 7 23 27 8 24 16 13 21 
1 28 6 12 9 5 26 29 3 2 20 10 4 15 18 17 14 22 11 19 25 33 32 36 31 39 35 30 38 34 37 7 23 27 8 24 16 13 21 
1 28 6 12 9 5 26 29 3 2 20 10 4 15 18 17 14 22 11 19 25 33 30 36 32 34 31 39 35 38 37 7 23 27 8 24 16 13 21 
1 28 6 12 9 5 26 29 3 2 20 10 4 15 18 17 14 22 11 19 25 33 30 38 34 32 35 39 31 36 37 7 23 27 8 24 16 13 21 
1 28 6 12 9 5 26 29 3 2 20 10 4 15 18 17 14 22 11 19 25 33 30 34 38 35 39 31 36 32 37 7 23 27 8 24 16 13 21 
1 28 6 12 9 5 26 29 3 2 20 10 4 15 18 17 14 22 11 19 25 33 32 34 38 30 31 35 36 39 37 7 23 27 8 24 16 13 21 
1 28 6 12 9 5 26 29 3 2 20 10 4 15 18 17 14 22 11 19 25 33 32 39 36 35 31 30 38 34 37 7 23 27 8 24 16 13 21 
1 28 6 12 9 5 26 29 3 2 20 10 4 15 18 17 14 22 11 19 25 33 39 36 35 31 30 38 34 32 37 7 23 27 8 24 16 13 21 
1 28 6 12 9 5 26 29 3 2 20 10 4 15 18 17 14 22 11 19 25 33 30 31 35 39 34 32 36 38 37 7 23 27 8 24 16 13 21 
1 28 6 12 9 5 26 29 3 2 20 10 4 15 18 17 14 22 11 19 25 33 30 34 32 39 31 35 36 38 37 7 23 27 8 24 16 13 21 
1 28 6 12 9 5 26 29 3 2 20 10 4 15 18 17 14 22 11 19 25 33 32 34 38 30 36 39 31 35 37 7 23 27 8 24 16 13 21 
1 28 6 12 9 5 26 29 3 2 20 10 4 15 18 17 14 22 11 19 25 33 32 39 34 31 36 35 30 38 37 7 23 27 8 24 16 13 21 
1 28 6 12 9 5 26 29 3 2 20 10 4 15 18 17 14 22 11 19 25 33 39 32 34 31 36 35 30 38 37 7 23 27 8 24 16 13 21 
1 28 6 12 9 5 26 29 3 2 20 10 4 15 18 17 14 22 11 19 25 33 39 32 36 35 31 34 30 38 37 7 23 27 8 24 16 13 21 
1 28 6 12 9 5 26 29 3 2 20 10 4 15 18 17 14 22 11 19 25 33 39 32 36 35 31 34 38 30 37 7 23 27 8 24 16 13 21 
1 28 6 12 9 5 26 29 3 2 20 10 4 15 18 17 14 22 11 19 25 33 30 38 34 39 32 36 31 35 37 7 23 27 8 24 16 13 21 
1 28 6 12 9 5 26 29 3 2 20 10 4 15 18 17 14 22 11 19 25 33 32 34 30 35 39 31 36 38 37 7 23 27 8 24 16 13 21 
1 28 6 12 9 5 26 29 3 2 20 10 4 15 18 17 14 22 11 19 25 33 32 34 31 30 36 39 35 38 37 7 23 27 8 24 16 13 21 
1 28 6 12 9 5 26 29 3 2 20 10 4 15 18 17 14 22 11 19 25 33 32 34 35 39 36 31 30 38 37 7 23 27 8 24 16 13 21 
1 28 6 12 9 5 26 29 3 2 20 10 4 15 18 17 14 22 11 19 25 33 32 34 38 30 31 39 35 36 37 7 23 27 8 24 16 13 21 
1 28 6 12 9 5 26 29 3 2 20 10 4 15 18 17 14 22 11 19 25 33 32 34 38 36 31 39 35 30 37 7 23 27 8 24 16 13 21 
1 28 6 12 9 5 26 29 3 2 20 10 4 15 18 17 14 22 11 19 25 33 32 35 39 36 31 30 38 34 37 7 23 27 8 24 16 13 21 
1 28 6 12 9 5 26 29 3 2 20 10 4 15 18 17 14 22 11 19 25 33 32 36 30 38 34 39 35 31 37 7 23 27 8 24 16 13 21 
1 28 6 12 9 5 26 29 3 2 20 10 4 15 18 17 14 22 11 19 25 33 32 36 35 39 31 30 38 34 37 7 23 27 8 24 16 13 21 
1 28 6 12 9 5 26 29 3 2 20 10 4 15 18 17 14 22 11 19 25 33 30 34 32 35 39 31 36 38 37 7 23 27 8 24 16 13 21 
1 28 6 12 9 5 26 29 3 2 20 10 4 15 18 17 14 22 11 19 25 33 39 35 32 36 31 34 30 38 37 7 23 27 8 24 16 13 21 
1 28 6 12 9 5 26 29 3 2 20 10 4 15 18 17 14 22 11 19 25 33 39 35 32 36 31 34 38 30 37 7 23 27 8 24 16 13 21 
1 28 6 12 9 5 26 29 3 2 20 10 4 15 18 17 14 22 11 19 25 33 30 38 34 31 35 36 32 39 37 7 23 27 8 24 16 13 21 
1 28 6 12 9 5 26 29 3 2 20 10 4 15 18 17 14 22 11 19 25 33 30 35 39 31 36 38 34 32 37 7 23 27 8 24 16 13 21 
1 28 6 12 9 5 26 29 3 2 20 10 4 15 18 17 14 22 11 19 25 33 32 34 30 36 39 35 31 38 37 7 23 27 8 24 16 13 21 
1 28 6 12 9 5 26 29 3 2 20 10 4 15 18 17 14 22 11 19 25 33 32 34 38 31 35 39 36 30 37 7 23 27 8 24 16 13 21 
1 28 6 12 9 5 26 29 3 2 20 10 4 15 18 17 14 22 11 19 25 33 32 36 31 34 38 30 35 39 37 7 23 27 8 24 16 13 21 
1 28 6 12 9 5 26 29 3 2 20 10 4 15 18 17 14 22 11 19 25 33 32 39 35 30 38 34 31 36 37 7 23 27 8 24 16 13 21 
1 28 6 12 9 5 26 29 3 2 20 10 4 15 18 17 14 22 11 19 25 33 39 35 30 38 34 31 36 32 37 7 23 27 8 24 16 13 21 
1 28 6 12 9 5 26 29 3 2 20 10 4 15 18 17 14 22 11 19 25 33 30 38 34 31 36 32 35 39 37 7 23 27 8 24 16 13 21 
1 28 6 12 9 5 26 29 3 2 20 10 4 15 18 17 14 22 11 19 25 33 30 38 34 32 31 36 39 35 37 7 23 27 8 24 16 13 21 
1 28 6 12 9 5 26 29 3 2 20 10 4 15 18 17 14 22 11 19 25 33 32 34 30 31 39 35 36 38 37 7 23 27 8 24 16 13 21 
1 28 6 12 9 5 26 29 3 2 20 10 4 15 18 17 14 22 11 19 25 33 32 34 38 36 35 39 31 30 37 7 23 27 8 24 16 13 21 
1 28 6 12 9 5 26 29 3 2 20 10 4 15 18 17 14 22 11 19 25 33 32 36 31 30 38 34 39 35 37 7 23 27 8 24 16 13 21 
1 28 6 12 9 5 26 29 3 2 20 10 4 15 18 17 14 22 11 19 25 33 30 34 32 36 39 31 35 38 37 7 23 27 8 24 16 13 21 
1 28 6 12 9 5 26 29 3 2 20 10 4 15 18 17 14 22 11 19 25 33 30 36 39 35 31 38 34 32 37 7 23 27 8 24 16 13 21 
1 28 6 12 9 5 26 29 3 2 20 10 4 15 18 17 14 22 11 19 25 33 32 34 38 30 36 35 31 39 37 7 23 27 8 24 16 13 21 
1 28 6 12 9 5 26 29 3 2 20 10 4 15 18 17 14 22 11 19 25 33 32 39 31 35 36 30 38 34 37 7 23 27 8 24 16 13 21 
1 28 6 12 9 5 26 29 3 2 20 10 4 15 18 17 14 22 11 19 25 33 32 39 35 31 34 36 30 38 37 7 23 27 8 24 16 13 21 
1 28 6 12 9 5 26 29 3 2 20 10 4 15 18 17 14 22 11 19 25 33 32 39 36 30 38 34 31 35 37 7 23 27 8 24 16 13 21 
1 28 6 12 9 5 26 29 3 2 20 10 4 15 18 17 14 22 11 19 25 33 39 31 35 36 30 38 34 32 37 7 23 27 8 24 16 13 21 
1 28 6 12 9 5 26 29 3 2 20 10 4 15 18 17 14 22 11 19 25 33 30 31 39 35 36 38 34 32 37 7 23 27 8 24 16 13 21 
1 28 6 12 9 5 26 29 3 2 20 10 4 15 18 17 14 22 11 19 25 33 30 36 38 34 32 39 35 31 37 7 23 27 8 24 16 13 21 
1 28 6 12 9 5 26 29 3 2 20 10 4 15 18 17 14 22 11 19 25 33 32 39 35 30 34 31 36 38 37 7 23 27 8 24 16 13 21 
1 28 6 12 9 5 26 29 3 2 20 10 4 15 18 17 14 22 11 19 25 33 32 31 36 35 39 34 30 38 37 7 23 27 8 24 16 13 21 
1 28 6 12 9 5 26 29 3 2 20 10 4 15 18 17 14 22 11 19 25 33 32 31 36 35 39 34 38 30 37 7 23 27 8 24 16 13 21 
1 28 6 12 9 5 26 29 3 2 20 10 4 15 18 17 14 22 11 19 25 33 32 34 35 39 31 36 30 38 37 7 23 27 8 24 16 13 21 
1 28 6 12 9 5 26 29 3 2 20 10 4 15 18 17 14 22 11 19 25 33 32 35 39 31 36 30 38 34 37 7 23 27 8 24 16 13 21 
1 28 6 12 9 5 26 29 3 2 20 10 4 15 18 17 14 22 11 19 25 33 32 36 30 38 34 31 39 35 37 7 23 27 8 24 16 13 21 
1 28 6 12 9 5 26 29 3 2 20 10 4 15 18 17 14 22 11 19 25 33 39 35 36 31 32 34 30 38 37 7 23 27 8 24 16 13 21 
1 28 6 12 9 5 26 29 3 2 20 10 4 15 18 17 14 22 11 19 25 33 39 35 36 31 32 34 38 30 37 7 23 27 8 24 16 13 21 
1 28 6 12 9 5 26 29 3 2 20 10 4 15 18 17 14 22 11 19 25 33 32 39 35 36 31 38 34 30 37 7 23 27 8 24 16 13 21 
1 28 6 12 9 5 26 29 3 2 20 10 4 15 18 17 14 22 11 19 25 33 32 34 39 35 31 30 36 38 37 7 23 27 8 24 16 13 21 
1 28 6 12 9 5 26 29 3 2 20 10 4 15 18 17 14 22 11 19 25 33 30 36 35 39 32 34 31 38 37 7 23 27 8 24 16 13 21 
1 28 6 12 9 5 26 29 3 2 20 10 4 15 18 17 14 22 11 19 25 33 30 38 34 32 31 36 35 39 37 7 23 27 8 24 16 13 21 
1 28 6 12 9 5 26 29 3 2 20 10 4 15 18 17 14 22 11 19 25 33 30 38 34 39 35 36 31 32 37 7 23 27 8 24 16 13 21 
1 28 6 12 9 5 26 29 3 2 20 10 4 15 18 17 14 22 11 19 25 33 32 36 39 34 31 35 30 38 37 7 23 27 8 24 16 13 21 
1 28 6 12 9 5 26 29 3 2 20 10 4 15 18 17 14 22 11 19 25 33 32 39 34 38 30 36 31 35 37 7 23 27 8 24 16 13 21 
1 28 6 12 9 5 26 29 3 2 20 10 4 15 18 17 14 22 11 19 25 33 32 39 35 36 38 34 31 30 37 7 23 27 8 24 16 13 21 
1 28 6 12 9 5 26 29 3 2 20 10 4 15 18 17 14 22 11 19 25 33 39 32 34 38 30 36 31 35 37 7 23 27 8 24 16 13 21 
1 28 6 12 9 5 26 29 3 2 20 10 4 15 18 17 14 22 11 19 25 33 39 36 32 34 31 35 30 38 37 7 23 27 8 24 16 13 21 
1 28 6 12 9 5 26 29 3 2 20 10 4 15 18 17 14 22 11 19 25 33 30 31 36 38 34 32 39 35 37 7 23 27 8 24 16 13 21 
1 28 6 12 9 5 26 29 3 2 20 10 4 15 18 17 14 22 11 19 25 33 30 34 38 31 36 35 39 32 37 7 23 27 8 24 16 13 21 
1 28 6 12 9 5 26 29 3 2 20 10 4 15 18 17 14 22 11 19 25 33 32 36 39 35 30 38 34 31 37 7 23 27 8 24 16 13 21 
1 28 6 12 9 5 26 29 3 2 20 10 4 15 18 17 14 22 11 19 25 33 30 31 34 38 36 35 39 32 37 7 23 27 8 24 16 13 21 
1 28 6 12 9 5 26 29 3 2 20 10 4 15 18 17 14 22 11 19 25 33 30 36 39 35 31 34 32 38 37 7 23 27 8 24 16 13 21 
1 28 6 12 9 5 26 29 3 2 20 10 4 15 18 17 14 22 11 19 25 33 32 39 35 34 31 36 30 38 37 7 23 27 8 24 16 13 21 
1 28 6 12 9 5 26 29 3 2 20 10 4 15 18 17 14 22 11 19 25 33 39 34 32 36 31 35 30 38 37 7 23 27 8 24 16 13 21 
1 28 6 12 9 5 26 29 3 2 20 10 4 15 18 17 14 22 11 19 25 33 30 31 34 32 39 36 35 38 37 7 23 27 8 24 16 13 21 
1 28 6 12 9 5 26 29 3 2 20 10 4 15 18 17 14 22 11 19 25 33 30 38 34 39 32 36 35 31 37 7 23 27 8 24 16 13 21 
1 28 6 12 9 5 26 29 3 2 20 10 4 15 18 17 14 22 11 19 25 33 32 34 30 36 39 31 35 38 37 7 23 27 8 24 16 13 21 
1 28 6 12 9 5 26 29 3 2 20 10 4 15 18 17 14 22 11 19 25 33 32 34 36 31 39 35 30 38 37 7 23 27 8 24 16 13 21 
1 28 6 12 9 5 26 29 3 2 20 10 4 15 18 17 14 22 11 19 25 33 32 34 38 35 31 39 36 30 37 7 23 27 8 24 16 13 21 
1 28 6 12 9 5 26 29 3 2 20 10 4 15 18 17 14 22 11 19 25 33 32 35 36 39 31 34 30 38 37 7 23 27 8 24 16 13 21 
1 28 6 12 9 5 26 29 3 2 20 10 4 15 18 17 14 22 11 19 25 33 32 35 36 39 31 34 38 30 37 7 23 27 8 24 16 13 21 
1 28 6 12 9 5 26 29 3 2 20 10 4 15 18 17 14 22 11 19 25 33 30 34 39 32 36 31 35 38 37 7 23 27 8 24 16 13 21 
1 28 6 12 9 5 26 29 3 2 20 10 4 15 18 17 14 22 11 19 25 33 30 35 31 34 32 39 36 38 37 7 23 27 8 24 16 13 21 
1 28 6 12 9 5 26 29 3 2 20 10 4 15 18 17 14 22 11 19 25 33 32 36 39 35 38 34 31 30 37 7 23 27 8 24 16 13 21 
1 28 6 12 9 5 26 29 3 2 20 10 4 15 18 17 14 22 11 19 25 33 39 35 30 38 34 32 36 31 37 7 23 27 8 24 16 13 21 
1 28 6 12 9 5 26 29 3 2 20 10 4 15 18 17 14 22 11 19 25 33 30 36 31 35 39 34 32 38 37 7 23 27 8 24 16 13 21 
1 28 6 12 9 5 26 29 3 2 20 10 4 15 18 17 14 22 11 19 25 33 30 38 34 39 35 32 36 31 37 7 23 27 8 24 16 13 21 
1 28 6 12 9 5 26 29 3 2 20 10 4 15 18 17 14 22 11 19 25 33 30 34 31 36 35 39 32 38 37 7 23 27 8 24 16 13 21 
1 28 6 12 9 5 26 29 3 2 20 10 4 15 18 17 14 22 11 19 25 33 30 34 32 39 36 35 31 38 37 7 23 27 8 24 16 13 21 
1 28 6 12 9 5 26 29 3 2 20 10 4 15 18 17 14 22 11 19 25 33 30 34 38 35 39 32 36 31 37 7 23 27 8 24 16 13 21 
1 28 6 12 9 5 26 29 3 2 20 10 4 15 18 17 14 22 11 19 25 33 30 35 39 31 34 32 36 38 37 7 23 27 8 24 16 13 21 
1 28 6 12 9 5 26 29 3 2 20 10 4 15 18 17 14 22 11 19 25 33 30 36 39 31 35 38 34 32 37 7 23 27 8 24 16 13 21 
1 28 6 12 9 5 26 29 3 2 20 10 4 15 18 17 14 22 11 19 25 33 30 38 34 31 39 36 35 32 37 7 23 27 8 24 16 13 21 
1 28 6 12 9 5 26 29 3 2 20 10 4 15 18 17 14 22 11 19 25 33 39 34 32 36 35 31 30 38 37 7 23 27 8 24 16 13 21 
1 28 6 12 9 5 26 29 3 2 20 10 4 15 18 17 14 22 11 19 25 33 30 36 31 35 39 32 34 38 37 7 23 27 8 24 16 13 21 
1 28 6 12 9 5 26 29 3 2 20 10 4 15 18 17 14 22 11 19 25 33 30 31 36 35 39 32 34 38 37 7 23 27 8 24 16 13 21 
1 28 6 12 9 5 26 29 3 2 20 10 4 15 18 17 14 22 11 19 25 33 32 39 35 31 36 30 34 38 37 7 23 27 8 24 16 13 21 
1 28 6 12 9 5 26 29 3 2 20 10 4 15 18 17 14 22 11 19 25 33 30 31 35 39 36 32 34 38 37 7 23 27 8 24 16 13 21 
1 28 6 12 9 5 26 29 3 2 20 10 4 15 18 17 14 22 11 19 25 33 30 36 32 39 35 31 34 38 37 7 23 27 8 24 16 13 21 
1 28 6 12 9 5 26 29 3 2 20 10 4 15 18 17 14 22 11 19 25 33 32 39 35 36 31 30 34 38 37 7 23 27 8 24 16 13 21 
1 28 6 12 9 5 26 29 3 2 20 10 4 15 18 17 14 22 11 19 25 33 30 35 31 36 39 32 34 38 37 7 23 27 8 24 16 13 21 
1 28 6 12 9 5 26 29 3 2 20 10 4 15 18 17 14 22 11 19 25 33 30 35 39 31 36 32 34 38 37 7 23 27 8 24 16 13 21 
1 28 6 12 9 5 26 29 3 2 20 10 4 15 18 17 14 22 11 19 25 33 30 31 35 36 39 32 34 38 37 7 23 27 8 24 16 13 21 
1 28 6 12 9 5 26 29 3 2 20 10 4 15 18 17 14 22 11 19 25 33 32 36 39 35 31 30 34 38 37 7 23 27 8 24 16 13 21 
1 28 6 12 9 5 26 29 3 2 20 10 4 15 18 17 14 22 11 19 25 33 30 31 36 39 35 32 34 38 37 7 23 27 8 24 16 13 21 
1 28 6 12 9 5 26 29 3 2 20 10 4 15 18 17 14 22 11 19 25 33 30 31 39 35 36 32 34 38 37 7 23 27 8 24 16 13 21 
1 28 6 12 9 5 26 29 3 2 20 10 4 15 18 17 14 22 11 19 25 33 30 35 39 32 36 31 34 38 37 7 23 27 8 24 16 13 21 
1 28 6 12 9 5 26 29 3 2 20 10 4 15 18 17 14 22 11 19 25 33 30 36 35 31 39 32 34 38 37 7 23 27 8 24 16 13 21 
1 28 6 12 9 5 26 29 3 2 20 10 4 15 18 17 14 22 11 19 25 33 30 36 31 39 35 32 34 38 37 7 23 27 8 24 16 13 21 
1 28 6 12 9 5 26 29 3 2 20 10 4 15 18 17 14 22 11 19 25 33 32 39 35 30 36 31 34 38 37 7 23 27 8 24 16 13 21 
1 28 6 12 9 5 26 29 3 2 20 10 4 15 18 17 14 22 11 19 25 33 32 39 35 36 30 31 34 38 37 7 23 27 8 24 16 13 21 
1 28 6 12 9 5 26 29 3 2 20 10 4 15 18 17 14 22 11 19 25 33 32 39 36 31 35 30 34 38 37 7 23 27 8 24 16 13 21 
1 28 6 12 9 5 26 29 3 2 20 10 4 15 18 17 14 22 11 19 25 33 30 35 36 31 39 32 34 38 37 7 23 27 8 24 16 13 21 
1 28 6 12 9 5 26 29 3 2 20 10 4 15 18 17 14 22 11 19 25 33 32 36 31 39 35 30 34 38 37 7 23 27 8 24 16 13 21 
1 28 6 12 9 5 26 29 3 2 20 10 4 15 18 17 14 22 11 19 25 33 32 39 36 35 31 30 34 38 37 7 23 27 8 24 16 13 21 
1 28 6 12 9 5 26 29 3 2 20 10 4 15 18 17 14 22 11 19 25 33 32 35 39 36 31 30 34 38 37 7 23 27 8 24 16 13 21 
1 28 6 12 9 5 26 29 3 2 20 10 4 15 18 17 14 22 11 19 25 33 32 36 35 39 31 30 34 38 37 7 23 27 8 24 16 13 21 
1 28 6 12 9 5 26 29 3 2 20 10 4 15 18 17 14 22 11 19 25 33 30 36 39 35 31 32 34 38 37 7 23 27 8 24 16 13 21 
1 28 6 12 9 5 26 29 3 2 20 10 4 15 18 17 14 22 11 19 25 33 32 36 30 31 35 39 34 38 37 7 23 27 8 24 16 13 21 
1 28 6 12 9 5 26 29 3 2 20 10 4 15 18 17 14 22 11 19 25 33 32 39 31 35 36 30 34 38 37 7 23 27 8 24 16 13 21 
1 28 6 12 9 5 26 29 3 2 20 10 4 15 18 17 14 22 11 19 25 33 39 35 31 30 36 32 34 38 37 7 23 27 8 24 16 13 21 
1 28 6 12 9 5 26 29 3 2 20 10 4 15 18 17 14 22 11 19 25 33 30 35 31 39 36 32 34 38 37 7 23 27 8 24 16 13 21 
1 28 6 12 9 5 26 29 3 2 20 10 4 15 18 17 14 22 11 19 25 33 32 35 39 31 36 30 34 38 37 7 23 27 8 24 16 13 21 
1 28 6 12 9 5 26 29 3 2 20 10 4 15 18 17 14 22 11 19 25 33 30 35 31 36 32 39 34 38 37 7 23 27 8 24 16 13 21 
1 28 6 12 9 5 26 29 3 2 20 10 4 15 18 17 14 22 11 19 25 33 30 36 39 31 35 32 34 38 37 7 23 27 8 24 16 13 21 
1 28 6 12 9 5 26 29 3 2 20 10 4 15 18 17 14 22 11 19 25 33 32 36 39 35 30 31 34 38 37 7 23 27 8 24 16 13 21 
1 28 6 12 9 5 26 29 3 2 20 10 4 15 18 17 14 22 11 19 25 33 30 31 35 36 32 39 34 38 37 7 23 27 8 24 16 13 21 
1 28 6 12 9 5 26 29 3 2 20 10 4 15 18 17 14 22 11 19 25 33 30 35 39 36 31 32 34 38 37 7 23 27 8 24 16 13 21 
1 28 6 12 9 5 26 29 3 2 20 10 4 15 18 17 14 22 11 19 25 33 32 36 31 30 35 39 34 38 37 7 23 27 8 24 16 13 21 
1 28 6 12 9 5 26 29 3 2 20 10 4 15 18 17 14 22 11 19 25 33 32 39 31 36 35 30 34 38 37 7 23 27 8 24 16 13 21 
1 28 6 12 9 5 26 29 3 2 20 10 4 15 18 17 14 22 11 19 25 33 39 35 30 31 36 32 34 38 37 7 23 27 8 24 16 13 21 
1 28 6 12 9 5 26 29 3 2 20 10 4 15 18 17 14 22 11 19 25 33 30 31 36 32 35 39 34 38 37 7 23 27 8 24 16 13 21 
1 28 6 12 9 5 26 29 3 2 20 10 4 15 18 17 14 22 11 19 25 33 32 39 36 30 35 31 34 38 37 7 23 27 8 24 16 13 21 
1 28 6 12 9 5 26 29 3 2 20 10 4 15 18 17 14 22 11 19 25 33 30 36 39 32 35 31 34 38 37 7 23 27 8 24 16 13 21 
1 28 6 12 9 5 26 29 3 2 20 10 4 15 18 17 14 22 11 19 25 33 32 36 30 35 39 31 34 38 37 7 23 27 8 24 16 13 21 
1 28 6 12 9 5 26 29 3 2 20 10 4 15 18 17 14 22 11 19 25 33 30 36 32 35 39 31 34 38 37 7 23 27 8 24 16 13 21 
1 28 6 12 9 5 26 29 3 2 20 10 4 15 18 17 14 22 11 19 25 33 30 36 31 35 32 39 34 38 37 7 23 27 8 24 16 13 21 
1 28 6 12 9 5 26 29 3 2 20 10 4 15 18 17 14 22 11 19 25 33 32 35 39 36 30 31 34 38 37 7 23 27 8 24 16 13 21 
1 28 6 12 9 5 26 29 3 2 20 10 4 15 18 17 14 22 11 19 25 33 32 31 35 39 36 30 34 38 37 7 23 27 8 24 16 13 21 
1 28 6 12 9 5 26 29 3 2 20 10 4 15 18 17 14 22 11 19 25 33 30 36 35 39 31 32 34 38 37 7 23 27 8 24 16 13 21 
1 28 6 12 9 5 26 29 3 2 20 10 4 15 18 17 14 22 11 19 25 33 32 36 39 31 35 30 34 38 37 7 23 27 8 24 16 13 21 
1 28 6 12 9 5 26 29 3 2 20 10 4 15 18 17 14 22 11 19 25 33 30 31 39 36 35 32 34 38 37 7 23 27 8 24 16 13 21 
1 28 6 12 9 5 26 29 3 2 20 10 4 15 18 17 14 22 11 19 25 33 30 36 35 39 32 31 34 38 37 7 23 27 8 24 16 13 21 
1 28 6 12 9 5 26 29 3 2 20 10 4 15 18 17 14 22 11 19 25 33 30 35 32 39 36 31 34 38 37 7 23 27 8 24 16 13 21 
1 28 6 12 9 5 26 29 3 2 20 10 4 15 18 17 14 22 11 19 25 33 30 35 36 32 39 31 34 38 37 7 23 27 8 24 16 13 21 
1 28 6 12 9 5 26 29 3 2 20 10 4 15 18 17 14 22 11 19 25 33 32 39 36 35 30 31 34 38 37 7 23 27 8 24 16 13 21 
1 28 6 12 9 5 26 29 3 2 20 10 4 15 18 17 14 22 11 19 25 33 30 31 35 39 32 36 34 38 37 7 23 27 8 24 16 13 21 
1 28 6 12 9 5 26 29 3 2 20 10 4 15 18 17 14 22 11 19 25 33 32 35 31 39 36 30 34 38 37 7 23 27 8 24 16 13 21 
1 28 6 12 9 5 26 29 3 2 20 10 4 15 18 17 14 22 11 19 25 33 39 32 36 31 35 30 34 38 37 7 23 27 8 24 16 13 21 
1 28 6 12 9 5 26 29 3 2 20 10 4 15 18 17 14 22 11 19 25 33 32 31 36 39 35 30 34 38 37 7 23 27 8 24 16 13 21 
1 28 6 12 9 5 26 29 3 2 20 10 4 15 18 17 14 22 11 19 25 33 39 32 36 35 31 30 34 38 37 7 23 27 8 24 16 13 21 
1 28 6 12 9 5 26 29 3 2 20 10 4 15 18 17 14 22 11 19 25 33 30 31 36 35 32 39 34 38 37 7 23 27 8 24 16 13 21 
1 28 6 12 9 5 26 29 3 2 20 10 4 15 18 17 14 22 11 19 25 33 39 35 32 36 31 30 34 38 37 7 23 27 8 24 16 13 21 
1 28 6 12 9 5 26 29 3 2 20 10 4 15 18 17 14 22 11 19 25 33 30 36 35 32 39 31 34 38 37 7 23 27 8 24 16 13 21 
1 28 6 12 9 5 26 29 3 2 20 10 4 15 18 17 14 22 11 19 25 33 30 31 36 32 39 35 34 38 37 7 23 27 8 24 16 13 21 
1 28 6 12 9 5 26 29 3 2 20 10 4 15 18 17 14 22 11 19 25 33 30 36 32 31 35 39 34 38 37 7 23 27 8 24 16 13 21 
1 28 6 12 9 5 26 29 3 2 20 10 4 15 18 17 14 22 11 19 25 33 32 39 35 31 30 36 34 38 37 7 23 27 8 24 16 13 21 
1 28 6 12 9 5 26 29 3 2 20 10 4 15 18 17 14 22 11 19 25 33 39 32 35 31 36 30 34 38 37 7 23 27 8 24 16 13 21 
1 28 6 12 9 5 26 29 3 2 20 10 4 15 18 17 14 22 11 19 25 33 32 31 39 35 36 30 34 38 37 7 23 27 8 24 16 13 21 
1 28 6 12 9 5 26 29 3 2 20 10 4 15 18 17 14 22 11 19 25 33 30 31 35 32 36 39 34 38 37 7 23 27 8 24 16 13 21 
1 28 6 12 9 5 26 29 3 2 20 10 4 15 18 17 14 22 11 19 25 33 32 35 36 39 31 30 34 38 37 7 23 27 8 24 16 13 21 
1 28 6 12 9 5 26 29 3 2 20 10 4 15 18 17 14 22 11 19 25 33 30 35 39 36 32 31 34 38 37 7 23 27 8 24 16 13 21 
1 28 6 12 9 5 26 29 3 2 20 10 4 15 18 17 14 22 11 19 25 33 32 36 30 35 31 39 34 38 37 7 23 27 8 24 16 13 21 
1 28 6 12 9 5 26 29 3 2 20 10 4 15 18 17 14 22 11 19 25 33 39 31 35 30 36 32 34 38 37 7 23 27 8 24 16 13 21 
1 28 6 12 9 5 26 29 3 2 20 10 4 15 18 17 14 22 11 19 25 33 30 36 32 35 31 39 34 38 37 7 23 27 8 24 16 13 21 
1 28 6 12 9 5 26 29 3 2 20 10 4 15 18 17 14 22 11 19 25 33 32 35 31 30 36 39 34 38 37 7 23 27 8 24 16 13 21 
1 28 6 12 9 5 26 29 3 2 20 10 4 15 18 17 14 22 11 19 25 33 39 36 30 31 35 32 34 38 37 7 23 27 8 24 16 13 21 
1 28 6 12 9 5 26 29 3 2 20 10 4 15 18 17 14 22 11 19 25 33 32 39 35 30 31 36 34 38 37 7 23 27 8 24 16 13 21 
1 28 6 12 9 5 26 29 3 2 20 10 4 15 18 17 14 22 11 19 25 33 39 32 36 30 35 31 34 38 37 7 23 27 8 24 16 13 21 
1 28 6 12 9 5 26 29 3 2 20 10 4 15 18 17 14 22 11 19 25 33 30 31 32 36 35 39 34 38 37 7 23 27 8 24 16 13 21 
1 28 6 12 9 5 26 29 3 2 20 10 4 15 18 17 14 22 11 19 25 33 39 32 35 36 31 30 34 38 37 7 23 27 8 24 16 13 21 
1 28 6 12 9 5 26 29 3 2 20 10 4 15 18 17 14 22 11 19 25 33 30 36 39 35 32 31 34 38 37 7 23 27 8 24 16 13 21 
1 28 6 12 9 5 26 29 3 2 20 10 4 15 18 17 14 22 11 19 25 33 39 35 32 36 30 31 34 38 37 7 23 27 8 24 16 13 21 
1 28 6 12 9 5 26 29 3 2 20 10 4 15 18 17 14 22 11 19 25 33 30 35 32 36 39 31 34 38 37 7 23 27 8 24 16 13 21 
1 28 6 12 9 5 26 29 3 2 20 10 4 15 18 17 14 22 11 19 25 33 30 36 35 31 32 39 34 38 37 7 23 27 8 24 16 13 21 
1 28 6 12 9 5 26 29 3 2 20 10 4 15 18 17 14 22 11 19 25 33 32 31 36 30 35 39 34 38 37 7 23 27 8 24 16 13 21 
1 28 6 12 9 5 26 29 3 2 20 10 4 15 18 17 14 22 11 19 25 33 39 35 30 36 31 32 34 38 37 7 23 27 8 24 16 13 21 
1 28 6 12 9 5 26 29 3 2 20 10 4 15 18 17 14 22 11 19 25 33 39 35 31 32 36 30 34 38 37 7 23 27 8 24 16 13 21 
1 28 6 12 9 5 26 29 3 2 20 10 4 15 18 17 14 22 11 19 25 33 30 36 31 32 35 39 34 38 37 7 23 27 8 24 16 13 21 
1 28 6 12 9 5 26 29 3 2 20 10 4 15 18 17 14 22 11 19 25 33 30 35 32 36 31 39 34 38 37 7 23 27 8 24 16 13 21 
1 28 6 12 9 5 26 29 3 2 20 10 4 15 18 17 14 22 11 19 25 33 32 31 30 36 35 39 34 38 37 7 23 27 8 24 16 13 21 
1 28 6 12 9 5 26 29 3 2 20 10 4 15 18 17 14 22 11 19 25 33 39 35 36 30 31 32 34 38 37 7 23 27 8 24 16 13 21 
1 28 6 12 9 5 26 29 3 2 20 10 4 15 18 17 14 22 11 19 25 33 30 35 36 39 31 32 34 38 37 7 23 27 8 24 16 13 21 
1 28 6 12 9 5 26 29 3 2 20 10 4 15 18 17 14 22 11 19 25 33 32 35 30 31 36 39 34 38 37 7 23 27 8 24 16 13 21 
1 28 6 12 9 5 26 29 3 2 20 10 4 15 18 17 14 22 11 19 25 33 32 36 35 30 31 39 34 38 37 7 23 27 8 24 16 13 21 
1 28 6 12 9 5 26 29 3 2 20 10 4 15 18 17 14 22 11 19 25 33 39 31 30 35 36 32 34 38 37 7 23 27 8 24 16 13 21 
1 28 6 12 9 5 26 29 3 2 20 10 4 15 18 17 14 22 11 19 25 33 39 36 31 30 35 32 34 38 37 7 23 27 8 24 16 13 21 
1 28 6 12 9 5 26 29 3 2 20 10 4 15 18 17 14 22 11 19 25 33 39 36 32 35 31 30 34 38 37 7 23 27 8 24 16 13 21 
1 28 6 12 9 5 26 29 3 2 20 10 4 15 18 17 14 22 11 19 25 33 32 35 30 36 39 31 34 38 37 7 23 27 8 24 16 13 21 
1 28 6 12 9 5 26 29 3 2 20 10 4 15 18 17 14 22 11 19 25 33 30 35 36 39 32 31 34 38 37 7 23 27 8 24 16 13 21 
1 28 6 12 9 5 26 29 3 2 20 10 4 15 18 17 14 22 11 19 25 33 39 32 36 35 30 31 34 38 37 7 23 27 8 24 16 13 21 
1 28 6 12 9 5 26 29 3 2 20 10 4 15 18 17 14 22 11 19 25 33 32 35 30 36 31 39 34 38 37 7 23 27 8 24 16 13 21 
1 28 6 12 9 5 26 29 3 2 20 10 4 15 18 17 14 22 11 19 25 33 39 31 35 32 36 30 34 38 37 7 23 27 8 24 16 13 21 
1 28 6 12 9 5 26 29 3 2 20 10 4 15 18 17 14 22 11 19 25 33 39 31 36 30 35 32 34 38 37 7 23 27 8 24 16 13 21 
1 28 6 12 9 5 26 29 3 2 20 10 4 15 18 17 14 22 11 19 25 33 30 35 36 31 32 39 34 38 37 7 23 27 8 24 16 13 21 
1 28 6 12 9 5 26 29 3 2 20 10 4 15 18 17 14 22 11 19 25 33 30 36 32 39 31 35 34 38 37 7 23 27 8 24 16 13 21 
1 28 6 12 9 5 26 29 3 2 20 10 4 15 18 17 14 22 11 19 25 33 32 35 36 30 31 39 34 38 37 7 23 27 8 24 16 13 21 
1 28 6 12 9 5 26 29 3 2 20 10 4 15 18 17 14 22 11 19 25 33 39 31 30 36 35 32 34 38 37 7 23 27 8 24 16 13 21 
1 28 6 12 9 5 26 29 3 2 20 10 4 15 18 17 14 22 11 19 25 33 32 39 36 30 31 35 34 38 37 7 23 27 8 24 16 13 21 
1 28 6 12 9 5 26 29 3 2 20 10 4 15 18 17 14 22 11 19 25 33 39 32 35 30 36 31 34 38 37 7 23 27 8 24 16 13 21 
1 28 6 12 9 5 26 29 3 2 20 10 4 15 18 17 14 22 11 19 25 33 32 36 30 31 39 35 34 38 37 7 23 27 8 24 16 13 21 
1 28 6 12 9 5 26 29 3 2 20 10 4 15 18 17 14 22 11 19 25 33 39 35 36 32 31 30 34 38 37 7 23 27 8 24 16 13 21 
1 28 6 12 9 5 26 29 3 2 20 10 4 15 18 17 14 22 11 19 25 33 39 32 35 36 30 31 34 38 37 7 23 27 8 24 16 13 21 
1 28 6 12 9 5 26 29 3 2 20 10 4 15 18 17 14 22 11 19 25 33 30 35 31 39 32 36 34 38 37 7 23 27 8 24 16 13 21 
1 28 6 12 9 5 26 29 3 2 20 10 4 15 18 17 14 22 11 19 25 33 39 32 31 35 36 30 34 38 37 7 23 27 8 24 16 13 21 
1 28 6 12 9 5 26 29 3 2 20 10 4 15 18 17 14 22 11 19 25 33 30 35 31 32 36 39 34 38 37 7 23 27 8 24 16 13 21 
1 28 6 12 9 5 26 29 3 2 20 10 4 15 18 17 14 22 11 19 25 33 30 31 35 32 39 36 34 38 37 7 23 27 8 24 16 13 21 
1 28 6 12 9 5 26 29 3 2 20 10 4 15 18 17 14 22 11 19 25 33 39 35 32 31 36 30 34 38 37 7 23 27 8 24 16 13 21 
1 28 6 12 9 5 26 29 3 2 20 10 4 15 18 17 14 22 11 19 25 33 30 31 39 35 32 36 34 38 37 7 23 27 8 24 16 13 21 
1 28 6 12 9 5 26 29 3 2 20 10 4 15 18 17 14 22 11 19 25 33 39 31 36 32 35 30 34 38 37 7 23 27 8 24 16 13 21 
1 28 6 12 9 5 26 29 3 2 20 10 4 15 18 17 14 22 11 19 25 33 30 36 31 32 39 35 34 38 37 7 23 27 8 24 16 13 21 
1 28 6 12 9 5 26 29 3 2 20 10 4 15 18 17 14 22 11 19 25 33 32 31 39 36 35 30 34 38 37 7 23 27 8 24 16 13 21 
1 28 6 12 9 5 26 29 3 2 20 10 4 15 18 17 14 22 11 19 25 33 32 39 31 35 30 36 34 38 37 7 23 27 8 24 16 13 21 
1 28 6 12 9 5 26 29 3 2 20 10 4 15 18 17 14 22 11 19 25 33 32 39 36 31 30 35 34 38 37 7 23 27 8 24 16 13 21 
1 28 6 12 9 5 26 29 3 2 20 10 4 15 18 17 14 22 11 19 25 33 30 31 36 39 32 35 34 38 37 7 23 27 8 24 16 13 21 
1 28 6 12 9 5 26 29 3 2 20 10 4 15 18 17 14 22 11 19 25 33 30 31 39 32 36 35 34 38 37 7 23 27 8 24 16 13 21 
1 28 6 12 9 5 26 29 3 2 20 10 4 15 18 17 14 22 11 19 25 33 32 31 35 30 36 39 34 38 37 7 23 27 8 24 16 13 21 
1 28 6 12 9 5 26 29 3 2 20 10 4 15 18 17 14 22 11 19 25 33 39 36 30 35 31 32 34 38 37 7 23 27 8 24 16 13 21 
1 28 6 12 9 5 26 29 3 2 20 10 4 15 18 17 14 22 11 19 25 33 30 35 39 32 31 36 34 38 37 7 23 27 8 24 16 13 21 
1 28 6 12 9 5 26 29 3 2 20 10 4 15 18 17 14 22 11 19 25 33 32 35 39 31 30 36 34 38 37 7 23 27 8 24 16 13 21 
1 28 6 12 9 5 26 29 3 2 20 10 4 15 18 17 14 22 11 19 25 33 30 31 32 39 35 36 34 38 37 7 23 27 8 24 16 13 21 
1 28 6 12 9 5 26 29 3 2 20 10 4 15 18 17 14 22 11 19 25 33 32 39 31 36 30 35 34 38 37 7 23 27 8 24 16 13 21 
1 28 6 12 9 5 26 29 3 2 20 10 4 15 18 17 14 22 11 19 25 33 39 32 31 36 35 30 34 38 37 7 23 27 8 24 16 13 21 
1 28 6 12 9 5 26 29 3 2 20 10 4 15 18 17 14 22 11 19 25 33 30 36 31 39 32 35 34 38 37 7 23 27 8 24 16 13 21 
1 28 6 12 9 5 26 29 3 2 20 10 4 15 18 17 14 22 11 19 25 33 39 35 30 36 32 31 34 38 37 7 23 27 8 24 16 13 21 
1 28 6 12 9 5 26 29 3 2 20 10 4 15 18 17 14 22 11 19 25 33 32 39 31 30 36 35 34 38 37 7 23 27 8 24 16 13 21 
1 28 6 12 9 5 26 29 3 2 20 10 4 15 18 17 14 22 11 19 25 33 39 36 32 35 30 31 34 38 37 7 23 27 8 24 16 13 21 
1 28 6 12 9 5 26 29 3 2 20 10 4 15 18 17 14 22 11 19 25 33 30 35 32 39 31 36 34 38 37 7 23 27 8 24 16 13 21 
1 28 6 12 9 5 26 29 3 2 20 10 4 15 18 17 14 22 11 19 25 33 39 36 32 31 35 30 34 38 37 7 23 27 8 24 16 13 21 
1 28 6 12 9 5 26 29 3 2 20 10 4 15 18 17 14 22 11 19 25 33 30 35 32 31 36 39 34 38 37 7 23 27 8 24 16 13 21 
1 28 6 12 9 5 26 29 3 2 20 10 4 15 18 17 14 22 11 19 25 33 30 35 36 32 31 39 34 38 37 7 23 27 8 24 16 13 21 
1 28 6 12 9 5 26 29 3 2 20 10 4 15 18 17 14 22 11 19 25 33 32 39 31 30 35 36 34 38 37 7 23 27 8 24 16 13 21 
1 28 6 12 9 5 26 29 3 2 20 10 4 15 18 17 14 22 11 19 25 33 30 31 39 32 35 36 34 38 37 7 23 27 8 24 16 13 21 
1 28 6 12 9 5 26 29 3 2 20 10 4 15 18 17 14 22 11 19 25 33 32 31 30 35 36 39 34 38 37 7 23 27 8 24 16 13 21 
1 28 6 12 9 5 26 29 3 2 20 10 4 15 18 17 14 22 11 19 25 33 39 36 35 30 31 32 34 38 37 7 23 27 8 24 16 13 21 
1 28 6 12 9 5 26 29 3 2 20 10 4 15 18 17 14 22 11 19 25 33 30 31 32 35 36 39 34 38 37 7 23 27 8 24 16 13 21 
1 28 6 12 9 5 26 29 3 2 20 10 4 15 18 17 14 22 11 19 25 33 30 31 32 36 39 35 34 38 37 7 23 27 8 24 16 13 21 
1 28 6 12 9 5 26 29 3 2 20 10 4 15 18 17 14 22 11 19 25 33 30 36 35 32 31 39 34 38 37 7 23 27 8 24 16 13 21 
1 28 6 12 9 5 26 29 3 2 20 10 4 15 18 17 14 22 11 19 25 33 30 36 39 32 31 35 34 38 37 7 23 27 8 24 16 13 21 
1 28 6 12 9 5 26 29 3 2 20 10 4 15 18 17 14 22 11 19 25 33 39 32 36 30 31 35 34 38 37 7 23 27 8 24 16 13 21 
1 28 6 12 9 5 26 29 3 2 20 10 4 15 18 17 14 22 11 19 25 33 30 36 32 31 39 35 34 38 37 7 23 27 8 24 16 13 21 
1 28 6 12 9 5 26 29 3 2 20 10 4 15 18 17 14 22 11 19 25 33 32 31 30 36 39 35 34 38 37 7 23 27 8 24 16 13 21 
1 28 6 12 9 5 26 29 3 2 20 10 4 15 18 17 14 22 11 19 25 33 32 36 39 31 30 35 34 38 37 7 23 27 8 24 16 13 21 
1 28 6 12 9 5 26 29 3 2 20 10 4 15 18 17 14 22 11 19 25 33 30 31 39 36 32 35 34 38 37 7 23 27 8 24 16 13 21 
1 28 6 12 9 5 26 29 3 2 20 10 4 15 18 17 14 22 11 19 25 33 30 35 31 32 39 36 34 38 37 7 23 27 8 24 16 13 21 
1 28 6 12 9 5 26 29 3 2 20 10 4 15 18 17 14 22 11 19 25 33 30 35 39 31 32 36 34 38 37 7 23 27 8 24 16 13 21 
1 28 6 12 9 5 26 29 3 2 20 10 4 15 18 17 14 22 11 19 25 33 32 31 30 35 39 36 34 38 37 7 23 27 8 24 16 13 21 
1 28 6 12 9 5 26 29 3 2 20 10 4 15 18 17 14 22 11 19 25 33 30 31 32 35 39 36 34 38 37 7 23 27 8 24 16 13 21 
1 28 6 12 9 5 26 29 3 2 20 10 4 15 18 17 14 22 11 19 25 33 39 31 32 36 35 30 34 38 37 7 23 27 8 24 16 13 21 
1 28 6 12 9 5 26 29 3 2 20 10 4 15 18 17 14 22 11 19 25 33 39 36 31 32 35 30 34 38 37 7 23 27 8 24 16 13 21 
1 28 6 12 9 5 26 29 3 2 20 10 4 15 18 17 14 22 11 19 25 33 39 32 36 31 30 35 34 38 37 7 23 27 8 24 16 13 21 
1 28 6 12 9 5 26 29 3 2 20 10 4 15 18 17 14 22 11 19 25 33 39 36 35 32 31 30 34 38 37 7 23 27 8 24 16 13 21 
1 28 6 12 9 5 26 29 3 2 20 10 4 15 18 17 14 22 11 19 25 33 30 31 32 39 36 35 34 38 37 7 23 27 8 24 16 13 21 
1 28 6 12 9 5 26 29 3 2 20 10 4 15 18 17 14 22 11 19 25 33 32 31 39 35 30 36 34 38 37 7 23 27 8 24 16 13 21 
1 28 6 12 9 5 26 29 3 2 20 10 4 15 18 17 14 22 11 19 25 33 39 32 35 31 30 36 34 38 37 7 23 27 8 24 16 13 21 
1 28 6 12 9 5 26 29 3 2 20 10 4 15 18 17 14 22 11 19 25 33 39 31 32 35 36 30 34 38 37 7 23 27 8 24 16 13 21 
1 28 6 12 9 5 26 29 3 2 20 10 4 15 18 17 14 22 11 19 25 33 32 35 30 31 39 36 34 38 37 7 23 27 8 24 16 13 21 
1 28 6 12 9 5 26 29 3 2 20 10 4 15 18 17 14 22 11 19 25 33 39 32 35 30 31 36 34 38 37 7 23 27 8 24 16 13 21 
1 28 6 12 9 5 26 29 3 2 20 10 4 15 18 17 14 22 11 19 25 33 39 36 30 35 32 31 34 38 37 7 23 27 8 24 16 13 21 
1 28 6 12 9 5 26 29 3 2 20 10 4 15 18 17 14 22 11 19 25 33 39 35 30 31 32 36 34 38 37 7 23 27 8 24 16 13 21 
1 28 6 12 9 5 26 29 3 2 20 10 4 15 18 17 14 22 11 19 25 33 32 31 39 36 30 35 34 38 37 7 23 27 8 24 16 13 21 
1 28 6 12 9 5 26 29 3 2 20 10 4 15 18 17 14 22 11 19 25 33 30 36 39 31 32 35 34 38 37 7 23 27 8 24 16 13 21 
1 28 6 12 9 5 26 29 3 2 20 10 4 15 18 17 14 22 11 19 25 33 39 31 30 36 32 35 34 38 37 7 23 27 8 24 16 13 21 
1 28 6 12 9 5 26 29 3 2 20 10 4 15 18 17 14 22 11 19 25 33 39 32 31 35 30 36 34 38 37 7 23 27 8 24 16 13 21 
1 28 6 12 9 5 26 29 3 2 20 10 4 15 18 17 14 22 11 19 25 33 39 35 32 31 30 36 34 38 37 7 23 27 8 24 16 13 21 
1 28 6 12 9 5 26 29 3 2 20 10 4 15 18 17 14 22 11 19 25 33 30 35 32 31 39 36 34 38 37 7 23 27 8 24 16 13 21 
1 28 6 12 9 5 26 29 3 2 20 10 4 15 18 17 14 22 11 19 25 33 39 31 30 35 32 36 34 38 37 7 23 27 8 24 16 13 21 
1 28 6 12 9 5 26 29 3 2 20 10 4 15 18 17 14 22 11 19 25 33 39 32 31 36 30 35 34 38 37 7 23 27 8 24 16 13 21 
1 28 6 12 9 5 26 29 3 2 20 10 4 15 18 17 14 22 11 19 25 33 39 32 31 30 36 35 34 38 37 7 23 27 8 24 16 13 21 
1 28 6 12 9 5 26 29 3 2 20 10 4 15 18 17 14 22 11 19 25 33 39 32 31 30 35 36 34 38 37 7 23 27 8 24 16 13 21 
1 28 6 12 9 5 26 29 3 2 20 10 4 15 18 17 14 22 11 19 25 33 39 36 32 31 30 35 34 38 37 7 23 27 8 24 16 13 21 
1 28 6 12 9 5 26 29 3 2 20 10 4 15 18 17 14 22 11 19 25 33 39 31 32 36 30 35 34 38 37 7 23 27 8 24 16 13 21 
1 28 6 12 9 5 26 29 3 2 20 10 4 15 18 17 14 22 11 19 25 33 39 36 30 31 32 35 34 38 37 7 23 27 8 24 16 13 21 
1 28 6 12 9 5 26 29 3 2 20 10 4 15 18 17 14 22 11 19 25 33 39 31 32 35 30 36 34 38 37 7 23 27 8 24 16 13 21 
1 28 6 12 9 5 26 29 3 2 20 10 4 15 18 17 14 22 11 19 25 33 39 38 34 36 30 31 32 35 37 7 23 27 8 24 16 13 21 
1 28 6 12 9 5 26 29 3 2 20 10 4 15 18 17 14 22 11 19 25 33 39 38 34 36 30 35 32 31 37 7 23 27 8 24 16 13 21 
1 28 6 12 9 5 26 29 3 2 20 10 4 15 18 17 14 22 11 19 25 33 39 38 34 35 30 31 32 36 37 7 23 27 8 24 16 13 21 
1 28 6 12 9 5 26 29 3 2 20 10 4 15 18 17 14 22 11 19 25 33 39 38 34 35 32 31 30 36 37 7 23 27 8 24 16 13 21 
1 28 6 12 9 5 26 29 3 2 20 10 4 15 18 17 14 22 11 19 25 33 39 38 32 31 30 35 34 36 37 7 23 27 8 24 16 13 21 
1 28 6 12 9 5 26 29 3 2 20 10 4 15 18 17 14 22 11 19 25 33 35 32 31 30 36 34 38 39 37 7 23 27 8 24 16 13 21 
1 28 6 12 9 5 26 29 3 2 20 10 4 15 18 17 14 22 11 19 25 33 35 34 36 30 31 32 39 38 37 7 23 27 8 24 16 13 21 
1 28 6 12 9 5 26 29 3 2 20 10 4 15 18 17 14 22 11 19 25 33 36 34 35 30 31 32 39 38 37 7 23 27 8 24 16 13 21 
0
2844 3273 
2850 3270 
2854 3268 
2860 3265 
2864 3263 
2870 3260 
2870 3260 
2914 3238 
2920 3235 
2928 3231 
2928 3231 
2928 3231 
2930 3230 
2934 3228 
2938 3226 
2940 3225 
2940 3225 
2944 3223 
2948 3221 
2952 3219 
2958 3216 
2958 3216 
2958 3216 
2962 3214 
2964 3213 
2966 3212 
2968 3211 
2968 3211 
2972 3209 
2972 3209 
2974 3208 
2978 3206 
2980 3205 
2980 3205 
2980 3205 
2984 3203 
2988 3201 
2990 3200 
2994 3198 
2996 3197 
2998 3196 
2998 3196 
2998 3196 
2998 3196 
3000 3195 
3000 3195 
3002 3194 
3002 3194 
3004 3193 
3008 3191 
3008 3191 
3008 3191 
3010 3190 
3010 3190 
3010 3190 
3010 3190 
3014 3188 
3014 3188 
3014 3188 
3014 3188 
3016 3187 
3016 3187 
3016 3187 
3016 3187 
3018 3186 
3018 3186 
3020 3185 
3022 3184 
3022 3184 
3022 3184 
3024 3183 
3024 3183 
3024 3183 
3024 3183 
3026 3182 
3026 3182 
3026 3182 
3026 3182 
3026 3182 
3026 3182 
3028 3181 
3028 3181 
3030 3180 
3030 3180 
3030 3180 
3030 3180 
3032 3179 
3032 3179 
3034 3178 
3034 3178 
3034 3178 
3034 3178 
3036 3177 
3038 3138 
3048 3133 
3050 3132 
3050 3132 
3056 3129 
3074 3120 
3074 3120 
3074 3120 
3080 3117 
3084 3115 
3084 3115 
3084 3115 
3084 3115 
3086 3114 
3090 3112 
3090 3112 
3090 3112 
3092 3111 
3098 3108 
3098 3108 
3110 3102 
3112 3101 
3112 3101 
3112 3101 
3130 3092 
3130 3092 
3132 3091 
3132 3091 
3134 3090 
3134 3090 
3134 3090 
3134 3090 
3136 3089 
3136 3089 
3140 3087 
3140 3087 
3142 3086 
3146 3084 
3150 3082 
3150 3082 
3156 3079 
3156 3079 
3156 3079 
3156 3079 
3158 3078 
3162 3076 
3164 3075 
3166 3074 
3168 3073 
3168 3073 
3170 3072 
3170 3072 
3172 3071 
3172 3071 
3178 3068 
3178 3068 
3180 3067 
3180 3067 
3182 3066 
3184 3065 
3186 3064 
3188 3063 
3188 3063 
3188 3063 
3188 3063 
3190 3062 
3190 3062 
3190 3062 
3190 3062 
3192 3061 
3192 3061 
3194 3060 
3194 3060 
3194 3060 
3196 3059 
3196 3059 
3196 3059 
3200 3057 
3200 3057 
3202 3056 
3202 3056 
3204 3055 
3206 3054 
3206 3054 
3206 3054 
3208 3053 
3210 3052 
3210 3052 
3210 3052 
3214 3050 
3214 3050 
3216 3049 
3218 3048 
3218 3048 
3218 3048 
3222 3046 
3224 3045 
3224 3045 
3224 3045 
3224 3045 
3224 3045 
3224 3045 
3224 3045 
3224 3045 
3224 3045 
3224 3045 
3224 3045 
3226 3044 
3228 3043 
3228 3043 
3228 3043 
3228 3043 
3228 3043 
3230 3042 
3230 3042 
3230 3042 
3230 3042 
3230 3042 
3230 3042 
3230 3042 
3232 3041 
3232 3041 
3232 3041 
3234 3040 
3234 3040 
3236 3039 
3236 3039 
3236 3039 
3236 3039 
3238 3038 
3238 3038 
3238 3038 
3238 3038 
3238 3038 
3238 3038 
3238 3038 
3240 3037 
3240 3037 
3240 3037 
3240 3037 
3240 3037 
3240 3037 
3240 3037 
3240 3037 
3240 3037 
3242 3036 
3242 3036 
3242 3036 
3244 3035 
3246 3034 
3246 3034 
3246 3034 
3246 3034 
3246 3034 
3246 3034 
3248 3033 
3248 3033 
3248 3033 
3248 3033 
3250 3032 
3252 3031 
3252 3031 
3252 3031 
3252 3031 
3252 3031 
3252 3031 
3252 3031 
3254 3030 
3254 3030 
3254 3030 
3256 3029 
3256 3029 
3256 3029 
3256 3029 
3256 3029 
3256 3029 
3256 3029 
3258 3028 
3260 3027 
3262 3026 
3262 3026 
3262 3026 
3262 3026 
3262 3026 
3262 3026 
3262 3026 
3262 3026 
3264 3025 
3264 3025 
3266 3024 
3268 3023 
3268 3023 
3270 3022 
3272 3021 
3274 3020 
3274 3020 
3274 3020 
3274 3020 
3274 3020 
3274 3020 
3274 3020 
3276 3019 
3276 3019 
3276 3019 
3276 3019 
3278 3018 
3278 3018 
3280 3017 
3280 3017 
3280 3017 
3280 3017 
3280 3017 
3280 3017 
3280 3017 
3282 2978 
3326 2956 
3340 2949 
3350 2944 
3380 2929 
3384 2927 
3398 2920 
3402 2918 
3406 2916 
3408 2915 
3410 2914 
3410 2914 
3416 2911 
3422 2908 
3426 2906 
3438 2900 
3446 2896 
3456 2891 
3458 2890 
3460 2889 
3464 2887 
3468 2885 
3468 2885 
3478 2880 
3480 2879 
3480 2879 
3480 2879 
3482 2878 
3484 2877 
3506 2866 
3506 2866 
3506 2866 
3514 2862 
3514 2862 
3516 2861 
3516 2861 
3516 2861 
3518 2860 
3518 2860 
3520 2859 
3522 2858 
3524 2857 
3530 2854 
3530 2854 
3536 2851 
3538 2850 
3540 2849 
3550 2844 
3552 2843 
3556 2841 
3556 2841 
3562 2838 
3564 2837 
3564 2837 
3564 2837 
3572 2833 
3572 2833 
3574 2832 
3576 2831 
3580 2829 
3582 2828 
3586 2826 
3586 2826 
3588 2825 
3596 2821 
3598 2820 
3608 2815 
3612 2813 
3612 2813 
3612 2813 
3614 2812 
3620 2809 
3620 2809 
3622 2808 
3626 2806 
3630 2804 
3632 2803 
3636 2801 
3638 2800 
3640 2799 
3642 2798 
3644 2797 
3644 2797 
3644 2797 
3646 2796 
3650 2794 
3652 2793 
3652 2793 
3654 2792 
3656 2791 
3656 2791 
3656 2791 
3656 2791 
3656 2791 
3662 2788 
3668 2785 
3670 2784 
3672 2783 
3672 2783 
3672 2783 
3678 2780 
3678 2780 
3680 2779 
3680 2779 
3684 2777 
3686 2776 
3688 2775 
3688 2775 
3694 2772 
3696 2771 
3700 2769 
3702 2768 
3704 2767 
3704 2767 
3708 2765 
3708 2765 
3710 2764 
3712 2763 
3718 2760 
3720 2759 
3722 2758 
3722 2758 
3724 2757 
3724 2757 
3728 2755 
3730 2754 
3736 2751 
3736 2751 
3736 2751 
3738 2750 
3742 2748 
3744 2747 
3754 2742 
3756 2741 
3760 2739 
3762 2738 
3762 2738 
3762 2738 
3764 2737 
3768 2735 
3768 2735 
3770 2734 
3778 2730 
3786 2726 
3790 2724 
3792 2723 
3794 2722 
3800 2719 
3804 2717 
3806 2716 
3808 2715 
3812 2713 
3818 2710 
3820 2709 
3820 2709 
3820 2709 
3828 2705 
3828 2705 
3834 2702 
3834 2702 
3834 2702 
3844 2697 
3846 2696 
3870 2684 
3882 2678 
3926 2656 
3932 2653 
3934 2652 
3936 2651 
3938 2650 
3950 2644 
3952 2643 
3954 2642 
3956 2641 
3964 2637 
3982 2628 
4024 2607 
4040 2599 
4048 2595 
4082 2578 
4160 2577 
4186 2564 
4192 2561 
4216 2549 
4294 2548 
4386 2541 
4386 2541 
4390 2539 
