1 28 6 12 9 5 26 29 3 2 20 10 39 34 31 37 30 33 35 36 32 38 4 15 18 17 14 22 11 19 25 7 23 27 8 24 16 13 21 
1 28 6 12 9 5 26 29 3 2 20 10 39 34 30 37 31 33 35 36 32 38 4 15 18 17 14 22 11 19 25 7 23 27 8 24 16 13 21 
1 28 6 12 9 5 26 29 3 2 20 10 39 34 31 37 30 36 35 33 32 38 4 15 18 17 14 22 11 19 25 7 23 27 8 24 16 13 21 
1 28 6 12 9 5 26 29 3 2 20 10 39 34 31 37 33 35 30 36 32 38 4 15 18 17 14 22 11 19 25 7 23 27 8 24 16 13 21 
1 28 6 12 9 5 26 29 3 2 20 10 39 34 31 37 30 36 32 33 35 38 4 15 18 17 14 22 11 19 25 7 23 27 8 24 16 13 21 
1 28 6 12 9 5 26 29 3 2 20 10 39 34 31 37 33 30 35 36 32 38 4 15 18 17 14 22 11 19 25 7 23 27 8 24 16 13 21 
1 28 6 12 9 5 26 29 3 2 20 10 39 34 31 37 30 33 32 36 35 38 4 15 18 17 14 22 11 19 25 7 23 27 8 24 16 13 21 
1 28 6 12 9 5 26 29 3 2 20 10 39 34 33 31 37 30 35 36 32 38 4 15 18 17 14 22 11 19 25 7 23 27 8 24 16 13 21 
1 28 6 12 9 5 26 29 3 2 20 10 39 34 30 37 31 33 32 36 35 38 4 15 18 17 14 22 11 19 25 7 23 27 8 24 16 13 21 
1 28 6 12 9 5 26 29 3 2 20 10 39 34 31 37 35 33 30 36 32 38 4 15 18 17 14 22 11 19 25 7 23 27 8 24 16 13 21 
1 28 6 12 9 5 26 29 3 2 20 10 39 34 35 33 31 37 30 36 32 38 4 15 18 17 14 22 11 19 25 7 23 27 8 24 16 13 21 
1 28 6 12 9 5 26 29 3 2 20 10 39 34 37 31 33 35 30 36 32 38 4 15 18 17 14 22 11 19 25 7 23 27 8 24 16 13 21 
1 28 6 12 9 5 26 29 3 2 20 10 39 34 31 33 37 30 35 36 32 38 4 15 18 17 14 22 11 19 25 7 23 27 8 24 16 13 21 
1 28 6 12 9 5 26 29 3 2 20 10 39 34 30 33 35 36 32 31 37 38 4 15 18 17 14 22 11 19 25 7 23 27 8 24 16 13 21 
1 28 6 12 9 5 26 29 3 2 20 10 39 34 31 33 35 37 30 36 32 38 4 15 18 17 14 22 11 19 25 7 23 27 8 24 16 13 21 
1 28 6 12 9 5 26 29 3 2 20 10 39 34 30 36 35 33 37 31 32 38 4 15 18 17 14 22 11 19 25 7 23 27 8 24 16 13 21 
1 28 6 12 9 5 26 29 3 2 20 10 39 34 33 35 36 30 37 31 32 38 4 15 18 17 14 22 11 19 25 7 23 27 8 24 16 13 21 
1 28 6 12 9 5 26 29 3 2 20 10 39 34 30 36 32 31 37 33 35 38 4 15 18 17 14 22 11 19 25 7 23 27 8 24 16 13 21 
1 28 6 12 9 5 26 29 3 2 20 10 39 34 31 32 36 35 33 30 37 38 4 15 18 17 14 22 11 19 25 7 23 27 8 24 16 13 21 
1 28 6 12 9 5 26 29 3 2 20 10 39 34 32 36 30 37 31 33 35 38 4 15 18 17 14 22 11 19 25 7 23 27 8 24 16 13 21 
1 28 6 12 9 5 26 29 3 2 20 10 39 34 31 32 36 30 37 33 35 38 4 15 18 17 14 22 11 19 25 7 23 27 8 24 16 13 21 
1 28 6 12 9 5 26 29 3 2 20 10 39 34 30 33 31 37 35 36 32 38 4 15 18 17 14 22 11 19 25 7 23 27 8 24 16 13 21 
1 28 6 12 9 5 26 29 3 2 20 10 39 34 37 31 33 30 35 36 32 38 4 15 18 17 14 22 11 19 25 7 23 27 8 24 16 13 21 
1 28 6 12 9 5 26 29 3 2 20 10 39 34 30 37 31 32 36 35 33 38 4 15 18 17 14 22 11 19 25 7 23 27 8 24 16 13 21 
1 28 6 12 9 5 26 29 3 2 20 10 39 34 30 35 36 32 33 31 37 38 4 15 18 17 14 22 11 19 25 7 23 27 8 24 16 13 21 
1 28 6 12 9 5 26 29 3 2 20 10 39 34 31 37 33 32 36 30 35 38 4 15 18 17 14 22 11 19 25 7 23 27 8 24 16 13 21 
1 28 6 12 9 5 26 29 3 2 20 10 39 34 32 36 35 33 30 37 31 38 4 15 18 17 14 22 11 19 25 7 23 27 8 24 16 13 21 
1 28 6 12 9 5 26 29 3 2 20 10 39 34 31 33 30 37 35 36 32 38 4 15 18 17 14 22 11 19 25 7 23 27 8 24 16 13 21 
1 28 6 12 9 5 26 29 3 2 20 10 39 34 30 33 37 31 32 36 35 38 4 15 18 17 14 22 11 19 25 7 23 27 8 24 16 13 21 
1 28 6 12 9 5 26 29 3 2 20 10 39 34 33 30 37 31 32 36 35 38 4 15 18 17 14 22 11 19 25 7 23 27 8 24 16 13 21 
1 28 6 12 9 5 26 29 3 2 20 10 39 34 30 37 33 35 36 32 31 38 4 15 18 17 14 22 11 19 25 7 23 27 8 24 16 13 21 
1 28 6 12 9 5 26 29 3 2 20 10 39 34 31 33 32 36 35 30 37 38 4 15 18 17 14 22 11 19 25 7 23 27 8 24 16 13 21 
1 28 6 12 9 5 26 29 3 2 20 10 39 34 31 37 30 35 36 32 33 38 4 15 18 17 14 22 11 19 25 7 23 27 8 24 16 13 21 
1 28 6 12 9 5 26 29 3 2 20 10 39 34 37 31 32 36 30 33 35 38 4 15 18 17 14 22 11 19 25 7 23 27 8 24 16 13 21 
1 28 6 12 9 5 26 29 3 2 20 10 39 34 30 35 36 32 33 37 31 38 4 15 18 17 14 22 11 19 25 7 23 27 8 24 16 13 21 
1 28 6 12 9 5 26 29 3 2 20 10 39 34 33 32 36 35 30 37 31 38 4 15 18 17 14 22 11 19 25 7 23 27 8 24 16 13 21 
1 28 6 12 9 5 26 29 3 2 20 10 39 34 30 36 35 33 32 31 37 38 4 15 18 17 14 22 11 19 25 7 23 27 8 24 16 13 21 
1 28 6 12 9 5 26 29 3 2 20 10 39 34 30 37 33 31 32 36 35 38 4 15 18 17 14 22 11 19 25 7 23 27 8 24 16 13 21 
1 28 6 12 9 5 26 29 3 2 20 10 39 34 33 35 30 36 32 31 37 38 4 15 18 17 14 22 11 19 25 7 23 27 8 24 16 13 21 
1 28 6 12 9 5 26 29 3 2 20 10 39 34 30 36 32 33 35 37 31 38 4 15 18 17 14 22 11 19 25 7 23 27 8 24 16 13 21 
1 28 6 12 9 5 26 29 3 2 20 10 39 34 35 33 32 36 30 37 31 38 4 15 18 17 14 22 11 19 25 7 23 27 8 24 16 13 21 
1 28 6 12 9 5 26 29 3 2 20 10 39 34 32 36 30 35 33 31 37 38 4 15 18 17 14 22 11 19 25 7 23 27 8 24 16 13 21 
1 28 6 12 9 5 26 29 3 2 20 10 39 34 37 30 36 35 33 31 32 38 4 15 18 17 14 22 11 19 25 7 23 27 8 24 16 13 21 
1 28 6 12 9 5 26 29 3 2 20 10 39 34 37 30 36 32 31 33 35 38 4 15 18 17 14 22 11 19 25 7 23 27 8 24 16 13 21 
1 28 6 12 9 5 26 29 3 2 20 10 39 34 31 32 33 35 36 30 37 38 4 15 18 17 14 22 11 19 25 7 23 27 8 24 16 13 21 
1 28 6 12 9 5 26 29 3 2 20 10 39 34 31 32 36 30 35 33 37 38 4 15 18 17 14 22 11 19 25 7 23 27 8 24 16 13 21 
1 28 6 12 9 5 26 29 3 2 20 10 39 34 31 37 35 36 30 33 32 38 4 15 18 17 14 22 11 19 25 7 23 27 8 24 16 13 21 
1 28 6 12 9 5 26 29 3 2 20 10 39 34 30 36 35 37 31 33 32 38 4 15 18 17 14 22 11 19 25 7 23 27 8 24 16 13 21 
1 28 6 12 9 5 26 29 3 2 20 10 39 34 33 31 37 35 30 36 32 38 4 15 18 17 14 22 11 19 25 7 23 27 8 24 16 13 21 
1 28 6 12 9 5 26 29 3 2 20 10 39 34 35 36 30 37 31 33 32 38 4 15 18 17 14 22 11 19 25 7 23 27 8 24 16 13 21 
1 28 6 12 9 5 26 29 3 2 20 10 39 34 30 36 32 33 31 37 35 38 4 15 18 17 14 22 11 19 25 7 23 27 8 24 16 13 21 
1 28 6 12 9 5 26 29 3 2 20 10 39 34 37 31 33 32 36 30 35 38 4 15 18 17 14 22 11 19 25 7 23 27 8 24 16 13 21 
1 28 6 12 9 5 26 29 3 2 20 10 39 34 37 30 33 35 36 32 31 38 4 15 18 17 14 22 11 19 25 7 23 27 8 24 16 13 21 
1 28 6 12 9 5 26 29 3 2 20 10 39 34 33 30 35 36 32 31 37 38 4 15 18 17 14 22 11 19 25 7 23 27 8 24 16 13 21 
1 28 6 12 9 5 26 29 3 2 20 10 39 34 32 33 35 36 30 37 31 38 4 15 18 17 14 22 11 19 25 7 23 27 8 24 16 13 21 
1 28 6 12 9 5 26 29 3 2 20 10 39 34 32 36 30 35 33 37 31 38 4 15 18 17 14 22 11 19 25 7 23 27 8 24 16 13 21 
1 28 6 12 9 5 26 29 3 2 20 10 39 34 31 33 37 35 30 36 32 38 4 15 18 17 14 22 11 19 25 7 23 27 8 24 16 13 21 
1 28 6 12 9 5 26 29 3 2 20 10 39 34 31 33 32 36 30 37 35 38 4 15 18 17 14 22 11 19 25 7 23 27 8 24 16 13 21 
1 28 6 12 9 5 26 29 3 2 20 10 39 34 33 32 31 37 30 36 35 38 4 15 18 17 14 22 11 19 25 7 23 27 8 24 16 13 21 
1 28 6 12 9 5 26 29 3 2 20 10 39 34 33 37 31 32 36 30 35 38 4 15 18 17 14 22 11 19 25 7 23 27 8 24 16 13 21 
1 28 6 12 9 5 26 29 3 2 20 10 39 34 33 35 36 32 31 37 30 38 4 15 18 17 14 22 11 19 25 7 23 27 8 24 16 13 21 
1 28 6 12 9 5 26 29 3 2 20 10 39 34 30 33 32 36 35 37 31 38 4 15 18 17 14 22 11 19 25 7 23 27 8 24 16 13 21 
1 28 6 12 9 5 26 29 3 2 20 10 39 34 35 36 32 33 30 37 31 38 4 15 18 17 14 22 11 19 25 7 23 27 8 24 16 13 21 
1 28 6 12 9 5 26 29 3 2 20 10 39 34 32 36 35 30 33 31 37 38 4 15 18 17 14 22 11 19 25 7 23 27 8 24 16 13 21 
1 28 6 12 9 5 26 29 3 2 20 10 39 34 35 33 30 36 32 31 37 38 4 15 18 17 14 22 11 19 25 7 23 27 8 24 16 13 21 
1 28 6 12 9 5 26 29 3 2 20 10 39 34 37 30 33 31 32 36 35 38 4 15 18 17 14 22 11 19 25 7 23 27 8 24 16 13 21 
1 28 6 12 9 5 26 29 3 2 20 10 39 34 31 32 36 35 30 33 37 38 4 15 18 17 14 22 11 19 25 7 23 27 8 24 16 13 21 
1 28 6 12 9 5 26 29 3 2 20 10 39 34 32 33 31 37 30 36 35 38 4 15 18 17 14 22 11 19 25 7 23 27 8 24 16 13 21 
1 28 6 12 9 5 26 29 3 2 20 10 39 34 30 35 36 32 31 33 37 38 4 15 18 17 14 22 11 19 25 7 23 27 8 24 16 13 21 
1 28 6 12 9 5 26 29 3 2 20 10 39 34 33 31 32 36 35 30 37 38 4 15 18 17 14 22 11 19 25 7 23 27 8 24 16 13 21 
1 28 6 12 9 5 26 29 3 2 20 10 39 34 31 32 33 37 30 36 35 38 4 15 18 17 14 22 11 19 25 7 23 27 8 24 16 13 21 
1 28 6 12 9 5 26 29 3 2 20 10 39 34 32 36 35 33 31 37 30 38 4 15 18 17 14 22 11 19 25 7 23 27 8 24 16 13 21 
1 28 6 12 9 5 26 29 3 2 20 10 39 34 31 32 36 35 33 37 30 38 4 15 18 17 14 22 11 19 25 7 23 27 8 24 16 13 21 
1 28 6 12 9 5 26 29 3 2 20 10 39 34 30 35 36 32 31 37 33 38 4 15 18 17 14 22 11 19 25 7 23 27 8 24 16 13 21 
1 28 6 12 9 5 26 29 3 2 20 10 39 34 30 37 35 36 32 33 31 38 4 15 18 17 14 22 11 19 25 7 23 27 8 24 16 13 21 
1 28 6 12 9 5 26 29 3 2 20 10 39 34 31 32 36 30 33 35 37 38 4 15 18 17 14 22 11 19 25 7 23 27 8 24 16 13 21 
1 28 6 12 9 5 26 29 3 2 20 10 39 34 37 30 35 36 32 33 31 38 4 15 18 17 14 22 11 19 25 7 23 27 8 24 16 13 21 
1 28 6 12 9 5 26 29 3 2 20 10 39 34 30 36 32 31 33 35 37 38 4 15 18 17 14 22 11 19 25 7 23 27 8 24 16 13 21 
1 28 6 12 9 5 26 29 3 2 20 10 39 34 35 33 31 32 36 30 37 38 4 15 18 17 14 22 11 19 25 7 23 27 8 24 16 13 21 
1 28 6 12 9 5 26 29 3 2 20 10 39 34 31 37 33 32 36 35 30 38 4 15 18 17 14 22 11 19 25 7 23 27 8 24 16 13 21 
1 28 6 12 9 5 26 29 3 2 20 10 39 34 32 36 35 30 37 31 33 38 4 15 18 17 14 22 11 19 25 7 23 27 8 24 16 13 21 
1 28 6 12 9 5 26 29 3 2 20 10 39 34 32 36 35 30 33 37 31 38 4 15 18 17 14 22 11 19 25 7 23 27 8 24 16 13 21 
1 28 6 12 9 5 26 29 3 2 20 10 39 34 35 37 31 33 30 36 32 38 4 15 18 17 14 22 11 19 25 7 23 27 8 24 16 13 21 
1 28 6 12 9 5 26 29 3 2 20 10 39 34 30 36 32 31 37 35 33 38 4 15 18 17 14 22 11 19 25 7 23 27 8 24 16 13 21 
1 28 6 12 9 5 26 29 3 2 20 10 39 34 37 31 32 36 30 35 33 38 4 15 18 17 14 22 11 19 25 7 23 27 8 24 16 13 21 
1 28 6 12 9 5 26 29 3 2 20 10 39 34 31 32 36 35 30 37 33 38 4 15 18 17 14 22 11 19 25 7 23 27 8 24 16 13 21 
1 28 6 12 9 5 26 29 3 2 20 10 39 34 33 37 30 35 36 32 31 38 4 15 18 17 14 22 11 19 25 7 23 27 8 24 16 13 21 
1 28 6 12 9 5 26 29 3 2 20 10 39 34 35 30 36 32 33 31 37 38 4 15 18 17 14 22 11 19 25 7 23 27 8 24 16 13 21 
1 28 6 12 9 5 26 29 3 2 20 10 39 34 31 37 35 33 32 36 30 38 4 15 18 17 14 22 11 19 25 7 23 27 8 24 16 13 21 
1 28 6 12 9 5 26 29 3 2 20 10 39 34 32 36 30 33 35 37 31 38 4 15 18 17 14 22 11 19 25 7 23 27 8 24 16 13 21 
1 28 6 12 9 5 26 29 3 2 20 10 39 34 31 32 36 30 37 35 33 38 4 15 18 17 14 22 11 19 25 7 23 27 8 24 16 13 21 
1 28 6 12 9 5 26 29 3 2 20 10 39 34 33 30 36 35 37 31 32 38 4 15 18 17 14 22 11 19 25 7 23 27 8 24 16 13 21 
1 28 6 12 9 5 26 29 3 2 20 10 39 34 35 36 30 33 37 31 32 38 4 15 18 17 14 22 11 19 25 7 23 27 8 24 16 13 21 
1 28 6 12 9 5 26 29 3 2 20 10 39 34 32 36 35 30 37 33 31 38 4 15 18 17 14 22 11 19 25 7 23 27 8 24 16 13 21 
1 28 6 12 9 5 26 29 3 2 20 10 39 34 33 30 36 32 31 37 35 38 4 15 18 17 14 22 11 19 25 7 23 27 8 24 16 13 21 
1 28 6 12 9 5 26 29 3 2 20 10 39 34 37 31 32 33 30 36 35 38 4 15 18 17 14 22 11 19 25 7 23 27 8 24 16 13 21 
1 28 6 12 9 5 26 29 3 2 20 10 39 34 33 35 37 30 36 32 31 38 4 15 18 17 14 22 11 19 25 7 23 27 8 24 16 13 21 
1 28 6 12 9 5 26 29 3 2 20 10 39 34 35 33 37 30 36 32 31 38 4 15 18 17 14 22 11 19 25 7 23 27 8 24 16 13 21 
1 28 6 12 9 5 26 29 3 2 20 10 39 34 37 30 36 35 33 32 31 38 4 15 18 17 14 22 11 19 25 7 23 27 8 24 16 13 21 
1 28 6 12 9 5 26 29 3 2 20 10 39 34 37 33 35 30 36 32 31 38 4 15 18 17 14 22 11 19 25 7 23 27 8 24 16 13 21 
1 28 6 12 9 5 26 29 3 2 20 10 39 34 31 33 32 36 30 35 37 38 4 15 18 17 14 22 11 19 25 7 23 27 8 24 16 13 21 
1 28 6 12 9 5 26 29 3 2 20 10 39 34 32 31 33 35 36 30 37 38 4 15 18 17 14 22 11 19 25 7 23 27 8 24 16 13 21 
1 28 6 12 9 5 26 29 3 2 20 10 39 34 37 31 32 36 35 33 30 38 4 15 18 17 14 22 11 19 25 7 23 27 8 24 16 13 21 
1 28 6 12 9 5 26 29 3 2 20 10 39 34 31 37 35 30 36 32 33 38 4 15 18 17 14 22 11 19 25 7 23 27 8 24 16 13 21 
1 28 6 12 9 5 26 29 3 2 20 10 39 34 32 31 37 30 36 35 33 38 4 15 18 17 14 22 11 19 25 7 23 27 8 24 16 13 21 
1 28 6 12 9 5 26 29 3 2 20 10 39 34 32 36 30 33 31 37 35 38 4 15 18 17 14 22 11 19 25 7 23 27 8 24 16 13 21 
1 28 6 12 9 5 26 29 3 2 20 10 39 34 30 33 31 32 36 35 37 38 4 15 18 17 14 22 11 19 25 7 23 27 8 24 16 13 21 
1 28 6 12 9 5 26 29 3 2 20 10 39 34 35 36 32 31 33 30 37 38 4 15 18 17 14 22 11 19 25 7 23 27 8 24 16 13 21 
1 28 6 12 9 5 26 29 3 2 20 10 39 34 32 36 30 37 35 33 31 38 4 15 18 17 14 22 11 19 25 7 23 27 8 24 16 13 21 
1 28 6 12 9 5 26 29 3 2 20 10 39 34 31 32 36 30 33 37 35 38 4 15 18 17 14 22 11 19 25 7 23 27 8 24 16 13 21 
1 28 6 12 9 5 26 29 3 2 20 10 39 34 33 32 36 30 35 37 31 38 4 15 18 17 14 22 11 19 25 7 23 27 8 24 16 13 21 
1 28 6 12 9 5 26 29 3 2 20 10 39 34 35 30 36 32 33 37 31 38 4 15 18 17 14 22 11 19 25 7 23 27 8 24 16 13 21 
1 28 6 12 9 5 26 29 3 2 20 10 39 34 30 36 35 37 33 31 32 38 4 15 18 17 14 22 11 19 25 7 23 27 8 24 16 13 21 
1 28 6 12 9 5 26 29 3 2 20 10 39 34 35 36 30 37 33 31 32 38 4 15 18 17 14 22 11 19 25 7 23 27 8 24 16 13 21 
1 28 6 12 9 5 26 29 3 2 20 10 39 34 30 36 32 31 33 37 35 38 4 15 18 17 14 22 11 19 25 7 23 27 8 24 16 13 21 
1 28 6 12 9 5 26 29 3 2 20 10 39 34 33 31 32 36 30 37 35 38 4 15 18 17 14 22 11 19 25 7 23 27 8 24 16 13 21 
1 28 6 12 9 5 26 29 3 2 20 10 39 34 37 33 31 32 36 30 35 38 4 15 18 17 14 22 11 19 25 7 23 27 8 24 16 13 21 
1 28 6 12 9 5 26 29 3 2 20 10 39 34 35 36 32 31 37 30 33 38 4 15 18 17 14 22 11 19 25 7 23 27 8 24 16 13 21 
1 28 6 12 9 5 26 29 3 2 20 10 39 34 37 31 32 36 35 30 33 38 4 15 18 17 14 22 11 19 25 7 23 27 8 24 16 13 21 
1 28 6 12 9 5 26 29 3 2 20 10 39 34 32 31 37 33 30 36 35 38 4 15 18 17 14 22 11 19 25 7 23 27 8 24 16 13 21 
1 28 6 12 9 5 26 29 3 2 20 10 39 34 31 37 35 36 32 33 30 38 4 15 18 17 14 22 11 19 25 7 23 27 8 24 16 13 21 
1 28 6 12 9 5 26 29 3 2 20 10 39 34 31 32 36 35 37 30 33 38 4 15 18 17 14 22 11 19 25 7 23 27 8 24 16 13 21 
1 28 6 12 9 5 26 29 3 2 20 10 39 34 35 36 32 33 31 37 30 38 4 15 18 17 14 22 11 19 25 7 23 27 8 24 16 13 21 
1 28 6 12 9 5 26 29 3 2 20 10 39 34 37 31 33 32 36 35 30 38 4 15 18 17 14 22 11 19 25 7 23 27 8 24 16 13 21 
1 28 6 12 9 5 26 29 3 2 20 10 39 34 30 37 35 36 32 31 33 38 4 15 18 17 14 22 11 19 25 7 23 27 8 24 16 13 21 
1 28 6 12 9 5 26 29 3 2 20 10 39 34 37 30 35 36 32 31 33 38 4 15 18 17 14 22 11 19 25 7 23 27 8 24 16 13 21 
1 28 6 12 9 5 26 29 3 2 20 10 39 34 30 33 37 35 36 32 31 38 4 15 18 17 14 22 11 19 25 7 23 27 8 24 16 13 21 
1 28 6 12 9 5 26 29 3 2 20 10 39 34 33 30 37 35 36 32 31 38 4 15 18 17 14 22 11 19 25 7 23 27 8 24 16 13 21 
1 28 6 12 9 5 26 29 3 2 20 10 39 34 37 33 30 35 36 32 31 38 4 15 18 17 14 22 11 19 25 7 23 27 8 24 16 13 21 
1 28 6 12 9 5 26 29 3 2 20 10 39 34 32 31 33 37 30 36 35 38 4 15 18 17 14 22 11 19 25 7 23 27 8 24 16 13 21 
1 28 6 12 9 5 26 29 3 2 20 10 39 34 31 33 32 36 35 37 30 38 4 15 18 17 14 22 11 19 25 7 23 27 8 24 16 13 21 
1 28 6 12 9 5 26 29 3 2 20 10 39 34 32 36 35 37 30 33 31 38 4 15 18 17 14 22 11 19 25 7 23 27 8 24 16 13 21 
1 28 6 12 9 5 26 29 3 2 20 10 39 34 33 37 31 32 36 35 30 38 4 15 18 17 14 22 11 19 25 7 23 27 8 24 16 13 21 
1 28 6 12 9 5 26 29 3 2 20 10 39 34 37 35 33 30 36 32 31 38 4 15 18 17 14 22 11 19 25 7 23 27 8 24 16 13 21 
1 28 6 12 9 5 26 29 3 2 20 10 39 34 35 36 30 33 32 31 37 38 4 15 18 17 14 22 11 19 25 7 23 27 8 24 16 13 21 
1 28 6 12 9 5 26 29 3 2 20 10 39 34 33 35 37 31 32 36 30 38 4 15 18 17 14 22 11 19 25 7 23 27 8 24 16 13 21 
1 28 6 12 9 5 26 29 3 2 20 10 39 34 35 33 37 31 32 36 30 38 4 15 18 17 14 22 11 19 25 7 23 27 8 24 16 13 21 
1 28 6 12 9 5 26 29 3 2 20 10 39 34 37 31 32 33 35 36 30 38 4 15 18 17 14 22 11 19 25 7 23 27 8 24 16 13 21 
1 28 6 12 9 5 26 29 3 2 20 10 39 34 37 35 36 30 33 31 32 38 4 15 18 17 14 22 11 19 25 7 23 27 8 24 16 13 21 
1 28 6 12 9 5 26 29 3 2 20 10 39 34 31 32 33 30 36 35 37 38 4 15 18 17 14 22 11 19 25 7 23 27 8 24 16 13 21 
1 28 6 12 9 5 26 29 3 2 20 10 39 34 33 31 32 36 30 35 37 38 4 15 18 17 14 22 11 19 25 7 23 27 8 24 16 13 21 
1 28 6 12 9 5 26 29 3 2 20 10 39 34 35 30 36 32 31 33 37 38 4 15 18 17 14 22 11 19 25 7 23 27 8 24 16 13 21 
1 28 6 12 9 5 26 29 3 2 20 10 39 34 30 36 35 37 31 32 33 38 4 15 18 17 14 22 11 19 25 7 23 27 8 24 16 13 21 
1 28 6 12 9 5 26 29 3 2 20 10 39 34 35 30 36 32 31 37 33 38 4 15 18 17 14 22 11 19 25 7 23 27 8 24 16 13 21 
1 28 6 12 9 5 26 29 3 2 20 10 39 34 35 36 30 37 31 32 33 38 4 15 18 17 14 22 11 19 25 7 23 27 8 24 16 13 21 
1 28 6 12 9 5 26 29 3 2 20 10 39 34 35 37 30 36 32 33 31 38 4 15 18 17 14 22 11 19 25 7 23 27 8 24 16 13 21 
1 28 6 12 9 5 26 29 3 2 20 10 39 34 37 35 30 36 32 33 31 38 4 15 18 17 14 22 11 19 25 7 23 27 8 24 16 13 21 
1 28 6 12 9 5 26 29 3 2 20 10 39 34 32 31 37 33 35 36 30 38 4 15 18 17 14 22 11 19 25 7 23 27 8 24 16 13 21 
1 28 6 12 9 5 26 29 3 2 20 10 39 34 32 36 30 35 37 31 33 38 4 15 18 17 14 22 11 19 25 7 23 27 8 24 16 13 21 
1 28 6 12 9 5 26 29 3 2 20 10 39 34 32 33 30 36 35 37 31 38 4 15 18 17 14 22 11 19 25 7 23 27 8 24 16 13 21 
1 28 6 12 9 5 26 29 3 2 20 10 39 34 31 32 36 30 35 37 33 38 4 15 18 17 14 22 11 19 25 7 23 27 8 24 16 13 21 
1 28 6 12 9 5 26 29 3 2 20 10 39 34 30 36 35 37 33 32 31 38 4 15 18 17 14 22 11 19 25 7 23 27 8 24 16 13 21 
1 28 6 12 9 5 26 29 3 2 20 10 39 34 33 37 35 30 36 32 31 38 4 15 18 17 14 22 11 19 25 7 23 27 8 24 16 13 21 
1 28 6 12 9 5 26 29 3 2 20 10 39 34 35 36 30 37 33 32 31 38 4 15 18 17 14 22 11 19 25 7 23 27 8 24 16 13 21 
1 28 6 12 9 5 26 29 3 2 20 10 39 34 35 36 32 31 37 33 30 38 4 15 18 17 14 22 11 19 25 7 23 27 8 24 16 13 21 
1 28 6 12 9 5 26 29 3 2 20 10 39 34 32 36 30 35 37 33 31 38 4 15 18 17 14 22 11 19 25 7 23 27 8 24 16 13 21 
1 28 6 12 9 5 26 29 3 2 20 10 39 34 32 36 35 37 31 33 30 38 4 15 18 17 14 22 11 19 25 7 23 27 8 24 16 13 21 
1 28 6 12 9 5 26 29 3 2 20 10 39 34 31 32 36 35 37 33 30 38 4 15 18 17 14 22 11 19 25 7 23 27 8 24 16 13 21 
1 28 6 12 9 5 26 29 3 2 20 10 39 34 33 31 32 36 35 37 30 38 4 15 18 17 14 22 11 19 25 7 23 27 8 24 16 13 21 
1 28 6 12 9 5 26 29 3 2 20 10 39 34 35 36 32 31 33 37 30 38 4 15 18 17 14 22 11 19 25 7 23 27 8 24 16 13 21 
1 28 6 12 9 5 26 29 3 2 20 10 39 34 37 33 31 32 36 35 30 38 4 15 18 17 14 22 11 19 25 7 23 27 8 24 16 13 21 
1 28 6 12 9 5 26 29 3 2 20 10 39 34 35 37 31 32 36 30 33 38 4 15 18 17 14 22 11 19 25 7 23 27 8 24 16 13 21 
1 28 6 12 9 5 26 29 3 2 20 10 39 34 37 35 33 31 32 36 30 38 4 15 18 17 14 22 11 19 25 7 23 27 8 24 16 13 21 
1 28 6 12 9 5 26 29 3 2 20 10 39 34 35 37 31 33 32 36 30 38 4 15 18 17 14 22 11 19 25 7 23 27 8 24 16 13 21 
1 28 6 12 9 5 26 29 3 2 20 10 39 34 35 37 30 36 32 31 33 38 4 15 18 17 14 22 11 19 25 7 23 27 8 24 16 13 21 
1 28 6 12 9 5 26 29 3 2 20 10 39 34 37 35 30 36 32 31 33 38 4 15 18 17 14 22 11 19 25 7 23 27 8 24 16 13 21 
1 28 6 12 9 5 26 29 3 2 20 10 39 34 35 37 33 30 36 32 31 38 4 15 18 17 14 22 11 19 25 7 23 27 8 24 16 13 21 
1 28 6 12 9 5 26 29 3 2 20 10 39 34 37 35 36 30 33 32 31 38 4 15 18 17 14 22 11 19 25 7 23 27 8 24 16 13 21 
1 28 6 12 9 5 26 29 3 2 20 10 39 34 32 31 33 30 36 35 37 38 4 15 18 17 14 22 11 19 25 7 23 27 8 24 16 13 21 
1 28 6 12 9 5 26 29 3 2 20 10 39 34 32 31 37 35 36 30 33 38 4 15 18 17 14 22 11 19 25 7 23 27 8 24 16 13 21 
1 28 6 12 9 5 26 29 3 2 20 10 39 34 33 32 31 37 35 36 30 38 4 15 18 17 14 22 11 19 25 7 23 27 8 24 16 13 21 
1 28 6 12 9 5 26 29 3 2 20 10 39 34 37 35 36 32 31 33 30 38 4 15 18 17 14 22 11 19 25 7 23 27 8 24 16 13 21 
1 28 6 12 9 5 26 29 3 2 20 10 39 34 32 33 31 37 35 36 30 38 4 15 18 17 14 22 11 19 25 7 23 27 8 24 16 13 21 
1 28 6 12 9 5 26 29 3 2 20 10 39 34 31 32 33 37 35 36 30 38 4 15 18 17 14 22 11 19 25 7 23 27 8 24 16 13 21 
1 28 6 12 9 5 26 29 3 2 20 10 39 30 35 36 32 31 33 37 34 38 4 15 18 17 14 22 11 19 25 7 23 27 8 24 16 13 21 
1 28 6 12 9 5 26 29 3 2 20 10 39 30 37 33 31 32 36 35 34 38 4 15 18 17 14 22 11 19 25 7 23 27 8 24 16 13 21 
1 28 6 12 9 5 26 29 3 2 20 10 39 30 37 35 36 32 31 33 34 38 4 15 18 17 14 22 11 19 25 7 23 27 8 24 16 13 21 
1 28 6 12 9 5 26 29 3 2 20 10 39 32 36 35 37 30 33 31 34 38 4 15 18 17 14 22 11 19 25 7 23 27 8 24 16 13 21 
1 28 6 12 9 5 26 29 3 2 20 10 39 33 30 37 35 36 32 31 34 38 4 15 18 17 14 22 11 19 25 7 23 27 8 24 16 13 21 
1 28 6 12 9 5 26 29 3 2 20 10 39 33 35 34 37 31 32 36 30 38 4 15 18 17 14 22 11 19 25 7 23 27 8 24 16 13 21 
1 28 6 12 9 5 26 29 3 2 20 10 39 32 36 35 34 31 33 37 30 38 4 15 18 17 14 22 11 19 25 7 23 27 8 24 16 13 21 
1 28 6 12 9 5 26 29 3 2 20 10 39 32 36 35 37 33 31 34 30 38 4 15 18 17 14 22 11 19 25 7 23 27 8 24 16 13 21 
1 28 6 12 9 5 26 29 3 2 20 10 39 33 34 31 32 36 35 37 30 38 4 15 18 17 14 22 11 19 25 7 23 27 8 24 16 13 21 
1 28 6 12 9 5 26 29 3 2 20 10 39 33 37 34 31 32 36 35 30 38 4 15 18 17 14 22 11 19 25 7 23 27 8 24 16 13 21 
1 28 6 12 9 5 26 29 3 2 20 10 39 33 37 35 36 32 31 34 30 38 4 15 18 17 14 22 11 19 25 7 23 27 8 24 16 13 21 
1 28 6 12 9 5 26 29 3 2 20 10 39 33 31 32 36 35 30 37 34 38 4 15 18 17 14 22 11 19 25 7 23 27 8 24 16 13 21 
1 28 6 12 9 5 26 29 3 2 20 10 39 33 31 32 36 35 37 30 34 38 4 15 18 17 14 22 11 19 25 7 23 27 8 24 16 13 21 
1 28 6 12 9 5 26 29 3 2 20 10 39 35 34 37 31 33 32 36 30 38 4 15 18 17 14 22 11 19 25 7 23 27 8 24 16 13 21 
1 28 6 12 9 5 26 29 3 2 20 10 39 35 37 34 31 32 36 30 33 38 4 15 18 17 14 22 11 19 25 7 23 27 8 24 16 13 21 
1 28 6 12 9 5 26 29 3 2 20 10 39 37 35 34 31 32 36 30 33 38 4 15 18 17 14 22 11 19 25 7 23 27 8 24 16 13 21 
1 28 6 12 9 5 26 29 3 2 20 10 39 35 34 37 30 36 32 31 33 38 4 15 18 17 14 22 11 19 25 7 23 27 8 24 16 13 21 
1 28 6 12 9 5 26 29 3 2 20 10 39 35 37 34 30 36 32 31 33 38 4 15 18 17 14 22 11 19 25 7 23 27 8 24 16 13 21 
1 28 6 12 9 5 26 29 3 2 20 10 39 37 34 35 30 36 32 31 33 38 4 15 18 17 14 22 11 19 25 7 23 27 8 24 16 13 21 
1 28 6 12 9 5 26 29 3 2 20 10 39 37 35 34 30 36 32 31 33 38 4 15 18 17 14 22 11 19 25 7 23 27 8 24 16 13 21 
1 28 6 12 9 5 26 29 3 2 20 10 39 35 34 37 33 30 36 32 31 38 4 15 18 17 14 22 11 19 25 7 23 27 8 24 16 13 21 
1 28 6 12 9 5 26 29 3 2 20 10 39 35 37 34 33 30 36 32 31 38 4 15 18 17 14 22 11 19 25 7 23 27 8 24 16 13 21 
1 28 6 12 9 5 26 29 3 2 20 10 39 37 34 35 36 30 33 32 31 38 4 15 18 17 14 22 11 19 25 7 23 27 8 24 16 13 21 
1 28 6 12 9 5 26 29 3 2 20 10 39 37 35 34 33 30 36 32 31 38 4 15 18 17 14 22 11 19 25 7 23 27 8 24 16 13 21 
1 28 6 12 9 5 26 29 3 2 20 10 39 35 36 30 33 31 32 34 37 38 4 15 18 17 14 22 11 19 25 7 23 27 8 24 16 13 21 
1 28 6 12 9 5 26 29 3 2 20 10 39 30 36 32 31 37 35 34 33 38 4 15 18 17 14 22 11 19 25 7 23 27 8 24 16 13 21 
1 28 6 12 9 5 26 29 3 2 20 10 39 30 36 35 34 37 31 32 33 38 4 15 18 17 14 22 11 19 25 7 23 27 8 24 16 13 21 
1 28 6 12 9 5 26 29 3 2 20 10 39 33 31 34 32 36 35 37 30 38 4 15 18 17 14 22 11 19 25 7 23 27 8 24 16 13 21 
1 28 6 12 9 5 26 29 3 2 20 10 39 30 36 32 31 33 35 37 34 38 4 15 18 17 14 22 11 19 25 7 23 27 8 24 16 13 21 
1 28 6 12 9 5 26 29 3 2 20 10 39 33 35 37 34 31 32 36 30 38 4 15 18 17 14 22 11 19 25 7 23 27 8 24 16 13 21 
1 28 6 12 9 5 26 29 3 2 20 10 39 32 31 37 34 33 35 36 30 38 4 15 18 17 14 22 11 19 25 7 23 27 8 24 16 13 21 
1 28 6 12 9 5 26 29 3 2 20 10 39 32 36 30 34 35 37 31 33 38 4 15 18 17 14 22 11 19 25 7 23 27 8 24 16 13 21 
1 28 6 12 9 5 26 29 3 2 20 10 39 32 36 30 35 34 37 31 33 38 4 15 18 17 14 22 11 19 25 7 23 27 8 24 16 13 21 
1 28 6 12 9 5 26 29 3 2 20 10 39 37 31 32 34 35 36 30 33 38 4 15 18 17 14 22 11 19 25 7 23 27 8 24 16 13 21 
1 28 6 12 9 5 26 29 3 2 20 10 39 35 36 30 33 32 31 37 34 38 4 15 18 17 14 22 11 19 25 7 23 27 8 24 16 13 21 
1 28 6 12 9 5 26 29 3 2 20 10 39 35 37 31 32 36 30 33 34 38 4 15 18 17 14 22 11 19 25 7 23 27 8 24 16 13 21 
1 28 6 12 9 5 26 29 3 2 20 10 39 35 37 34 31 33 32 36 30 38 4 15 18 17 14 22 11 19 25 7 23 27 8 24 16 13 21 
1 28 6 12 9 5 26 29 3 2 20 10 39 37 31 32 33 30 36 35 34 38 4 15 18 17 14 22 11 19 25 7 23 27 8 24 16 13 21 
1 28 6 12 9 5 26 29 3 2 20 10 39 37 34 32 31 33 35 36 30 38 4 15 18 17 14 22 11 19 25 7 23 27 8 24 16 13 21 
1 28 6 12 9 5 26 29 3 2 20 10 39 37 35 34 31 33 32 36 30 38 4 15 18 17 14 22 11 19 25 7 23 27 8 24 16 13 21 
1 28 6 12 9 5 26 29 3 2 20 10 39 35 34 33 37 31 32 36 30 38 4 15 18 17 14 22 11 19 25 7 23 27 8 24 16 13 21 
1 28 6 12 9 5 26 29 3 2 20 10 39 35 37 34 32 36 30 33 31 38 4 15 18 17 14 22 11 19 25 7 23 27 8 24 16 13 21 
1 28 6 12 9 5 26 29 3 2 20 10 39 37 31 32 33 34 35 36 30 38 4 15 18 17 14 22 11 19 25 7 23 27 8 24 16 13 21 
1 28 6 12 9 5 26 29 3 2 20 10 39 37 35 34 32 36 30 33 31 38 4 15 18 17 14 22 11 19 25 7 23 27 8 24 16 13 21 
1 28 6 12 9 5 26 29 3 2 20 10 39 34 35 37 33 31 32 36 30 38 4 15 18 17 14 22 11 19 25 7 23 27 8 24 16 13 21 
1 28 6 12 9 5 26 29 3 2 20 10 39 34 32 31 33 37 35 36 30 38 4 15 18 17 14 22 11 19 25 7 23 27 8 24 16 13 21 
1 28 6 12 9 5 26 29 3 2 20 10 39 32 31 37 34 35 36 30 33 38 4 15 18 17 14 22 11 19 25 7 23 27 8 24 16 13 21 
1 28 6 12 9 5 26 29 3 2 20 10 39 35 34 37 33 31 32 36 30 38 4 15 18 17 14 22 11 19 25 7 23 27 8 24 16 13 21 
1 28 6 12 9 5 26 29 3 2 20 10 39 35 37 34 33 31 32 36 30 38 4 15 18 17 14 22 11 19 25 7 23 27 8 24 16 13 21 
1 28 6 12 9 5 26 29 3 2 20 10 39 37 35 34 33 31 32 36 30 38 4 15 18 17 14 22 11 19 25 7 23 27 8 24 16 13 21 
1 28 6 12 9 5 26 29 3 2 20 10 39 32 36 30 33 31 37 35 34 38 4 15 18 17 14 22 11 19 25 7 23 27 8 24 16 13 21 
1 28 6 12 9 5 26 29 3 2 20 10 39 33 30 36 32 31 37 35 34 38 4 15 18 17 14 22 11 19 25 7 23 27 8 24 16 13 21 
1 28 6 12 9 5 26 29 3 2 20 10 39 32 31 34 37 35 36 30 33 38 4 15 18 17 14 22 11 19 25 7 23 27 8 24 16 13 21 
1 28 6 12 9 5 26 29 3 2 20 10 39 32 33 31 37 34 35 36 30 38 4 15 18 17 14 22 11 19 25 7 23 27 8 24 16 13 21 
1 28 6 12 9 5 26 29 3 2 20 10 39 33 32 31 37 34 35 36 30 38 4 15 18 17 14 22 11 19 25 7 23 27 8 24 16 13 21 
1 28 6 12 9 5 26 29 3 2 20 10 39 33 34 35 37 31 32 36 30 38 4 15 18 17 14 22 11 19 25 7 23 27 8 24 16 13 21 
1 28 6 12 9 5 26 29 3 2 20 10 39 30 36 35 37 34 32 31 33 38 4 15 18 17 14 22 11 19 25 7 23 27 8 24 16 13 21 
1 28 6 12 9 5 26 29 3 2 20 10 39 33 31 37 35 34 32 36 30 38 4 15 18 17 14 22 11 19 25 7 23 27 8 24 16 13 21 
1 28 6 12 9 5 26 29 3 2 20 10 39 30 36 32 31 33 37 35 34 38 4 15 18 17 14 22 11 19 25 7 23 27 8 24 16 13 21 
1 28 6 12 9 5 26 29 3 2 20 10 39 32 31 37 33 30 36 35 34 38 4 15 18 17 14 22 11 19 25 7 23 27 8 24 16 13 21 
1 28 6 12 9 5 26 29 3 2 20 10 39 32 31 37 35 36 30 33 34 38 4 15 18 17 14 22 11 19 25 7 23 27 8 24 16 13 21 
1 28 6 12 9 5 26 29 3 2 20 10 39 32 33 31 34 37 35 36 30 38 4 15 18 17 14 22 11 19 25 7 23 27 8 24 16 13 21 
1 28 6 12 9 5 26 29 3 2 20 10 39 33 32 31 34 37 35 36 30 38 4 15 18 17 14 22 11 19 25 7 23 27 8 24 16 13 21 
1 28 6 12 9 5 26 29 3 2 20 10 39 33 37 35 34 31 32 36 30 38 4 15 18 17 14 22 11 19 25 7 23 27 8 24 16 13 21 
1 28 6 12 9 5 26 29 3 2 20 10 39 32 31 37 33 34 35 36 30 38 4 15 18 17 14 22 11 19 25 7 23 27 8 24 16 13 21 
1 28 6 12 9 5 26 29 3 2 20 10 39 32 34 37 35 36 30 33 31 38 4 15 18 17 14 22 11 19 25 7 23 27 8 24 16 13 21 
1 28 6 12 9 5 26 29 3 2 20 10 39 33 30 36 35 37 34 32 31 38 4 15 18 17 14 22 11 19 25 7 23 27 8 24 16 13 21 
1 28 6 12 9 5 26 29 3 2 20 10 39 33 31 32 36 30 35 37 34 38 4 15 18 17 14 22 11 19 25 7 23 27 8 24 16 13 21 
1 28 6 12 9 5 26 29 3 2 20 10 39 33 31 32 36 30 37 35 34 38 4 15 18 17 14 22 11 19 25 7 23 27 8 24 16 13 21 
1 28 6 12 9 5 26 29 3 2 20 10 39 37 35 36 30 33 31 32 34 38 4 15 18 17 14 22 11 19 25 7 23 27 8 24 16 13 21 
1 28 6 12 9 5 26 29 3 2 20 10 39 37 33 31 32 34 35 36 30 38 4 15 18 17 14 22 11 19 25 7 23 27 8 24 16 13 21 
1 28 6 12 9 5 26 29 3 2 20 10 39 33 30 36 35 37 31 32 34 38 4 15 18 17 14 22 11 19 25 7 23 27 8 24 16 13 21 
1 28 6 12 9 5 26 29 3 2 20 10 39 32 34 33 31 37 35 36 30 38 4 15 18 17 14 22 11 19 25 7 23 27 8 24 16 13 21 
1 28 6 12 9 5 26 29 3 2 20 10 39 33 34 32 31 37 35 36 30 38 4 15 18 17 14 22 11 19 25 7 23 27 8 24 16 13 21 
1 28 6 12 9 5 26 29 3 2 20 10 39 33 37 31 32 34 35 36 30 38 4 15 18 17 14 22 11 19 25 7 23 27 8 24 16 13 21 
1 28 6 12 9 5 26 29 3 2 20 10 39 32 31 34 33 37 35 36 30 38 4 15 18 17 14 22 11 19 25 7 23 27 8 24 16 13 21 
1 28 6 12 9 5 26 29 3 2 20 10 39 32 31 33 37 30 36 35 34 38 4 15 18 17 14 22 11 19 25 7 23 27 8 24 16 13 21 
1 28 6 12 9 5 26 29 3 2 20 10 39 32 31 33 37 35 36 30 34 38 4 15 18 17 14 22 11 19 25 7 23 27 8 24 16 13 21 
1 28 6 12 9 5 26 29 3 2 20 10 39 30 36 35 37 33 31 32 34 38 4 15 18 17 14 22 11 19 25 7 23 27 8 24 16 13 21 
1 28 6 12 9 5 26 29 3 2 20 10 39 32 34 31 33 37 35 36 30 38 4 15 18 17 14 22 11 19 25 7 23 27 8 24 16 13 21 
1 28 6 12 9 5 26 29 3 2 20 10 39 32 31 33 30 36 35 37 34 38 4 15 18 17 14 22 11 19 25 7 23 27 8 24 16 13 21 
1 28 6 12 9 5 26 29 3 2 20 10 39 32 31 33 34 37 35 36 30 38 4 15 18 17 14 22 11 19 25 7 23 27 8 24 16 13 21 
1 28 6 12 9 5 26 29 3 2 20 10 39 32 31 33 37 34 35 36 30 38 4 15 18 17 14 22 11 19 25 7 23 27 8 24 16 13 21 
1 28 6 12 9 5 26 29 3 2 20 10 39 33 31 32 34 37 35 36 30 38 4 15 18 17 14 22 11 19 25 7 23 27 8 24 16 13 21 
0
3226 4040 
3232 4034 
3340 3926 
3340 3926 
3344 3922 
3410 3856 
3414 3852 
3416 3850 
3420 3846 
3436 3830 
3442 3824 
3442 3824 
3444 3822 
3466 3800 
3470 3796 
3472 3794 
3472 3794 
3476 3790 
3494 3772 
3498 3768 
3504 3762 
3512 3754 
3512 3754 
3514 3752 
3524 3742 
3528 3738 
3538 3728 
3540 3726 
3546 3720 
3546 3720 
3550 3716 
3552 3714 
3566 3700 
3572 3694 
3574 3692 
3574 3692 
3580 3686 
3580 3686 
3580 3686 
3600 3666 
3600 3666 
3602 3664 
3602 3664 
3606 3660 
3608 3658 
3608 3658 
3620 3646 
3626 3640 
3626 3640 
3626 3640 
3630 3636 
3630 3636 
3646 3620 
3650 3616 
3652 3614 
3652 3614 
3654 3612 
3658 3608 
3660 3606 
3660 3606 
3668 3598 
3670 3596 
3670 3596 
3672 3594 
3676 3590 
3676 3590 
3678 3588 
3682 3584 
3684 3582 
3684 3582 
3688 3578 
3690 3576 
3696 3570 
3698 3568 
3704 3562 
3704 3562 
3704 3562 
3710 3556 
3710 3556 
3720 3546 
3720 3546 
3722 3544 
3722 3544 
3724 3542 
3724 3542 
3726 3540 
3734 3532 
3734 3532 
3746 3520 
3748 3518 
3752 3514 
3752 3514 
3752 3514 
3756 3510 
3756 3510 
3756 3510 
3760 3506 
3760 3506 
3760 3506 
3760 3506 
3762 3504 
3762 3504 
3764 3502 
3776 3490 
3776 3490 
3778 3488 
3780 3486 
3780 3486 
3782 3484 
3784 3482 
3784 3482 
3784 3482 
3786 3480 
3786 3480 
3790 3476 
3790 3476 
3790 3476 
3794 3472 
3794 3472 
3808 3458 
3816 3450 
3822 3444 
3822 3444 
3822 3444 
3828 3438 
3828 3438 
3830 3436 
3830 3436 
3830 3436 
3842 3424 
3850 3416 
3852 3414 
3852 3414 
3856 3410 
3860 3406 
3878 3388 
3878 3388 
3878 3388 
3882 3384 
3888 3378 
3894 3372 
3894 3372 
3908 3358 
3908 3358 
3908 3358 
3914 3352 
3914 3352 
3930 3336 
3930 3336 
3932 3334 
3936 3330 
3944 3322 
3944 3322 
3944 3322 
3948 3318 
3966 3300 
3970 3296 
3976 3290 
3982 3284 
3982 3284 
3982 3284 
4004 3262 
4008 3258 
4032 3234 
4038 3228 
4038 3228 
4040 3226 
4040 3226 
4042 3224 
4056 3210 
4062 3204 
4078 3188 
4084 3182 
4090 3176 
4152 3172 
4152 3172 
4152 3172 
4152 3172 
4152 3172 
4152 3172 
4154 3170 
4154 3170 
4154 3170 
4154 3170 
4154 3170 
4158 3166 
4158 3166 
4160 3162 
4160 3162 
4160 3162 
4166 3156 
4166 3156 
4166 3156 
4166 3156 
4168 3154 
4168 3154 
4168 3154 
4168 3154 
4170 3152 
4176 3148 
4176 3148 
4176 3148 
4178 3146 
4180 3144 
4182 3142 
4182 3142 
4182 3142 
4184 3138 
4188 3134 
4188 3134 
4188 3134 
4188 3134 
4188 3134 
4188 3134 
4190 3132 
4190 3132 
4190 3132 
4190 3132 
4192 3074 
4244 3022 
4308 3016 
4320 3002 
4320 3002 
4320 3002 
4334 2990 
4334 2990 
4336 2988 
4336 2988 
4336 2988 
4336 2988 
4358 2966 
4358 2966 
4362 2962 
4364 2960 
4364 2960 
4364 2960 
4364 2960 
4364 2960 
4366 2958 
4366 2958 
4366 2958 
4368 2956 
4368 2956 
4370 2952 
4372 2950 
4386 2938 
4388 2936 
4388 2936 
4388 2936 
4394 2930 
4398 2926 
4398 2926 
4414 2910 
4416 2908 
4494 2830 
4496 2828 
4496 2828 
4518 2806 
