1 28 6 12 9 5 26 29 3 2 20 31 33 37 39 32 35 36 34 30 38 10 4 15 18 17 14 22 11 19 25 7 23 27 8 24 16 13 21 
1 28 6 12 9 5 26 29 3 2 20 31 33 37 39 34 36 35 32 30 38 10 4 15 18 17 14 22 11 19 25 7 23 27 8 24 16 13 21 
1 28 6 12 9 5 26 29 3 2 20 31 33 35 36 34 30 32 39 37 38 10 4 15 18 17 14 22 11 19 25 7 23 27 8 24 16 13 21 
1 28 6 12 9 5 26 29 3 2 20 31 33 37 39 32 30 34 36 35 38 10 4 15 18 17 14 22 11 19 25 7 23 27 8 24 16 13 21 
1 28 6 12 9 5 26 29 3 2 20 31 33 37 35 36 34 39 32 30 38 10 4 15 18 17 14 22 11 19 25 7 23 27 8 24 16 13 21 
1 28 6 12 9 5 26 29 3 2 20 31 33 30 32 39 34 36 35 37 38 10 4 15 18 17 14 22 11 19 25 7 23 27 8 24 16 13 21 
1 28 6 12 9 5 26 29 3 2 20 31 33 36 34 30 32 39 37 35 38 10 4 15 18 17 14 22 11 19 25 7 23 27 8 24 16 13 21 
1 28 6 12 9 5 26 29 3 2 20 31 33 39 32 30 34 36 35 37 38 10 4 15 18 17 14 22 11 19 25 7 23 27 8 24 16 13 21 
1 28 6 12 9 5 26 29 3 2 20 31 33 35 37 39 32 30 34 36 38 10 4 15 18 17 14 22 11 19 25 7 23 27 8 24 16 13 21 
1 28 6 12 9 5 26 29 3 2 20 31 35 36 34 39 32 30 33 37 38 10 4 15 18 17 14 22 11 19 25 7 23 27 8 24 16 13 21 
1 28 6 12 9 5 26 29 3 2 20 31 35 33 36 34 30 32 39 37 38 10 4 15 18 17 14 22 11 19 25 7 23 27 8 24 16 13 21 
1 28 6 12 9 5 26 29 3 2 20 31 33 36 34 39 32 30 35 37 38 10 4 15 18 17 14 22 11 19 25 7 23 27 8 24 16 13 21 
1 28 6 12 9 5 26 29 3 2 20 31 35 36 34 30 32 39 33 37 38 10 4 15 18 17 14 22 11 19 25 7 23 27 8 24 16 13 21 
1 28 6 12 9 5 26 29 3 2 20 31 35 33 37 39 32 30 34 36 38 10 4 15 18 17 14 22 11 19 25 7 23 27 8 24 16 13 21 
1 28 6 12 9 5 26 29 3 2 20 31 33 37 35 30 32 39 34 36 38 10 4 15 18 17 14 22 11 19 25 7 23 27 8 24 16 13 21 
1 28 6 12 9 5 26 29 3 2 20 31 35 36 34 30 32 39 37 33 38 10 4 15 18 17 14 22 11 19 25 7 23 27 8 24 16 13 21 
1 28 6 12 9 5 26 29 3 2 20 31 35 37 33 36 34 39 32 30 38 10 4 15 18 17 14 22 11 19 25 7 23 27 8 24 16 13 21 
1 28 6 12 9 5 26 29 3 2 20 31 33 36 34 30 32 39 35 37 38 10 4 15 18 17 14 22 11 19 25 7 23 27 8 24 16 13 21 
1 28 6 12 9 5 26 29 3 2 20 31 33 35 36 34 39 32 30 37 38 10 4 15 18 17 14 22 11 19 25 7 23 27 8 24 16 13 21 
1 28 6 12 9 5 26 29 3 2 20 31 33 37 30 32 39 34 36 35 38 10 4 15 18 17 14 22 11 19 25 7 23 27 8 24 16 13 21 
1 28 6 12 9 5 26 29 3 2 20 31 33 37 35 39 32 30 34 36 38 10 4 15 18 17 14 22 11 19 25 7 23 27 8 24 16 13 21 
1 28 6 12 9 5 26 29 3 2 20 31 35 30 32 39 34 36 33 37 38 10 4 15 18 17 14 22 11 19 25 7 23 27 8 24 16 13 21 
1 28 6 12 9 5 26 29 3 2 20 31 35 37 33 30 32 39 34 36 38 10 4 15 18 17 14 22 11 19 25 7 23 27 8 24 16 13 21 
1 28 6 12 9 5 26 29 3 2 20 31 33 35 36 34 37 39 32 30 38 10 4 15 18 17 14 22 11 19 25 7 23 27 8 24 16 13 21 
1 28 6 12 9 5 26 29 3 2 20 31 33 30 32 39 37 34 36 35 38 10 4 15 18 17 14 22 11 19 25 7 23 27 8 24 16 13 21 
1 28 6 12 9 5 26 29 3 2 20 31 35 33 30 32 39 34 36 37 38 10 4 15 18 17 14 22 11 19 25 7 23 27 8 24 16 13 21 
1 28 6 12 9 5 26 29 3 2 20 31 33 36 35 37 34 39 32 30 38 10 4 15 18 17 14 22 11 19 25 7 23 27 8 24 16 13 21 
1 28 6 12 9 5 26 29 3 2 20 31 33 37 34 36 35 39 32 30 38 10 4 15 18 17 14 22 11 19 25 7 23 27 8 24 16 13 21 
1 28 6 12 9 5 26 29 3 2 20 31 33 36 34 37 39 32 30 35 38 10 4 15 18 17 14 22 11 19 25 7 23 27 8 24 16 13 21 
1 28 6 12 9 5 26 29 3 2 20 31 33 36 35 30 32 39 34 37 38 10 4 15 18 17 14 22 11 19 25 7 23 27 8 24 16 13 21 
1 28 6 12 9 5 26 29 3 2 20 31 33 39 32 30 35 36 34 37 38 10 4 15 18 17 14 22 11 19 25 7 23 27 8 24 16 13 21 
1 28 6 12 9 5 26 29 3 2 20 31 33 35 30 32 39 37 34 36 38 10 4 15 18 17 14 22 11 19 25 7 23 27 8 24 16 13 21 
1 28 6 12 9 5 26 29 3 2 20 31 33 37 34 39 32 30 35 36 38 10 4 15 18 17 14 22 11 19 25 7 23 27 8 24 16 13 21 
1 28 6 12 9 5 26 29 3 2 20 31 33 30 32 39 35 36 34 37 38 10 4 15 18 17 14 22 11 19 25 7 23 27 8 24 16 13 21 
1 28 6 12 9 5 26 29 3 2 20 31 33 30 32 39 34 37 35 36 38 10 4 15 18 17 14 22 11 19 25 7 23 27 8 24 16 13 21 
1 28 6 12 9 5 26 29 3 2 20 31 35 33 36 34 37 39 32 30 38 10 4 15 18 17 14 22 11 19 25 7 23 27 8 24 16 13 21 
1 28 6 12 9 5 26 29 3 2 20 31 35 36 33 37 34 39 32 30 38 10 4 15 18 17 14 22 11 19 25 7 23 27 8 24 16 13 21 
1 28 6 12 9 5 26 29 3 2 20 31 35 36 34 37 33 39 32 30 38 10 4 15 18 17 14 22 11 19 25 7 23 27 8 24 16 13 21 
1 28 6 12 9 5 26 29 3 2 20 31 33 36 35 39 32 30 34 37 38 10 4 15 18 17 14 22 11 19 25 7 23 27 8 24 16 13 21 
1 28 6 12 9 5 26 29 3 2 20 31 33 39 32 30 34 37 35 36 38 10 4 15 18 17 14 22 11 19 25 7 23 27 8 24 16 13 21 
1 28 6 12 9 5 26 29 3 2 20 31 33 37 34 30 32 39 35 36 38 10 4 15 18 17 14 22 11 19 25 7 23 27 8 24 16 13 21 
1 28 6 12 9 5 26 29 3 2 20 31 35 36 33 30 32 39 34 37 38 10 4 15 18 17 14 22 11 19 25 7 23 27 8 24 16 13 21 
1 28 6 12 9 5 26 29 3 2 20 31 35 33 30 32 39 37 34 36 38 10 4 15 18 17 14 22 11 19 25 7 23 27 8 24 16 13 21 
1 28 6 12 9 5 26 29 3 2 20 31 33 35 36 30 32 39 34 37 38 10 4 15 18 17 14 22 11 19 25 7 23 27 8 24 16 13 21 
1 28 6 12 9 5 26 29 3 2 20 31 33 35 36 39 32 30 34 37 38 10 4 15 18 17 14 22 11 19 25 7 23 27 8 24 16 13 21 
1 28 6 12 9 5 26 29 3 2 20 31 33 37 34 30 32 39 36 35 38 10 4 15 18 17 14 22 11 19 25 7 23 27 8 24 16 13 21 
1 28 6 12 9 5 26 29 3 2 20 31 33 37 34 39 32 30 36 35 38 10 4 15 18 17 14 22 11 19 25 7 23 27 8 24 16 13 21 
1 28 6 12 9 5 26 29 3 2 20 31 33 36 34 37 35 39 32 30 38 10 4 15 18 17 14 22 11 19 25 7 23 27 8 24 16 13 21 
1 28 6 12 9 5 26 29 3 2 20 31 33 35 36 37 34 39 32 30 38 10 4 15 18 17 14 22 11 19 25 7 23 27 8 24 16 13 21 
1 28 6 12 9 5 26 29 3 2 20 31 35 36 33 39 32 30 34 37 38 10 4 15 18 17 14 22 11 19 25 7 23 27 8 24 16 13 21 
1 28 6 12 9 5 26 29 3 2 20 31 33 39 32 30 35 37 34 36 38 10 4 15 18 17 14 22 11 19 25 7 23 27 8 24 16 13 21 
1 28 6 12 9 5 26 29 3 2 20 31 35 36 34 37 39 32 30 33 38 10 4 15 18 17 14 22 11 19 25 7 23 27 8 24 16 13 21 
1 28 6 12 9 5 26 29 3 2 20 31 33 30 32 39 35 37 34 36 38 10 4 15 18 17 14 22 11 19 25 7 23 27 8 24 16 13 21 
1 28 6 12 9 5 26 29 3 2 20 31 33 30 32 39 34 37 36 35 38 10 4 15 18 17 14 22 11 19 25 7 23 27 8 24 16 13 21 
1 28 6 12 9 5 26 29 3 2 20 31 33 35 37 34 36 39 32 30 38 10 4 15 18 17 14 22 11 19 25 7 23 27 8 24 16 13 21 
1 28 6 12 9 5 26 29 3 2 20 31 33 35 30 32 39 36 34 37 38 10 4 15 18 17 14 22 11 19 25 7 23 27 8 24 16 13 21 
1 28 6 12 9 5 26 29 3 2 20 31 33 37 34 36 39 32 30 35 38 10 4 15 18 17 14 22 11 19 25 7 23 27 8 24 16 13 21 
1 28 6 12 9 5 26 29 3 2 20 31 33 30 32 39 36 34 37 35 38 10 4 15 18 17 14 22 11 19 25 7 23 27 8 24 16 13 21 
1 28 6 12 9 5 26 29 3 2 20 31 35 37 34 36 33 39 32 30 38 10 4 15 18 17 14 22 11 19 25 7 23 27 8 24 16 13 21 
1 28 6 12 9 5 26 29 3 2 20 31 33 39 32 30 37 34 36 35 38 10 4 15 18 17 14 22 11 19 25 7 23 27 8 24 16 13 21 
1 28 6 12 9 5 26 29 3 2 20 31 33 39 32 30 34 37 36 35 38 10 4 15 18 17 14 22 11 19 25 7 23 27 8 24 16 13 21 
1 28 6 12 9 5 26 29 3 2 20 31 35 30 32 39 33 36 34 37 38 10 4 15 18 17 14 22 11 19 25 7 23 27 8 24 16 13 21 
1 28 6 12 9 5 26 29 3 2 20 31 35 30 32 39 33 37 34 36 38 10 4 15 18 17 14 22 11 19 25 7 23 27 8 24 16 13 21 
1 28 6 12 9 5 26 29 3 2 20 31 35 30 32 39 34 37 33 36 38 10 4 15 18 17 14 22 11 19 25 7 23 27 8 24 16 13 21 
1 28 6 12 9 5 26 29 3 2 20 31 35 39 32 30 33 36 34 37 38 10 4 15 18 17 14 22 11 19 25 7 23 27 8 24 16 13 21 
1 28 6 12 9 5 26 29 3 2 20 31 35 37 34 39 32 30 33 36 38 10 4 15 18 17 14 22 11 19 25 7 23 27 8 24 16 13 21 
1 28 6 12 9 5 26 29 3 2 20 31 35 39 32 30 33 37 34 36 38 10 4 15 18 17 14 22 11 19 25 7 23 27 8 24 16 13 21 
1 28 6 12 9 5 26 29 3 2 20 31 35 33 37 34 36 39 32 30 38 10 4 15 18 17 14 22 11 19 25 7 23 27 8 24 16 13 21 
1 28 6 12 9 5 26 29 3 2 20 31 33 35 39 32 30 36 34 37 38 10 4 15 18 17 14 22 11 19 25 7 23 27 8 24 16 13 21 
1 28 6 12 9 5 26 29 3 2 20 31 33 36 30 32 39 34 37 35 38 10 4 15 18 17 14 22 11 19 25 7 23 27 8 24 16 13 21 
1 28 6 12 9 5 26 29 3 2 20 31 33 36 39 32 30 34 37 35 38 10 4 15 18 17 14 22 11 19 25 7 23 27 8 24 16 13 21 
1 28 6 12 9 5 26 29 3 2 20 31 33 39 32 30 36 34 37 35 38 10 4 15 18 17 14 22 11 19 25 7 23 27 8 24 16 13 21 
1 28 6 12 9 5 26 29 3 2 20 31 33 35 37 34 30 32 39 36 38 10 4 15 18 17 14 22 11 19 25 7 23 27 8 24 16 13 21 
1 28 6 12 9 5 26 29 3 2 20 31 33 35 37 34 39 32 30 36 38 10 4 15 18 17 14 22 11 19 25 7 23 27 8 24 16 13 21 
1 28 6 12 9 5 26 29 3 2 20 31 33 37 34 36 30 32 39 35 38 10 4 15 18 17 14 22 11 19 25 7 23 27 8 24 16 13 21 
1 28 6 12 9 5 26 29 3 2 20 31 35 33 30 32 39 36 34 37 38 10 4 15 18 17 14 22 11 19 25 7 23 27 8 24 16 13 21 
1 28 6 12 9 5 26 29 3 2 20 31 35 30 32 39 37 34 36 33 38 10 4 15 18 17 14 22 11 19 25 7 23 27 8 24 16 13 21 
1 28 6 12 9 5 26 29 3 2 20 31 35 37 34 30 32 39 33 36 38 10 4 15 18 17 14 22 11 19 25 7 23 27 8 24 16 13 21 
1 28 6 12 9 5 26 29 3 2 20 31 35 39 32 30 34 37 33 36 38 10 4 15 18 17 14 22 11 19 25 7 23 27 8 24 16 13 21 
1 28 6 12 9 5 26 29 3 2 20 31 33 36 37 34 39 32 30 35 38 10 4 15 18 17 14 22 11 19 25 7 23 27 8 24 16 13 21 
1 28 6 12 9 5 26 29 3 2 20 31 33 35 30 32 39 34 37 36 38 10 4 15 18 17 14 22 11 19 25 7 23 27 8 24 16 13 21 
1 28 6 12 9 5 26 29 3 2 20 31 35 33 36 30 32 39 34 37 38 10 4 15 18 17 14 22 11 19 25 7 23 27 8 24 16 13 21 
1 28 6 12 9 5 26 29 3 2 20 31 35 33 36 39 32 30 34 37 38 10 4 15 18 17 14 22 11 19 25 7 23 27 8 24 16 13 21 
1 28 6 12 9 5 26 29 3 2 20 31 35 33 39 32 30 36 34 37 38 10 4 15 18 17 14 22 11 19 25 7 23 27 8 24 16 13 21 
1 28 6 12 9 5 26 29 3 2 20 31 35 33 37 34 30 32 39 36 38 10 4 15 18 17 14 22 11 19 25 7 23 27 8 24 16 13 21 
1 28 6 12 9 5 26 29 3 2 20 31 35 33 37 34 39 32 30 36 38 10 4 15 18 17 14 22 11 19 25 7 23 27 8 24 16 13 21 
1 28 6 12 9 5 26 29 3 2 20 31 35 33 36 37 34 39 32 30 38 10 4 15 18 17 14 22 11 19 25 7 23 27 8 24 16 13 21 
1 28 6 12 9 5 26 29 3 2 20 31 33 36 34 37 30 32 39 35 38 10 4 15 18 17 14 22 11 19 25 7 23 27 8 24 16 13 21 
1 28 6 12 9 5 26 29 3 2 20 31 33 35 39 32 30 37 34 36 38 10 4 15 18 17 14 22 11 19 25 7 23 27 8 24 16 13 21 
1 28 6 12 9 5 26 29 3 2 20 31 33 36 37 34 30 32 39 35 38 10 4 15 18 17 14 22 11 19 25 7 23 27 8 24 16 13 21 
1 28 6 12 9 5 26 29 3 2 20 31 33 35 39 32 30 34 37 36 38 10 4 15 18 17 14 22 11 19 25 7 23 27 8 24 16 13 21 
1 28 6 12 9 5 26 29 3 2 20 31 35 33 30 32 39 34 37 36 38 10 4 15 18 17 14 22 11 19 25 7 23 27 8 24 16 13 21 
1 28 6 12 9 5 26 29 3 2 20 31 35 36 30 32 39 34 37 33 38 10 4 15 18 17 14 22 11 19 25 7 23 27 8 24 16 13 21 
1 28 6 12 9 5 26 29 3 2 20 31 35 36 39 32 30 34 37 33 38 10 4 15 18 17 14 22 11 19 25 7 23 27 8 24 16 13 21 
1 28 6 12 9 5 26 29 3 2 20 31 32 39 37 34 36 35 33 30 38 10 4 15 18 17 14 22 11 19 25 7 23 27 8 24 16 13 21 
1 28 6 12 9 5 26 29 3 2 20 31 35 33 39 32 30 37 34 36 38 10 4 15 18 17 14 22 11 19 25 7 23 27 8 24 16 13 21 
1 28 6 12 9 5 26 29 3 2 20 31 35 33 39 32 30 34 37 36 38 10 4 15 18 17 14 22 11 19 25 7 23 27 8 24 16 13 21 
1 28 6 12 9 5 26 29 3 2 20 31 35 36 37 34 39 32 30 33 38 10 4 15 18 17 14 22 11 19 25 7 23 27 8 24 16 13 21 
1 28 6 12 9 5 26 29 3 2 20 31 35 30 32 39 36 34 37 33 38 10 4 15 18 17 14 22 11 19 25 7 23 27 8 24 16 13 21 
1 28 6 12 9 5 26 29 3 2 20 31 32 30 33 39 37 34 36 35 38 10 4 15 18 17 14 22 11 19 25 7 23 27 8 24 16 13 21 
1 28 6 12 9 5 26 29 3 2 20 31 32 39 37 34 30 33 36 35 38 10 4 15 18 17 14 22 11 19 25 7 23 27 8 24 16 13 21 
1 28 6 12 9 5 26 29 3 2 20 31 35 37 34 36 39 32 30 33 38 10 4 15 18 17 14 22 11 19 25 7 23 27 8 24 16 13 21 
1 28 6 12 9 5 26 29 3 2 20 31 32 39 37 34 30 33 35 36 38 10 4 15 18 17 14 22 11 19 25 7 23 27 8 24 16 13 21 
1 28 6 12 9 5 26 29 3 2 20 31 35 36 34 37 30 32 39 33 38 10 4 15 18 17 14 22 11 19 25 7 23 27 8 24 16 13 21 
1 28 6 12 9 5 26 29 3 2 20 31 35 36 37 34 30 32 39 33 38 10 4 15 18 17 14 22 11 19 25 7 23 27 8 24 16 13 21 
1 28 6 12 9 5 26 29 3 2 20 31 33 37 34 36 35 30 32 39 38 10 4 15 18 17 14 22 11 19 25 7 23 27 8 24 16 13 21 
1 28 6 12 9 5 26 29 3 2 20 31 32 39 37 34 36 33 35 30 38 10 4 15 18 17 14 22 11 19 25 7 23 27 8 24 16 13 21 
1 28 6 12 9 5 26 29 3 2 20 31 32 30 34 37 39 33 36 35 38 10 4 15 18 17 14 22 11 19 25 7 23 27 8 24 16 13 21 
1 28 6 12 9 5 26 29 3 2 20 31 32 39 33 37 34 36 35 30 38 10 4 15 18 17 14 22 11 19 25 7 23 27 8 24 16 13 21 
1 28 6 12 9 5 26 29 3 2 20 31 32 39 34 37 33 36 35 30 38 10 4 15 18 17 14 22 11 19 25 7 23 27 8 24 16 13 21 
1 28 6 12 9 5 26 29 3 2 20 31 35 37 34 30 32 39 36 33 38 10 4 15 18 17 14 22 11 19 25 7 23 27 8 24 16 13 21 
1 28 6 12 9 5 26 29 3 2 20 31 35 37 34 36 30 32 39 33 38 10 4 15 18 17 14 22 11 19 25 7 23 27 8 24 16 13 21 
1 28 6 12 9 5 26 29 3 2 20 31 35 37 34 39 32 30 36 33 38 10 4 15 18 17 14 22 11 19 25 7 23 27 8 24 16 13 21 
1 28 6 12 9 5 26 29 3 2 20 31 32 30 34 37 39 33 35 36 38 10 4 15 18 17 14 22 11 19 25 7 23 27 8 24 16 13 21 
1 28 6 12 9 5 26 29 3 2 20 31 35 39 32 30 36 34 37 33 38 10 4 15 18 17 14 22 11 19 25 7 23 27 8 24 16 13 21 
1 28 6 12 9 5 26 29 3 2 20 31 32 39 34 37 35 36 33 30 38 10 4 15 18 17 14 22 11 19 25 7 23 27 8 24 16 13 21 
1 28 6 12 9 5 26 29 3 2 20 31 32 39 35 36 34 37 33 30 38 10 4 15 18 17 14 22 11 19 25 7 23 27 8 24 16 13 21 
1 28 6 12 9 5 26 29 3 2 20 31 32 39 33 30 35 36 34 37 38 10 4 15 18 17 14 22 11 19 25 7 23 27 8 24 16 13 21 
1 28 6 12 9 5 26 29 3 2 20 31 32 39 37 34 36 33 30 35 38 10 4 15 18 17 14 22 11 19 25 7 23 27 8 24 16 13 21 
1 28 6 12 9 5 26 29 3 2 20 31 32 39 34 37 33 30 35 36 38 10 4 15 18 17 14 22 11 19 25 7 23 27 8 24 16 13 21 
1 28 6 12 9 5 26 29 3 2 20 31 35 30 32 39 34 37 36 33 38 10 4 15 18 17 14 22 11 19 25 7 23 27 8 24 16 13 21 
1 28 6 12 9 5 26 29 3 2 20 31 33 36 35 37 34 30 32 39 38 10 4 15 18 17 14 22 11 19 25 7 23 27 8 24 16 13 21 
1 28 6 12 9 5 26 29 3 2 20 31 32 39 33 36 35 37 34 30 38 10 4 15 18 17 14 22 11 19 25 7 23 27 8 24 16 13 21 
1 28 6 12 9 5 26 29 3 2 20 31 32 39 35 36 33 37 34 30 38 10 4 15 18 17 14 22 11 19 25 7 23 27 8 24 16 13 21 
1 28 6 12 9 5 26 29 3 2 20 31 32 30 35 36 33 39 34 37 38 10 4 15 18 17 14 22 11 19 25 7 23 27 8 24 16 13 21 
1 28 6 12 9 5 26 29 3 2 20 31 32 39 33 36 35 30 34 37 38 10 4 15 18 17 14 22 11 19 25 7 23 27 8 24 16 13 21 
1 28 6 12 9 5 26 29 3 2 20 31 35 36 34 37 33 30 32 39 38 10 4 15 18 17 14 22 11 19 25 7 23 27 8 24 16 13 21 
1 28 6 12 9 5 26 29 3 2 20 31 32 30 35 33 39 37 34 36 38 10 4 15 18 17 14 22 11 19 25 7 23 27 8 24 16 13 21 
1 28 6 12 9 5 26 29 3 2 20 31 32 39 37 34 30 35 33 36 38 10 4 15 18 17 14 22 11 19 25 7 23 27 8 24 16 13 21 
1 28 6 12 9 5 26 29 3 2 20 31 32 39 33 37 34 30 35 36 38 10 4 15 18 17 14 22 11 19 25 7 23 27 8 24 16 13 21 
1 28 6 12 9 5 26 29 3 2 20 31 32 39 37 34 36 35 30 33 38 10 4 15 18 17 14 22 11 19 25 7 23 27 8 24 16 13 21 
1 28 6 12 9 5 26 29 3 2 20 31 32 30 33 36 34 37 39 35 38 10 4 15 18 17 14 22 11 19 25 7 23 27 8 24 16 13 21 
1 28 6 12 9 5 26 29 3 2 20 31 32 30 33 36 35 39 34 37 38 10 4 15 18 17 14 22 11 19 25 7 23 27 8 24 16 13 21 
1 28 6 12 9 5 26 29 3 2 20 31 32 30 33 39 35 36 34 37 38 10 4 15 18 17 14 22 11 19 25 7 23 27 8 24 16 13 21 
1 28 6 12 9 5 26 29 3 2 20 31 32 39 35 36 33 30 34 37 38 10 4 15 18 17 14 22 11 19 25 7 23 27 8 24 16 13 21 
1 28 6 12 9 5 26 29 3 2 20 31 32 30 33 35 39 37 34 36 38 10 4 15 18 17 14 22 11 19 25 7 23 27 8 24 16 13 21 
1 28 6 12 9 5 26 29 3 2 20 31 32 30 33 39 34 37 35 36 38 10 4 15 18 17 14 22 11 19 25 7 23 27 8 24 16 13 21 
1 28 6 12 9 5 26 29 3 2 20 31 32 39 33 30 34 37 35 36 38 10 4 15 18 17 14 22 11 19 25 7 23 27 8 24 16 13 21 
1 28 6 12 9 5 26 29 3 2 20 31 32 30 33 37 34 39 35 36 38 10 4 15 18 17 14 22 11 19 25 7 23 27 8 24 16 13 21 
1 28 6 12 9 5 26 29 3 2 20 31 32 39 34 37 33 35 36 30 38 10 4 15 18 17 14 22 11 19 25 7 23 27 8 24 16 13 21 
1 28 6 12 9 5 26 29 3 2 20 31 32 39 36 35 33 37 34 30 38 10 4 15 18 17 14 22 11 19 25 7 23 27 8 24 16 13 21 
1 28 6 12 9 5 26 29 3 2 20 31 35 39 32 30 37 34 36 33 38 10 4 15 18 17 14 22 11 19 25 7 23 27 8 24 16 13 21 
1 28 6 12 9 5 26 29 3 2 20 31 35 39 32 30 34 37 36 33 38 10 4 15 18 17 14 22 11 19 25 7 23 27 8 24 16 13 21 
1 28 6 12 9 5 26 29 3 2 20 31 33 36 34 37 35 30 32 39 38 10 4 15 18 17 14 22 11 19 25 7 23 27 8 24 16 13 21 
1 28 6 12 9 5 26 29 3 2 20 31 35 36 33 37 34 30 32 39 38 10 4 15 18 17 14 22 11 19 25 7 23 27 8 24 16 13 21 
1 28 6 12 9 5 26 29 3 2 20 31 32 30 33 35 36 39 34 37 38 10 4 15 18 17 14 22 11 19 25 7 23 27 8 24 16 13 21 
1 28 6 12 9 5 26 29 3 2 20 31 32 39 30 33 35 36 34 37 38 10 4 15 18 17 14 22 11 19 25 7 23 27 8 24 16 13 21 
1 28 6 12 9 5 26 29 3 2 20 31 32 39 36 35 33 30 34 37 38 10 4 15 18 17 14 22 11 19 25 7 23 27 8 24 16 13 21 
1 28 6 12 9 5 26 29 3 2 20 31 32 39 37 34 36 30 33 35 38 10 4 15 18 17 14 22 11 19 25 7 23 27 8 24 16 13 21 
1 28 6 12 9 5 26 29 3 2 20 31 32 30 33 37 34 39 36 35 38 10 4 15 18 17 14 22 11 19 25 7 23 27 8 24 16 13 21 
1 28 6 12 9 5 26 29 3 2 20 31 32 30 35 36 34 37 39 33 38 10 4 15 18 17 14 22 11 19 25 7 23 27 8 24 16 13 21 
1 28 6 12 9 5 26 29 3 2 20 31 32 39 30 33 37 34 36 35 38 10 4 15 18 17 14 22 11 19 25 7 23 27 8 24 16 13 21 
1 28 6 12 9 5 26 29 3 2 20 31 32 39 33 36 34 37 35 30 38 10 4 15 18 17 14 22 11 19 25 7 23 27 8 24 16 13 21 
1 28 6 12 9 5 26 29 3 2 20 31 32 39 34 37 33 30 36 35 38 10 4 15 18 17 14 22 11 19 25 7 23 27 8 24 16 13 21 
1 28 6 12 9 5 26 29 3 2 20 31 32 39 37 34 30 35 36 33 38 10 4 15 18 17 14 22 11 19 25 7 23 27 8 24 16 13 21 
1 28 6 12 9 5 26 29 3 2 20 31 32 30 34 37 39 35 33 36 38 10 4 15 18 17 14 22 11 19 25 7 23 27 8 24 16 13 21 
1 28 6 12 9 5 26 29 3 2 20 31 32 30 34 37 33 39 35 36 38 10 4 15 18 17 14 22 11 19 25 7 23 27 8 24 16 13 21 
1 28 6 12 9 5 26 29 3 2 20 31 32 39 35 37 34 36 33 30 38 10 4 15 18 17 14 22 11 19 25 7 23 27 8 24 16 13 21 
1 28 6 12 9 5 26 29 3 2 20 31 32 39 34 37 36 35 33 30 38 10 4 15 18 17 14 22 11 19 25 7 23 27 8 24 16 13 21 
1 28 6 12 9 5 26 29 3 2 20 31 32 39 35 30 33 36 34 37 38 10 4 15 18 17 14 22 11 19 25 7 23 27 8 24 16 13 21 
1 28 6 12 9 5 26 29 3 2 20 31 32 39 33 30 35 37 34 36 38 10 4 15 18 17 14 22 11 19 25 7 23 27 8 24 16 13 21 
1 28 6 12 9 5 26 29 3 2 20 31 32 39 34 37 35 30 33 36 38 10 4 15 18 17 14 22 11 19 25 7 23 27 8 24 16 13 21 
1 28 6 12 9 5 26 29 3 2 20 31 32 39 35 30 33 37 34 36 38 10 4 15 18 17 14 22 11 19 25 7 23 27 8 24 16 13 21 
1 28 6 12 9 5 26 29 3 2 20 31 32 30 34 37 39 36 33 35 38 10 4 15 18 17 14 22 11 19 25 7 23 27 8 24 16 13 21 
1 28 6 12 9 5 26 29 3 2 20 31 32 30 36 34 37 39 33 35 38 10 4 15 18 17 14 22 11 19 25 7 23 27 8 24 16 13 21 
1 28 6 12 9 5 26 29 3 2 20 31 32 30 36 35 33 39 34 37 38 10 4 15 18 17 14 22 11 19 25 7 23 27 8 24 16 13 21 
1 28 6 12 9 5 26 29 3 2 20 31 32 30 39 33 35 36 34 37 38 10 4 15 18 17 14 22 11 19 25 7 23 27 8 24 16 13 21 
1 28 6 12 9 5 26 29 3 2 20 31 32 30 39 37 34 36 33 35 38 10 4 15 18 17 14 22 11 19 25 7 23 27 8 24 16 13 21 
1 28 6 12 9 5 26 29 3 2 20 31 32 39 33 35 36 30 34 37 38 10 4 15 18 17 14 22 11 19 25 7 23 27 8 24 16 13 21 
1 28 6 12 9 5 26 29 3 2 20 31 32 39 36 34 37 33 35 30 38 10 4 15 18 17 14 22 11 19 25 7 23 27 8 24 16 13 21 
1 28 6 12 9 5 26 29 3 2 20 31 32 39 37 34 30 36 33 35 38 10 4 15 18 17 14 22 11 19 25 7 23 27 8 24 16 13 21 
1 28 6 12 9 5 26 29 3 2 20 31 32 30 34 37 33 39 36 35 38 10 4 15 18 17 14 22 11 19 25 7 23 27 8 24 16 13 21 
1 28 6 12 9 5 26 29 3 2 20 31 32 30 39 33 37 34 36 35 38 10 4 15 18 17 14 22 11 19 25 7 23 27 8 24 16 13 21 
1 28 6 12 9 5 26 29 3 2 20 31 32 30 39 34 37 33 36 35 38 10 4 15 18 17 14 22 11 19 25 7 23 27 8 24 16 13 21 
1 28 6 12 9 5 26 29 3 2 20 31 32 39 30 34 37 33 36 35 38 10 4 15 18 17 14 22 11 19 25 7 23 27 8 24 16 13 21 
1 28 6 12 9 5 26 29 3 2 20 31 32 39 33 37 34 30 36 35 38 10 4 15 18 17 14 22 11 19 25 7 23 27 8 24 16 13 21 
1 28 6 12 9 5 26 29 3 2 20 31 32 30 39 34 37 33 35 36 38 10 4 15 18 17 14 22 11 19 25 7 23 27 8 24 16 13 21 
1 28 6 12 9 5 26 29 3 2 20 31 32 39 30 34 37 33 35 36 38 10 4 15 18 17 14 22 11 19 25 7 23 27 8 24 16 13 21 
1 28 6 12 9 5 26 29 3 2 20 31 32 39 36 34 37 35 33 30 38 10 4 15 18 17 14 22 11 19 25 7 23 27 8 24 16 13 21 
1 28 6 12 9 5 26 29 3 2 20 31 37 34 36 35 33 39 32 30 38 10 4 15 18 17 14 22 11 19 25 7 23 27 8 24 16 13 21 
1 28 6 12 9 5 26 29 3 2 20 31 33 35 36 34 37 30 32 39 38 10 4 15 18 17 14 22 11 19 25 7 23 27 8 24 16 13 21 
1 28 6 12 9 5 26 29 3 2 20 31 32 30 34 37 39 35 36 33 38 10 4 15 18 17 14 22 11 19 25 7 23 27 8 24 16 13 21 
1 28 6 12 9 5 26 29 3 2 20 31 33 35 36 37 34 30 32 39 38 10 4 15 18 17 14 22 11 19 25 7 23 27 8 24 16 13 21 
1 28 6 12 9 5 26 29 3 2 20 31 32 39 33 35 36 34 37 30 38 10 4 15 18 17 14 22 11 19 25 7 23 27 8 24 16 13 21 
1 28 6 12 9 5 26 29 3 2 20 31 32 39 33 35 36 37 34 30 38 10 4 15 18 17 14 22 11 19 25 7 23 27 8 24 16 13 21 
1 28 6 12 9 5 26 29 3 2 20 31 32 39 36 34 37 33 30 35 38 10 4 15 18 17 14 22 11 19 25 7 23 27 8 24 16 13 21 
1 28 6 12 9 5 26 29 3 2 20 31 35 37 34 36 33 30 32 39 38 10 4 15 18 17 14 22 11 19 25 7 23 27 8 24 16 13 21 
1 28 6 12 9 5 26 29 3 2 20 31 32 30 35 39 33 36 34 37 38 10 4 15 18 17 14 22 11 19 25 7 23 27 8 24 16 13 21 
1 28 6 12 9 5 26 29 3 2 20 31 32 30 35 37 34 39 33 36 38 10 4 15 18 17 14 22 11 19 25 7 23 27 8 24 16 13 21 
1 28 6 12 9 5 26 29 3 2 20 31 37 34 39 32 30 33 36 35 38 10 4 15 18 17 14 22 11 19 25 7 23 27 8 24 16 13 21 
1 28 6 12 9 5 26 29 3 2 20 31 32 30 35 39 33 37 34 36 38 10 4 15 18 17 14 22 11 19 25 7 23 27 8 24 16 13 21 
1 28 6 12 9 5 26 29 3 2 20 31 32 30 35 39 34 37 33 36 38 10 4 15 18 17 14 22 11 19 25 7 23 27 8 24 16 13 21 
1 28 6 12 9 5 26 29 3 2 20 31 32 39 35 30 34 37 33 36 38 10 4 15 18 17 14 22 11 19 25 7 23 27 8 24 16 13 21 
1 28 6 12 9 5 26 29 3 2 20 31 37 34 39 32 30 33 35 36 38 10 4 15 18 17 14 22 11 19 25 7 23 27 8 24 16 13 21 
1 28 6 12 9 5 26 29 3 2 20 31 33 35 37 34 36 30 32 39 38 10 4 15 18 17 14 22 11 19 25 7 23 27 8 24 16 13 21 
1 28 6 12 9 5 26 29 3 2 20 31 32 30 33 39 35 37 34 36 38 10 4 15 18 17 14 22 11 19 25 7 23 27 8 24 16 13 21 
1 28 6 12 9 5 26 29 3 2 20 31 32 39 33 30 37 34 36 35 38 10 4 15 18 17 14 22 11 19 25 7 23 27 8 24 16 13 21 
1 28 6 12 9 5 26 29 3 2 20 31 32 39 34 37 30 33 36 35 38 10 4 15 18 17 14 22 11 19 25 7 23 27 8 24 16 13 21 
1 28 6 12 9 5 26 29 3 2 20 31 32 39 35 37 34 30 33 36 38 10 4 15 18 17 14 22 11 19 25 7 23 27 8 24 16 13 21 
1 28 6 12 9 5 26 29 3 2 20 31 32 30 33 39 34 37 36 35 38 10 4 15 18 17 14 22 11 19 25 7 23 27 8 24 16 13 21 
1 28 6 12 9 5 26 29 3 2 20 31 32 30 34 37 39 36 35 33 38 10 4 15 18 17 14 22 11 19 25 7 23 27 8 24 16 13 21 
1 28 6 12 9 5 26 29 3 2 20 31 32 30 39 37 34 36 35 33 38 10 4 15 18 17 14 22 11 19 25 7 23 27 8 24 16 13 21 
1 28 6 12 9 5 26 29 3 2 20 31 32 39 33 30 34 37 36 35 38 10 4 15 18 17 14 22 11 19 25 7 23 27 8 24 16 13 21 
1 28 6 12 9 5 26 29 3 2 20 31 32 39 33 35 37 34 36 30 38 10 4 15 18 17 14 22 11 19 25 7 23 27 8 24 16 13 21 
1 28 6 12 9 5 26 29 3 2 20 31 32 39 34 37 30 33 35 36 38 10 4 15 18 17 14 22 11 19 25 7 23 27 8 24 16 13 21 
1 28 6 12 9 5 26 29 3 2 20 31 32 39 34 37 35 33 36 30 38 10 4 15 18 17 14 22 11 19 25 7 23 27 8 24 16 13 21 
1 28 6 12 9 5 26 29 3 2 20 31 32 39 36 33 35 37 34 30 38 10 4 15 18 17 14 22 11 19 25 7 23 27 8 24 16 13 21 
1 28 6 12 9 5 26 29 3 2 20 31 32 39 37 34 30 36 35 33 38 10 4 15 18 17 14 22 11 19 25 7 23 27 8 24 16 13 21 
1 28 6 12 9 5 26 29 3 2 20 31 32 39 35 33 37 34 36 30 38 10 4 15 18 17 14 22 11 19 25 7 23 27 8 24 16 13 21 
1 28 6 12 9 5 26 29 3 2 20 31 32 30 35 33 36 39 34 37 38 10 4 15 18 17 14 22 11 19 25 7 23 27 8 24 16 13 21 
1 28 6 12 9 5 26 29 3 2 20 31 32 30 35 33 39 36 34 37 38 10 4 15 18 17 14 22 11 19 25 7 23 27 8 24 16 13 21 
1 28 6 12 9 5 26 29 3 2 20 31 32 39 30 35 33 36 34 37 38 10 4 15 18 17 14 22 11 19 25 7 23 27 8 24 16 13 21 
1 28 6 12 9 5 26 29 3 2 20 31 32 39 33 35 30 36 34 37 38 10 4 15 18 17 14 22 11 19 25 7 23 27 8 24 16 13 21 
1 28 6 12 9 5 26 29 3 2 20 31 32 39 36 33 35 30 34 37 38 10 4 15 18 17 14 22 11 19 25 7 23 27 8 24 16 13 21 
1 28 6 12 9 5 26 29 3 2 20 31 32 39 33 37 34 36 30 35 38 10 4 15 18 17 14 22 11 19 25 7 23 27 8 24 16 13 21 
1 28 6 12 9 5 26 29 3 2 20 31 32 39 34 37 33 36 30 35 38 10 4 15 18 17 14 22 11 19 25 7 23 27 8 24 16 13 21 
1 28 6 12 9 5 26 29 3 2 20 31 32 39 36 33 37 34 30 35 38 10 4 15 18 17 14 22 11 19 25 7 23 27 8 24 16 13 21 
1 28 6 12 9 5 26 29 3 2 20 31 32 30 35 33 37 34 39 36 38 10 4 15 18 17 14 22 11 19 25 7 23 27 8 24 16 13 21 
1 28 6 12 9 5 26 29 3 2 20 31 32 39 30 35 33 37 34 36 38 10 4 15 18 17 14 22 11 19 25 7 23 27 8 24 16 13 21 
1 28 6 12 9 5 26 29 3 2 20 31 32 39 34 37 33 35 30 36 38 10 4 15 18 17 14 22 11 19 25 7 23 27 8 24 16 13 21 
1 28 6 12 9 5 26 29 3 2 20 31 32 30 33 35 39 36 34 37 38 10 4 15 18 17 14 22 11 19 25 7 23 27 8 24 16 13 21 
1 28 6 12 9 5 26 29 3 2 20 31 32 30 33 36 39 34 37 35 38 10 4 15 18 17 14 22 11 19 25 7 23 27 8 24 16 13 21 
1 28 6 12 9 5 26 29 3 2 20 31 32 30 33 39 36 34 37 35 38 10 4 15 18 17 14 22 11 19 25 7 23 27 8 24 16 13 21 
1 28 6 12 9 5 26 29 3 2 20 31 32 39 30 33 36 34 37 35 38 10 4 15 18 17 14 22 11 19 25 7 23 27 8 24 16 13 21 
1 28 6 12 9 5 26 29 3 2 20 31 32 39 33 30 36 34 37 35 38 10 4 15 18 17 14 22 11 19 25 7 23 27 8 24 16 13 21 
1 28 6 12 9 5 26 29 3 2 20 31 32 39 35 33 30 36 34 37 38 10 4 15 18 17 14 22 11 19 25 7 23 27 8 24 16 13 21 
1 28 6 12 9 5 26 29 3 2 20 31 32 39 36 33 30 34 37 35 38 10 4 15 18 17 14 22 11 19 25 7 23 27 8 24 16 13 21 
1 28 6 12 9 5 26 29 3 2 20 31 37 34 30 32 39 33 36 35 38 10 4 15 18 17 14 22 11 19 25 7 23 27 8 24 16 13 21 
1 28 6 12 9 5 26 29 3 2 20 31 32 30 33 35 37 34 39 36 38 10 4 15 18 17 14 22 11 19 25 7 23 27 8 24 16 13 21 
1 28 6 12 9 5 26 29 3 2 20 31 32 30 33 37 34 36 39 35 38 10 4 15 18 17 14 22 11 19 25 7 23 27 8 24 16 13 21 
1 28 6 12 9 5 26 29 3 2 20 31 32 30 35 39 37 34 36 33 38 10 4 15 18 17 14 22 11 19 25 7 23 27 8 24 16 13 21 
1 28 6 12 9 5 26 29 3 2 20 31 32 39 30 33 35 37 34 36 38 10 4 15 18 17 14 22 11 19 25 7 23 27 8 24 16 13 21 
1 28 6 12 9 5 26 29 3 2 20 31 32 39 34 37 35 33 30 36 38 10 4 15 18 17 14 22 11 19 25 7 23 27 8 24 16 13 21 
1 28 6 12 9 5 26 29 3 2 20 31 37 34 30 32 39 33 35 36 38 10 4 15 18 17 14 22 11 19 25 7 23 27 8 24 16 13 21 
1 28 6 12 9 5 26 29 3 2 20 31 32 30 34 37 35 39 33 36 38 10 4 15 18 17 14 22 11 19 25 7 23 27 8 24 16 13 21 
1 28 6 12 9 5 26 29 3 2 20 31 32 30 37 34 39 33 36 35 38 10 4 15 18 17 14 22 11 19 25 7 23 27 8 24 16 13 21 
1 28 6 12 9 5 26 29 3 2 20 31 32 39 34 37 36 33 35 30 38 10 4 15 18 17 14 22 11 19 25 7 23 27 8 24 16 13 21 
1 28 6 12 9 5 26 29 3 2 20 31 32 30 37 34 39 33 35 36 38 10 4 15 18 17 14 22 11 19 25 7 23 27 8 24 16 13 21 
1 28 6 12 9 5 26 29 3 2 20 31 35 33 37 34 36 30 32 39 38 10 4 15 18 17 14 22 11 19 25 7 23 27 8 24 16 13 21 
1 28 6 12 9 5 26 29 3 2 20 31 32 39 34 37 36 33 30 35 38 10 4 15 18 17 14 22 11 19 25 7 23 27 8 24 16 13 21 
1 28 6 12 9 5 26 29 3 2 20 31 32 39 37 34 36 30 35 33 38 10 4 15 18 17 14 22 11 19 25 7 23 27 8 24 16 13 21 
1 28 6 12 9 5 26 29 3 2 20 31 32 30 35 36 39 34 37 33 38 10 4 15 18 17 14 22 11 19 25 7 23 27 8 24 16 13 21 
1 28 6 12 9 5 26 29 3 2 20 31 32 30 36 33 35 39 34 37 38 10 4 15 18 17 14 22 11 19 25 7 23 27 8 24 16 13 21 
1 28 6 12 9 5 26 29 3 2 20 31 32 30 36 33 39 34 37 35 38 10 4 15 18 17 14 22 11 19 25 7 23 27 8 24 16 13 21 
1 28 6 12 9 5 26 29 3 2 20 31 32 30 39 33 36 34 37 35 38 10 4 15 18 17 14 22 11 19 25 7 23 27 8 24 16 13 21 
1 28 6 12 9 5 26 29 3 2 20 31 32 30 39 35 33 36 34 37 38 10 4 15 18 17 14 22 11 19 25 7 23 27 8 24 16 13 21 
1 28 6 12 9 5 26 29 3 2 20 31 32 39 30 35 36 34 37 33 38 10 4 15 18 17 14 22 11 19 25 7 23 27 8 24 16 13 21 
1 28 6 12 9 5 26 29 3 2 20 31 32 39 33 36 30 34 37 35 38 10 4 15 18 17 14 22 11 19 25 7 23 27 8 24 16 13 21 
1 28 6 12 9 5 26 29 3 2 20 31 32 39 35 33 36 30 34 37 38 10 4 15 18 17 14 22 11 19 25 7 23 27 8 24 16 13 21 
1 28 6 12 9 5 26 29 3 2 20 31 32 39 36 35 30 34 37 33 38 10 4 15 18 17 14 22 11 19 25 7 23 27 8 24 16 13 21 
1 28 6 12 9 5 26 29 3 2 20 31 32 30 34 37 33 36 39 35 38 10 4 15 18 17 14 22 11 19 25 7 23 27 8 24 16 13 21 
1 28 6 12 9 5 26 29 3 2 20 31 32 30 34 37 35 33 39 36 38 10 4 15 18 17 14 22 11 19 25 7 23 27 8 24 16 13 21 
1 28 6 12 9 5 26 29 3 2 20 31 32 30 36 33 37 34 39 35 38 10 4 15 18 17 14 22 11 19 25 7 23 27 8 24 16 13 21 
1 28 6 12 9 5 26 29 3 2 20 31 32 30 36 34 37 33 39 35 38 10 4 15 18 17 14 22 11 19 25 7 23 27 8 24 16 13 21 
1 28 6 12 9 5 26 29 3 2 20 31 32 30 39 33 35 37 34 36 38 10 4 15 18 17 14 22 11 19 25 7 23 27 8 24 16 13 21 
1 28 6 12 9 5 26 29 3 2 20 31 32 30 39 34 37 35 33 36 38 10 4 15 18 17 14 22 11 19 25 7 23 27 8 24 16 13 21 
1 28 6 12 9 5 26 29 3 2 20 31 32 39 30 34 37 35 33 36 38 10 4 15 18 17 14 22 11 19 25 7 23 27 8 24 16 13 21 
1 28 6 12 9 5 26 29 3 2 20 31 32 39 33 35 37 34 30 36 38 10 4 15 18 17 14 22 11 19 25 7 23 27 8 24 16 13 21 
1 28 6 12 9 5 26 29 3 2 20 31 32 30 34 37 33 35 39 36 38 10 4 15 18 17 14 22 11 19 25 7 23 27 8 24 16 13 21 
1 28 6 12 9 5 26 29 3 2 20 31 32 30 39 35 33 37 34 36 38 10 4 15 18 17 14 22 11 19 25 7 23 27 8 24 16 13 21 
1 28 6 12 9 5 26 29 3 2 20 31 32 39 34 37 35 36 30 33 38 10 4 15 18 17 14 22 11 19 25 7 23 27 8 24 16 13 21 
1 28 6 12 9 5 26 29 3 2 20 31 32 39 35 33 37 34 30 36 38 10 4 15 18 17 14 22 11 19 25 7 23 27 8 24 16 13 21 
1 28 6 12 9 5 26 29 3 2 20 31 32 39 36 35 37 34 30 33 38 10 4 15 18 17 14 22 11 19 25 7 23 27 8 24 16 13 21 
1 28 6 12 9 5 26 29 3 2 20 31 37 34 36 33 35 39 32 30 38 10 4 15 18 17 14 22 11 19 25 7 23 27 8 24 16 13 21 
1 28 6 12 9 5 26 29 3 2 20 31 32 39 35 33 36 34 37 30 38 10 4 15 18 17 14 22 11 19 25 7 23 27 8 24 16 13 21 
1 28 6 12 9 5 26 29 3 2 20 31 32 39 35 33 36 37 34 30 38 10 4 15 18 17 14 22 11 19 25 7 23 27 8 24 16 13 21 
1 28 6 12 9 5 26 29 3 2 20 31 37 34 36 33 39 32 30 35 38 10 4 15 18 17 14 22 11 19 25 7 23 27 8 24 16 13 21 
1 28 6 12 9 5 26 29 3 2 20 31 37 34 39 32 30 35 33 36 38 10 4 15 18 17 14 22 11 19 25 7 23 27 8 24 16 13 21 
1 28 6 12 9 5 26 29 3 2 20 31 32 39 33 36 34 37 30 35 38 10 4 15 18 17 14 22 11 19 25 7 23 27 8 24 16 13 21 
1 28 6 12 9 5 26 29 3 2 20 31 37 34 36 33 30 32 39 35 38 10 4 15 18 17 14 22 11 19 25 7 23 27 8 24 16 13 21 
1 28 6 12 9 5 26 29 3 2 20 31 32 30 36 39 34 37 33 35 38 10 4 15 18 17 14 22 11 19 25 7 23 27 8 24 16 13 21 
1 28 6 12 9 5 26 29 3 2 20 31 32 30 39 36 34 37 33 35 38 10 4 15 18 17 14 22 11 19 25 7 23 27 8 24 16 13 21 
1 28 6 12 9 5 26 29 3 2 20 31 32 39 30 36 34 37 33 35 38 10 4 15 18 17 14 22 11 19 25 7 23 27 8 24 16 13 21 
1 28 6 12 9 5 26 29 3 2 20 31 32 39 33 35 30 37 34 36 38 10 4 15 18 17 14 22 11 19 25 7 23 27 8 24 16 13 21 
1 28 6 12 9 5 26 29 3 2 20 31 32 39 33 36 37 34 30 35 38 10 4 15 18 17 14 22 11 19 25 7 23 27 8 24 16 13 21 
1 28 6 12 9 5 26 29 3 2 20 31 32 39 34 37 30 35 33 36 38 10 4 15 18 17 14 22 11 19 25 7 23 27 8 24 16 13 21 
1 28 6 12 9 5 26 29 3 2 20 31 32 39 36 30 34 37 33 35 38 10 4 15 18 17 14 22 11 19 25 7 23 27 8 24 16 13 21 
1 28 6 12 9 5 26 29 3 2 20 31 32 30 35 33 39 34 37 36 38 10 4 15 18 17 14 22 11 19 25 7 23 27 8 24 16 13 21 
1 28 6 12 9 5 26 29 3 2 20 31 32 39 33 35 30 34 37 36 38 10 4 15 18 17 14 22 11 19 25 7 23 27 8 24 16 13 21 
1 28 6 12 9 5 26 29 3 2 20 31 32 39 34 37 36 35 30 33 38 10 4 15 18 17 14 22 11 19 25 7 23 27 8 24 16 13 21 
1 28 6 12 9 5 26 29 3 2 20 31 32 30 33 36 37 34 39 35 38 10 4 15 18 17 14 22 11 19 25 7 23 27 8 24 16 13 21 
1 28 6 12 9 5 26 29 3 2 20 31 32 30 34 37 35 36 39 33 38 10 4 15 18 17 14 22 11 19 25 7 23 27 8 24 16 13 21 
1 28 6 12 9 5 26 29 3 2 20 31 32 30 36 34 37 39 35 33 38 10 4 15 18 17 14 22 11 19 25 7 23 27 8 24 16 13 21 
1 28 6 12 9 5 26 29 3 2 20 31 32 30 36 35 37 34 39 33 38 10 4 15 18 17 14 22 11 19 25 7 23 27 8 24 16 13 21 
1 28 6 12 9 5 26 29 3 2 20 31 32 30 39 34 37 35 36 33 38 10 4 15 18 17 14 22 11 19 25 7 23 27 8 24 16 13 21 
1 28 6 12 9 5 26 29 3 2 20 31 32 39 30 34 37 35 36 33 38 10 4 15 18 17 14 22 11 19 25 7 23 27 8 24 16 13 21 
1 28 6 12 9 5 26 29 3 2 20 31 32 39 35 33 30 37 34 36 38 10 4 15 18 17 14 22 11 19 25 7 23 27 8 24 16 13 21 
1 28 6 12 9 5 26 29 3 2 20 31 32 30 33 35 39 34 37 36 38 10 4 15 18 17 14 22 11 19 25 7 23 27 8 24 16 13 21 
1 28 6 12 9 5 26 29 3 2 20 31 32 30 36 35 39 34 37 33 38 10 4 15 18 17 14 22 11 19 25 7 23 27 8 24 16 13 21 
1 28 6 12 9 5 26 29 3 2 20 31 32 30 39 35 36 34 37 33 38 10 4 15 18 17 14 22 11 19 25 7 23 27 8 24 16 13 21 
1 28 6 12 9 5 26 29 3 2 20 31 32 39 35 33 30 34 37 36 38 10 4 15 18 17 14 22 11 19 25 7 23 27 8 24 16 13 21 
1 28 6 12 9 5 26 29 3 2 20 31 32 39 35 36 30 34 37 33 38 10 4 15 18 17 14 22 11 19 25 7 23 27 8 24 16 13 21 
1 28 6 12 9 5 26 29 3 2 20 31 37 34 36 39 32 30 33 35 38 10 4 15 18 17 14 22 11 19 25 7 23 27 8 24 16 13 21 
1 28 6 12 9 5 26 29 3 2 20 31 32 39 36 34 37 35 30 33 38 10 4 15 18 17 14 22 11 19 25 7 23 27 8 24 16 13 21 
1 28 6 12 9 5 26 29 3 2 20 31 35 33 36 34 37 30 32 39 38 10 4 15 18 17 14 22 11 19 25 7 23 27 8 24 16 13 21 
1 28 6 12 9 5 26 29 3 2 20 31 37 34 36 35 30 32 39 33 38 10 4 15 18 17 14 22 11 19 25 7 23 27 8 24 16 13 21 
1 28 6 12 9 5 26 29 3 2 20 31 37 34 39 32 30 35 36 33 38 10 4 15 18 17 14 22 11 19 25 7 23 27 8 24 16 13 21 
1 28 6 12 9 5 26 29 3 2 20 31 35 33 36 37 34 30 32 39 38 10 4 15 18 17 14 22 11 19 25 7 23 27 8 24 16 13 21 
1 28 6 12 9 5 26 29 3 2 20 31 32 39 36 34 37 30 33 35 38 10 4 15 18 17 14 22 11 19 25 7 23 27 8 24 16 13 21 
1 28 6 12 9 5 26 29 3 2 20 31 37 34 30 32 39 35 33 36 38 10 4 15 18 17 14 22 11 19 25 7 23 27 8 24 16 13 21 
1 28 6 12 9 5 26 29 3 2 20 31 32 39 34 37 30 35 36 33 38 10 4 15 18 17 14 22 11 19 25 7 23 27 8 24 16 13 21 
1 28 6 12 9 5 26 29 3 2 20 31 32 39 34 37 36 30 33 35 38 10 4 15 18 17 14 22 11 19 25 7 23 27 8 24 16 13 21 
1 28 6 12 9 5 26 29 3 2 20 31 32 39 36 37 34 30 33 35 38 10 4 15 18 17 14 22 11 19 25 7 23 27 8 24 16 13 21 
1 28 6 12 9 5 26 29 3 2 20 31 37 34 36 35 39 32 30 33 38 10 4 15 18 17 14 22 11 19 25 7 23 27 8 24 16 13 21 
1 28 6 12 9 5 26 29 3 2 20 31 32 30 35 36 37 34 39 33 38 10 4 15 18 17 14 22 11 19 25 7 23 27 8 24 16 13 21 
1 28 6 12 9 5 26 29 3 2 20 31 32 30 37 34 36 33 39 35 38 10 4 15 18 17 14 22 11 19 25 7 23 27 8 24 16 13 21 
1 28 6 12 9 5 26 29 3 2 20 31 32 30 34 37 36 33 39 35 38 10 4 15 18 17 14 22 11 19 25 7 23 27 8 24 16 13 21 
1 28 6 12 9 5 26 29 3 2 20 31 32 30 37 34 39 35 33 36 38 10 4 15 18 17 14 22 11 19 25 7 23 27 8 24 16 13 21 
1 28 6 12 9 5 26 29 3 2 20 31 32 39 35 36 34 37 30 33 38 10 4 15 18 17 14 22 11 19 25 7 23 27 8 24 16 13 21 
1 28 6 12 9 5 26 29 3 2 20 31 32 39 35 36 37 34 30 33 38 10 4 15 18 17 14 22 11 19 25 7 23 27 8 24 16 13 21 
1 28 6 12 9 5 26 29 3 2 20 31 32 30 33 35 36 34 37 39 38 10 4 15 18 17 14 22 11 19 25 7 23 27 8 24 16 13 21 
1 28 6 12 9 5 26 29 3 2 20 31 37 34 30 32 39 36 33 35 38 10 4 15 18 17 14 22 11 19 25 7 23 27 8 24 16 13 21 
1 28 6 12 9 5 26 29 3 2 20 31 37 34 36 30 32 39 33 35 38 10 4 15 18 17 14 22 11 19 25 7 23 27 8 24 16 13 21 
1 28 6 12 9 5 26 29 3 2 20 31 37 34 39 32 30 36 33 35 38 10 4 15 18 17 14 22 11 19 25 7 23 27 8 24 16 13 21 
1 28 6 12 9 5 26 29 3 2 20 31 32 30 35 37 34 36 39 33 38 10 4 15 18 17 14 22 11 19 25 7 23 27 8 24 16 13 21 
1 28 6 12 9 5 26 29 3 2 20 31 32 30 35 37 34 39 36 33 38 10 4 15 18 17 14 22 11 19 25 7 23 27 8 24 16 13 21 
1 28 6 12 9 5 26 29 3 2 20 31 32 39 30 35 37 34 36 33 38 10 4 15 18 17 14 22 11 19 25 7 23 27 8 24 16 13 21 
1 28 6 12 9 5 26 29 3 2 20 31 32 39 34 37 35 30 36 33 38 10 4 15 18 17 14 22 11 19 25 7 23 27 8 24 16 13 21 
1 28 6 12 9 5 26 29 3 2 20 31 32 30 35 39 36 34 37 33 38 10 4 15 18 17 14 22 11 19 25 7 23 27 8 24 16 13 21 
1 28 6 12 9 5 26 29 3 2 20 31 32 39 35 30 36 34 37 33 38 10 4 15 18 17 14 22 11 19 25 7 23 27 8 24 16 13 21 
1 28 6 12 9 5 26 29 3 2 20 31 32 30 37 34 36 39 33 35 38 10 4 15 18 17 14 22 11 19 25 7 23 27 8 24 16 13 21 
1 28 6 12 9 5 26 29 3 2 20 31 32 30 37 34 39 36 33 35 38 10 4 15 18 17 14 22 11 19 25 7 23 27 8 24 16 13 21 
1 28 6 12 9 5 26 29 3 2 20 31 32 39 30 37 34 36 33 35 38 10 4 15 18 17 14 22 11 19 25 7 23 27 8 24 16 13 21 
1 28 6 12 9 5 26 29 3 2 20 31 32 39 34 37 30 36 33 35 38 10 4 15 18 17 14 22 11 19 25 7 23 27 8 24 16 13 21 
1 28 6 12 9 5 26 29 3 2 20 31 32 30 34 37 36 39 33 35 38 10 4 15 18 17 14 22 11 19 25 7 23 27 8 24 16 13 21 
1 28 6 12 9 5 26 29 3 2 20 31 32 30 36 37 34 39 33 35 38 10 4 15 18 17 14 22 11 19 25 7 23 27 8 24 16 13 21 
1 28 6 12 9 5 26 29 3 2 20 31 32 30 39 34 37 36 33 35 38 10 4 15 18 17 14 22 11 19 25 7 23 27 8 24 16 13 21 
1 28 6 12 9 5 26 29 3 2 20 31 32 39 30 34 37 36 33 35 38 10 4 15 18 17 14 22 11 19 25 7 23 27 8 24 16 13 21 
1 28 6 12 9 5 26 29 3 2 20 31 32 39 35 37 34 36 30 33 38 10 4 15 18 17 14 22 11 19 25 7 23 27 8 24 16 13 21 
1 28 6 12 9 5 26 29 3 2 20 31 37 34 30 32 39 35 36 33 38 10 4 15 18 17 14 22 11 19 25 7 23 27 8 24 16 13 21 
1 28 6 12 9 5 26 29 3 2 20 31 32 30 37 34 36 35 39 33 38 10 4 15 18 17 14 22 11 19 25 7 23 27 8 24 16 13 21 
1 28 6 12 9 5 26 29 3 2 20 31 32 30 37 34 39 35 36 33 38 10 4 15 18 17 14 22 11 19 25 7 23 27 8 24 16 13 21 
1 28 6 12 9 5 26 29 3 2 20 31 32 30 34 37 36 35 39 33 38 10 4 15 18 17 14 22 11 19 25 7 23 27 8 24 16 13 21 
1 28 6 12 9 5 26 29 3 2 20 31 37 34 30 32 39 36 35 33 38 10 4 15 18 17 14 22 11 19 25 7 23 27 8 24 16 13 21 
1 28 6 12 9 5 26 29 3 2 20 31 37 34 39 32 30 36 35 33 38 10 4 15 18 17 14 22 11 19 25 7 23 27 8 24 16 13 21 
1 28 6 12 9 5 26 29 3 2 20 31 32 30 34 37 35 39 36 33 38 10 4 15 18 17 14 22 11 19 25 7 23 27 8 24 16 13 21 
1 28 6 12 9 5 26 29 3 2 20 31 32 30 36 34 37 35 39 33 38 10 4 15 18 17 14 22 11 19 25 7 23 27 8 24 16 13 21 
1 28 6 12 9 5 26 29 3 2 20 31 32 30 39 35 37 34 36 33 38 10 4 15 18 17 14 22 11 19 25 7 23 27 8 24 16 13 21 
1 28 6 12 9 5 26 29 3 2 20 31 32 39 35 37 34 30 36 33 38 10 4 15 18 17 14 22 11 19 25 7 23 27 8 24 16 13 21 
1 28 6 12 9 5 26 29 3 2 20 31 32 30 37 34 39 36 35 33 38 10 4 15 18 17 14 22 11 19 25 7 23 27 8 24 16 13 21 
1 28 6 12 9 5 26 29 3 2 20 31 32 39 30 37 34 36 35 33 38 10 4 15 18 17 14 22 11 19 25 7 23 27 8 24 16 13 21 
1 28 6 12 9 5 26 29 3 2 20 31 32 39 34 37 30 36 35 33 38 10 4 15 18 17 14 22 11 19 25 7 23 27 8 24 16 13 21 
1 28 6 12 9 5 26 29 3 2 20 31 32 30 39 34 37 36 35 33 38 10 4 15 18 17 14 22 11 19 25 7 23 27 8 24 16 13 21 
1 28 6 12 9 5 26 29 3 2 20 31 32 39 30 34 37 36 35 33 38 10 4 15 18 17 14 22 11 19 25 7 23 27 8 24 16 13 21 
1 28 6 12 9 5 26 29 3 2 20 31 32 30 36 39 34 37 35 33 38 10 4 15 18 17 14 22 11 19 25 7 23 27 8 24 16 13 21 
1 28 6 12 9 5 26 29 3 2 20 31 32 30 39 36 34 37 35 33 38 10 4 15 18 17 14 22 11 19 25 7 23 27 8 24 16 13 21 
1 28 6 12 9 5 26 29 3 2 20 31 32 39 30 36 34 37 35 33 38 10 4 15 18 17 14 22 11 19 25 7 23 27 8 24 16 13 21 
1 28 6 12 9 5 26 29 3 2 20 31 32 39 35 30 37 34 36 33 38 10 4 15 18 17 14 22 11 19 25 7 23 27 8 24 16 13 21 
1 28 6 12 9 5 26 29 3 2 20 31 32 39 36 30 34 37 35 33 38 10 4 15 18 17 14 22 11 19 25 7 23 27 8 24 16 13 21 
1 28 6 12 9 5 26 29 3 2 20 31 32 30 35 39 34 37 36 33 38 10 4 15 18 17 14 22 11 19 25 7 23 27 8 24 16 13 21 
1 28 6 12 9 5 26 29 3 2 20 31 32 39 35 30 34 37 36 33 38 10 4 15 18 17 14 22 11 19 25 7 23 27 8 24 16 13 21 
1 28 6 12 9 5 26 29 3 2 20 31 32 30 35 33 36 34 37 39 38 10 4 15 18 17 14 22 11 19 25 7 23 27 8 24 16 13 21 
1 28 6 12 9 5 26 29 3 2 20 31 32 30 35 36 33 37 34 39 38 10 4 15 18 17 14 22 11 19 25 7 23 27 8 24 16 13 21 
1 28 6 12 9 5 26 29 3 2 20 31 32 30 35 36 34 37 33 39 38 10 4 15 18 17 14 22 11 19 25 7 23 27 8 24 16 13 21 
1 28 6 12 9 5 26 29 3 2 20 31 37 34 36 39 32 30 35 33 38 10 4 15 18 17 14 22 11 19 25 7 23 27 8 24 16 13 21 
1 28 6 12 9 5 26 29 3 2 20 31 32 30 33 36 35 37 34 39 38 10 4 15 18 17 14 22 11 19 25 7 23 27 8 24 16 13 21 
1 28 6 12 9 5 26 29 3 2 20 31 32 30 33 37 34 36 35 39 38 10 4 15 18 17 14 22 11 19 25 7 23 27 8 24 16 13 21 
1 28 6 12 9 5 26 29 3 2 20 31 32 39 36 34 37 30 35 33 38 10 4 15 18 17 14 22 11 19 25 7 23 27 8 24 16 13 21 
1 28 6 12 9 5 26 29 3 2 20 31 32 39 34 37 36 30 35 33 38 10 4 15 18 17 14 22 11 19 25 7 23 27 8 24 16 13 21 
1 28 6 12 9 5 26 29 3 2 20 31 32 39 36 37 34 30 35 33 38 10 4 15 18 17 14 22 11 19 25 7 23 27 8 24 16 13 21 
1 28 6 12 9 5 26 29 3 2 20 31 32 30 34 37 35 36 33 39 38 10 4 15 18 17 14 22 11 19 25 7 23 27 8 24 16 13 21 
1 28 6 12 9 5 26 29 3 2 20 31 32 30 34 37 33 36 35 39 38 10 4 15 18 17 14 22 11 19 25 7 23 27 8 24 16 13 21 
1 28 6 12 9 5 26 29 3 2 20 31 37 34 36 30 32 39 35 33 38 10 4 15 18 17 14 22 11 19 25 7 23 27 8 24 16 13 21 
1 28 6 12 9 5 26 29 3 2 20 31 32 30 37 34 36 39 35 33 38 10 4 15 18 17 14 22 11 19 25 7 23 27 8 24 16 13 21 
1 28 6 12 9 5 26 29 3 2 20 31 32 30 34 37 36 39 35 33 38 10 4 15 18 17 14 22 11 19 25 7 23 27 8 24 16 13 21 
1 28 6 12 9 5 26 29 3 2 20 31 32 30 36 37 34 39 35 33 38 10 4 15 18 17 14 22 11 19 25 7 23 27 8 24 16 13 21 
1 28 6 12 9 5 26 29 3 2 20 31 32 30 34 37 33 35 36 39 38 10 4 15 18 17 14 22 11 19 25 7 23 27 8 24 16 13 21 
1 28 6 12 9 5 26 29 3 2 20 31 32 30 36 35 33 37 34 39 38 10 4 15 18 17 14 22 11 19 25 7 23 27 8 24 16 13 21 
1 28 6 12 9 5 26 29 3 2 20 31 32 30 35 37 34 36 33 39 38 10 4 15 18 17 14 22 11 19 25 7 23 27 8 24 16 13 21 
1 28 6 12 9 5 26 29 3 2 20 31 37 34 36 35 33 30 32 39 38 10 4 15 18 17 14 22 11 19 25 7 23 27 8 24 16 13 21 
1 28 6 12 9 5 26 29 3 2 20 31 32 30 33 36 34 37 35 39 38 10 4 15 18 17 14 22 11 19 25 7 23 27 8 24 16 13 21 
1 28 6 12 9 5 26 29 3 2 20 31 32 30 33 35 36 37 34 39 38 10 4 15 18 17 14 22 11 19 25 7 23 27 8 24 16 13 21 
1 28 6 12 9 5 26 29 3 2 20 31 32 30 35 33 37 34 36 39 38 10 4 15 18 17 14 22 11 19 25 7 23 27 8 24 16 13 21 
1 28 6 12 9 5 26 29 3 2 20 31 32 30 33 35 37 34 36 39 38 10 4 15 18 17 14 22 11 19 25 7 23 27 8 24 16 13 21 
1 28 6 12 9 5 26 29 3 2 20 31 32 30 37 34 36 35 33 39 38 10 4 15 18 17 14 22 11 19 25 7 23 27 8 24 16 13 21 
1 28 6 12 9 5 26 29 3 2 20 31 32 30 34 37 36 35 33 39 38 10 4 15 18 17 14 22 11 19 25 7 23 27 8 24 16 13 21 
1 28 6 12 9 5 26 29 3 2 20 31 32 30 34 37 35 33 36 39 38 10 4 15 18 17 14 22 11 19 25 7 23 27 8 24 16 13 21 
1 28 6 12 9 5 26 29 3 2 20 31 32 30 36 33 35 37 34 39 38 10 4 15 18 17 14 22 11 19 25 7 23 27 8 24 16 13 21 
1 28 6 12 9 5 26 29 3 2 20 31 32 30 36 34 37 35 33 39 38 10 4 15 18 17 14 22 11 19 25 7 23 27 8 24 16 13 21 
1 28 6 12 9 5 26 29 3 2 20 31 32 30 36 34 37 33 35 39 38 10 4 15 18 17 14 22 11 19 25 7 23 27 8 24 16 13 21 
1 28 6 12 9 5 26 29 3 2 20 31 37 34 36 33 35 30 32 39 38 10 4 15 18 17 14 22 11 19 25 7 23 27 8 24 16 13 21 
1 28 6 12 9 5 26 29 3 2 20 31 32 30 35 33 36 37 34 39 38 10 4 15 18 17 14 22 11 19 25 7 23 27 8 24 16 13 21 
1 28 6 12 9 5 26 29 3 2 20 31 36 33 35 37 34 30 32 39 38 10 4 15 18 17 14 22 11 19 25 7 23 27 8 24 16 13 21 
1 28 6 12 9 5 26 29 3 2 20 31 32 30 37 34 36 33 35 39 38 10 4 15 18 17 14 22 11 19 25 7 23 27 8 24 16 13 21 
1 28 6 12 9 5 26 29 3 2 20 31 32 30 34 37 36 33 35 39 38 10 4 15 18 17 14 22 11 19 25 7 23 27 8 24 16 13 21 
1 28 6 12 9 5 26 29 3 2 20 31 32 30 37 34 33 36 35 39 38 10 4 15 18 17 14 22 11 19 25 7 23 27 8 24 16 13 21 
1 28 6 12 9 5 26 29 3 2 20 31 32 30 39 36 35 33 37 34 38 10 4 15 18 17 14 22 11 19 25 7 23 27 8 24 16 13 21 
1 28 6 12 9 5 26 29 3 2 20 31 32 39 30 36 35 33 37 34 38 10 4 15 18 17 14 22 11 19 25 7 23 27 8 24 16 13 21 
1 28 6 12 9 5 26 29 3 2 20 31 32 30 33 36 35 34 37 39 38 10 4 15 18 17 14 22 11 19 25 7 23 27 8 24 16 13 21 
1 28 6 12 9 5 26 29 3 2 20 31 32 39 35 36 33 30 37 34 38 10 4 15 18 17 14 22 11 19 25 7 23 27 8 24 16 13 21 
1 28 6 12 9 5 26 29 3 2 20 31 32 30 33 39 35 36 37 34 38 10 4 15 18 17 14 22 11 19 25 7 23 27 8 24 16 13 21 
1 28 6 12 9 5 26 29 3 2 20 31 37 34 35 33 39 32 30 36 38 10 4 15 18 17 14 22 11 19 25 7 23 27 8 24 16 13 21 
1 28 6 12 9 5 26 29 3 2 20 31 37 34 35 36 39 32 30 33 38 10 4 15 18 17 14 22 11 19 25 7 23 27 8 24 16 13 21 
1 28 6 12 9 5 26 29 3 2 20 31 32 39 33 36 30 37 34 35 38 10 4 15 18 17 14 22 11 19 25 7 23 27 8 24 16 13 21 
1 28 6 12 9 5 26 29 3 2 20 31 32 30 37 34 35 33 39 36 38 10 4 15 18 17 14 22 11 19 25 7 23 27 8 24 16 13 21 
1 28 6 12 9 5 26 29 3 2 20 31 32 30 39 33 36 37 34 35 38 10 4 15 18 17 14 22 11 19 25 7 23 27 8 24 16 13 21 
1 28 6 12 9 5 26 29 3 2 20 31 32 39 30 37 34 35 33 36 38 10 4 15 18 17 14 22 11 19 25 7 23 27 8 24 16 13 21 
1 28 6 12 9 5 26 29 3 2 20 31 32 39 33 35 34 37 30 36 38 10 4 15 18 17 14 22 11 19 25 7 23 27 8 24 16 13 21 
1 28 6 12 9 5 26 29 3 2 20 31 37 34 33 35 36 30 32 39 38 10 4 15 18 17 14 22 11 19 25 7 23 27 8 24 16 13 21 
1 28 6 12 9 5 26 29 3 2 20 31 32 30 39 33 35 34 37 36 38 10 4 15 18 17 14 22 11 19 25 7 23 27 8 24 16 13 21 
1 28 6 12 9 5 26 29 3 2 20 31 32 39 33 36 30 35 37 34 38 10 4 15 18 17 14 22 11 19 25 7 23 27 8 24 16 13 21 
1 28 6 12 9 5 26 29 3 2 20 31 32 39 36 35 34 37 30 33 38 10 4 15 18 17 14 22 11 19 25 7 23 27 8 24 16 13 21 
1 28 6 12 9 5 26 29 3 2 20 31 32 30 35 39 36 33 37 34 38 10 4 15 18 17 14 22 11 19 25 7 23 27 8 24 16 13 21 
1 28 6 12 9 5 26 29 3 2 20 31 32 30 36 33 34 37 35 39 38 10 4 15 18 17 14 22 11 19 25 7 23 27 8 24 16 13 21 
1 28 6 12 9 5 26 29 3 2 20 31 32 39 35 30 36 33 37 34 38 10 4 15 18 17 14 22 11 19 25 7 23 27 8 24 16 13 21 
1 28 6 12 9 5 26 29 3 2 20 31 32 30 37 34 33 35 36 39 38 10 4 15 18 17 14 22 11 19 25 7 23 27 8 24 16 13 21 
1 28 6 12 9 5 26 29 3 2 20 31 32 30 33 36 39 35 37 34 38 10 4 15 18 17 14 22 11 19 25 7 23 27 8 24 16 13 21 
1 28 6 12 9 5 26 29 3 2 20 31 32 39 36 35 33 30 37 34 38 10 4 15 18 17 14 22 11 19 25 7 23 27 8 24 16 13 21 
1 28 6 12 9 5 26 29 3 2 20 31 32 39 30 33 35 36 37 34 38 10 4 15 18 17 14 22 11 19 25 7 23 27 8 24 16 13 21 
1 28 6 12 9 5 26 29 3 2 20 31 32 39 36 30 35 34 37 33 38 10 4 15 18 17 14 22 11 19 25 7 23 27 8 24 16 13 21 
1 28 6 12 9 5 26 29 3 2 20 31 37 34 35 36 30 32 39 33 38 10 4 15 18 17 14 22 11 19 25 7 23 27 8 24 16 13 21 
1 28 6 12 9 5 26 29 3 2 20 31 32 39 36 30 35 33 37 34 38 10 4 15 18 17 14 22 11 19 25 7 23 27 8 24 16 13 21 
1 28 6 12 9 5 26 29 3 2 20 31 32 30 37 34 35 36 39 33 38 10 4 15 18 17 14 22 11 19 25 7 23 27 8 24 16 13 21 
1 28 6 12 9 5 26 29 3 2 20 31 32 39 30 37 34 35 36 33 38 10 4 15 18 17 14 22 11 19 25 7 23 27 8 24 16 13 21 
1 28 6 12 9 5 26 29 3 2 20 31 32 39 36 30 33 35 37 34 38 10 4 15 18 17 14 22 11 19 25 7 23 27 8 24 16 13 21 
1 28 6 12 9 5 26 29 3 2 20 31 32 39 35 30 33 36 37 34 38 10 4 15 18 17 14 22 11 19 25 7 23 27 8 24 16 13 21 
1 28 6 12 9 5 26 29 3 2 20 31 32 30 36 33 39 35 37 34 38 10 4 15 18 17 14 22 11 19 25 7 23 27 8 24 16 13 21 
1 28 6 12 9 5 26 29 3 2 20 31 32 39 33 35 36 30 37 34 38 10 4 15 18 17 14 22 11 19 25 7 23 27 8 24 16 13 21 
1 28 6 12 9 5 26 29 3 2 20 31 32 30 39 33 35 36 37 34 38 10 4 15 18 17 14 22 11 19 25 7 23 27 8 24 16 13 21 
1 28 6 12 9 5 26 29 3 2 20 31 32 39 36 37 34 35 30 33 38 10 4 15 18 17 14 22 11 19 25 7 23 27 8 24 16 13 21 
1 28 6 12 9 5 26 29 3 2 20 31 32 30 35 33 34 37 36 39 38 10 4 15 18 17 14 22 11 19 25 7 23 27 8 24 16 13 21 
1 28 6 12 9 5 26 29 3 2 20 31 32 30 36 39 35 34 37 33 38 10 4 15 18 17 14 22 11 19 25 7 23 27 8 24 16 13 21 
1 28 6 12 9 5 26 29 3 2 20 31 32 30 36 39 33 35 37 34 38 10 4 15 18 17 14 22 11 19 25 7 23 27 8 24 16 13 21 
1 28 6 12 9 5 26 29 3 2 20 31 32 30 39 36 33 35 37 34 38 10 4 15 18 17 14 22 11 19 25 7 23 27 8 24 16 13 21 
1 28 6 12 9 5 26 29 3 2 20 31 32 39 30 36 33 35 37 34 38 10 4 15 18 17 14 22 11 19 25 7 23 27 8 24 16 13 21 
1 28 6 12 9 5 26 29 3 2 20 31 32 30 35 39 33 36 37 34 38 10 4 15 18 17 14 22 11 19 25 7 23 27 8 24 16 13 21 
1 28 6 12 9 5 26 29 3 2 20 31 32 30 36 39 35 33 37 34 38 10 4 15 18 17 14 22 11 19 25 7 23 27 8 24 16 13 21 
1 28 6 12 9 5 26 29 3 2 20 31 37 34 35 30 32 39 36 33 38 10 4 15 18 17 14 22 11 19 25 7 23 27 8 24 16 13 21 
1 28 6 12 9 5 26 29 3 2 20 31 32 30 35 34 37 36 39 33 38 10 4 15 18 17 14 22 11 19 25 7 23 27 8 24 16 13 21 
1 28 6 12 9 5 26 29 3 2 20 31 32 39 30 35 34 37 36 33 38 10 4 15 18 17 14 22 11 19 25 7 23 27 8 24 16 13 21 
1 28 6 12 9 5 26 29 3 2 20 31 32 39 35 34 37 36 30 33 38 10 4 15 18 17 14 22 11 19 25 7 23 27 8 24 16 13 21 
1 28 6 12 9 5 26 29 3 2 20 31 32 39 36 33 35 30 37 34 38 10 4 15 18 17 14 22 11 19 25 7 23 27 8 24 16 13 21 
1 28 6 12 9 5 26 29 3 2 20 31 32 30 35 33 39 36 37 34 38 10 4 15 18 17 14 22 11 19 25 7 23 27 8 24 16 13 21 
1 28 6 12 9 5 26 29 3 2 20 31 32 39 30 35 33 36 37 34 38 10 4 15 18 17 14 22 11 19 25 7 23 27 8 24 16 13 21 
1 28 6 12 9 5 26 29 3 2 20 31 32 39 33 35 30 36 37 34 38 10 4 15 18 17 14 22 11 19 25 7 23 27 8 24 16 13 21 
1 28 6 12 9 5 26 29 3 2 20 31 32 30 36 37 34 33 35 39 38 10 4 15 18 17 14 22 11 19 25 7 23 27 8 24 16 13 21 
1 28 6 12 9 5 26 29 3 2 20 31 32 30 33 35 39 36 37 34 38 10 4 15 18 17 14 22 11 19 25 7 23 27 8 24 16 13 21 
1 28 6 12 9 5 26 29 3 2 20 31 32 30 33 37 34 35 36 39 38 10 4 15 18 17 14 22 11 19 25 7 23 27 8 24 16 13 21 
1 28 6 12 9 5 26 29 3 2 20 31 32 39 35 33 30 36 37 34 38 10 4 15 18 17 14 22 11 19 25 7 23 27 8 24 16 13 21 
1 28 6 12 9 5 26 29 3 2 20 31 37 34 35 39 32 30 36 33 38 10 4 15 18 17 14 22 11 19 25 7 23 27 8 24 16 13 21 
1 28 6 12 9 5 26 29 3 2 20 31 32 30 37 34 35 39 36 33 38 10 4 15 18 17 14 22 11 19 25 7 23 27 8 24 16 13 21 
1 28 6 12 9 5 26 29 3 2 20 31 32 39 35 34 37 30 36 33 38 10 4 15 18 17 14 22 11 19 25 7 23 27 8 24 16 13 21 
1 28 6 12 9 5 26 29 3 2 20 31 32 30 36 37 34 35 39 33 38 10 4 15 18 17 14 22 11 19 25 7 23 27 8 24 16 13 21 
1 28 6 12 9 5 26 29 3 2 20 31 32 30 39 35 34 37 36 33 38 10 4 15 18 17 14 22 11 19 25 7 23 27 8 24 16 13 21 
1 28 6 12 9 5 26 29 3 2 20 31 32 30 36 33 35 34 37 39 38 10 4 15 18 17 14 22 11 19 25 7 23 27 8 24 16 13 21 
1 28 6 12 9 5 26 29 3 2 20 31 32 39 35 33 36 30 37 34 38 10 4 15 18 17 14 22 11 19 25 7 23 27 8 24 16 13 21 
1 28 6 12 9 5 26 29 3 2 20 31 32 30 36 35 34 37 33 39 38 10 4 15 18 17 14 22 11 19 25 7 23 27 8 24 16 13 21 
1 28 6 12 9 5 26 29 3 2 20 31 32 30 39 35 33 36 37 34 38 10 4 15 18 17 14 22 11 19 25 7 23 27 8 24 16 13 21 
1 28 6 12 9 5 26 29 3 2 20 31 32 39 36 30 37 34 35 33 38 10 4 15 18 17 14 22 11 19 25 7 23 27 8 24 16 13 21 
1 28 6 12 9 5 26 29 3 2 20 31 32 30 39 36 37 34 35 33 38 10 4 15 18 17 14 22 11 19 25 7 23 27 8 24 16 13 21 
1 28 6 12 9 5 26 29 3 2 20 31 32 39 30 36 37 34 35 33 38 10 4 15 18 17 14 22 11 19 25 7 23 27 8 24 16 13 21 
1 28 6 12 9 5 26 29 3 2 20 31 37 34 35 36 33 30 32 39 38 10 4 15 18 17 14 22 11 19 25 7 23 27 8 24 16 13 21 
1 28 6 12 9 5 26 29 3 2 20 31 32 30 35 34 37 33 36 39 38 10 4 15 18 17 14 22 11 19 25 7 23 27 8 24 16 13 21 
1 28 6 12 9 5 26 29 3 2 20 31 32 30 37 34 35 36 33 39 38 10 4 15 18 17 14 22 11 19 25 7 23 27 8 24 16 13 21 
1 28 6 12 9 5 26 29 3 2 20 31 32 30 36 33 37 34 35 39 38 10 4 15 18 17 14 22 11 19 25 7 23 27 8 24 16 13 21 
1 28 6 12 9 5 26 29 3 2 20 31 32 30 35 34 37 36 33 39 38 10 4 15 18 17 14 22 11 19 25 7 23 27 8 24 16 13 21 
1 28 6 12 9 5 26 29 3 2 20 31 32 30 33 36 37 34 35 39 38 10 4 15 18 17 14 22 11 19 25 7 23 27 8 24 16 13 21 
1 28 6 12 9 5 26 29 3 2 20 31 32 30 33 35 34 37 36 39 38 10 4 15 18 17 14 22 11 19 25 7 23 27 8 24 16 13 21 
1 28 6 12 9 5 26 29 3 2 20 31 37 34 35 33 36 30 32 39 38 10 4 15 18 17 14 22 11 19 25 7 23 27 8 24 16 13 21 
1 28 6 12 9 5 26 29 3 2 20 31 32 30 37 34 35 33 36 39 38 10 4 15 18 17 14 22 11 19 25 7 23 27 8 24 16 13 21 
1 28 6 12 9 5 26 29 3 2 20 31 32 30 36 37 34 35 33 39 38 10 4 15 18 17 14 22 11 19 25 7 23 27 8 24 16 13 21 
1 28 6 12 9 5 26 29 3 2 20 31 36 37 34 35 33 30 32 39 38 10 4 15 18 17 14 22 11 19 25 7 23 27 8 24 16 13 21 
1 28 6 12 9 5 26 29 3 2 20 31 36 33 35 34 37 30 32 39 38 10 4 15 18 17 14 22 11 19 25 7 23 27 8 24 16 13 21 
0
3320 4075 
3320 4075 
3330 3787 
3332 3785 
3358 3759 
3370 3747 
3392 3725 
3392 3725 
3394 3723 
3404 3713 
3424 3693 
3426 3691 
3426 3691 
3428 3689 
3430 3687 
3452 3665 
3452 3665 
3454 3663 
3456 3661 
3458 3659 
3458 3659 
3460 3657 
3468 3649 
3474 3609 
3488 3595 
3530 3587 
3536 3547 
3538 3545 
3544 3539 
3544 3539 
3544 3539 
3546 3537 
3548 3535 
3550 3533 
3552 3531 
3568 3515 
3570 3513 
3570 3513 
3572 3511 
3574 3509 
3576 3507 
3582 3501 
3584 3499 
3590 3493 
3590 3493 
3592 3491 
3592 3491 
3598 3485 
3602 3481 
3604 3479 
3608 3475 
3608 3475 
3614 3469 
3616 3467 
3616 3467 
3624 3459 
3626 3457 
3630 3453 
3630 3453 
3636 3447 
3638 3445 
3638 3445 
3642 3441 
3642 3441 
3644 3439 
3646 3437 
3648 3435 
3650 3433 
3652 3431 
3652 3431 
3652 3431 
3652 3431 
3654 3429 
3654 3429 
3654 3429 
3662 3421 
3664 3419 
3668 3415 
3670 3413 
3672 3411 
3674 3409 
3684 3399 
3684 3399 
3684 3399 
3688 3395 
3688 3395 
3696 3387 
3698 3385 
3700 3383 
3700 3383 
3702 3381 
3712 3371 
3712 3371 
3712 3371 
3714 3369 
3732 3351 
3734 3349 
3736 3347 
3746 3337 
3750 3333 
3750 3333 
3750 3333 
3752 3331 
3756 3327 
3758 3325 
3768 3315 
3770 3313 
3772 3311 
3772 3311 
3772 3311 
3772 3311 
3772 3311 
3772 3311 
3774 3309 
3774 3309 
3776 3307 
3778 3305 
3784 3299 
3784 3299 
3788 3295 
3792 3291 
3794 3289 
3798 3285 
3800 3283 
3806 3277 
3806 3277 
3806 3277 
3808 3275 
3808 3275 
3810 3273 
3810 3273 
3812 3271 
3812 3271 
3812 3271 
3812 3271 
3814 3269 
3814 3269 
3814 3269 
3816 3267 
3818 3265 
3818 3265 
3818 3265 
3820 3263 
3828 3255 
3828 3255 
3830 3253 
3830 3253 
3830 3253 
3830 3253 
3832 3251 
3832 3251 
3832 3251 
3832 3251 
3832 3251 
3832 3251 
3836 3247 
3838 3245 
3838 3245 
3842 3241 
3846 3237 
3848 3235 
3848 3235 
3850 3233 
3852 3231 
3852 3231 
3852 3231 
3852 3231 
3852 3231 
3852 3231 
3852 3231 
3852 3231 
3854 3229 
3854 3229 
3854 3229 
3854 3229 
3854 3229 
3856 3227 
3856 3227 
3856 3227 
3856 3227 
3858 3225 
3860 3223 
3860 3223 
3862 3221 
3864 3219 
3866 3217 
3866 3217 
3868 3215 
3870 3213 
3870 3213 
3872 3211 
3872 3211 
3872 3211 
3872 3211 
3874 3209 
3876 3207 
3876 3207 
3876 3207 
3876 3207 
3878 3205 
3878 3205 
3878 3205 
3878 3205 
3878 3205 
3878 3205 
3878 3205 
3878 3205 
3878 3205 
3880 3203 
3886 3197 
3886 3197 
3886 3197 
3886 3197 
3886 3197 
3888 3195 
3888 3195 
3888 3195 
3890 3193 
3890 3193 
3890 3193 
3892 3191 
3892 3191 
3892 3191 
3892 3191 
3892 3191 
3892 3191 
3892 3191 
3892 3191 
3894 3189 
3894 3189 
3894 3189 
3894 3189 
3894 3189 
3894 3189 
3898 3185 
3898 3185 
3898 3185 
3900 3183 
3908 3175 
3912 3171 
3912 3171 
3914 3169 
3914 3169 
3914 3169 
3914 3169 
3914 3169 
3914 3169 
3914 3169 
3914 3169 
3914 3169 
3916 3167 
3916 3167 
3916 3167 
3916 3167 
3916 3167 
3916 3167 
3916 3167 
3916 3167 
3918 3165 
3918 3165 
3918 3165 
3918 3165 
3918 3165 
3918 3165 
3924 3159 
3926 3157 
3926 3157 
3928 3155 
3932 3151 
3932 3151 
3934 3149 
3934 3149 
3934 3149 
3934 3149 
3934 3149 
3934 3149 
3934 3149 
3936 3147 
3936 3147 
3938 3145 
3940 3143 
3940 3143 
3940 3143 
3940 3143 
3940 3143 
3940 3143 
3940 3143 
3942 3141 
3942 3141 
3942 3141 
3942 3141 
3942 3141 
3950 3133 
3952 3131 
3952 3131 
3952 3131 
3952 3131 
3954 3129 
3956 3127 
3956 3127 
3958 3125 
3958 3125 
3958 3125 
3958 3125 
3960 3123 
3960 3123 
3962 3121 
3962 3121 
3964 3119 
3966 3117 
3972 3111 
3972 3111 
3972 3111 
3972 3111 
3974 3109 
3974 3109 
3974 3109 
3974 3109 
3976 3107 
3976 3107 
3978 3105 
3978 3105 
3978 3105 
3978 3105 
3980 3103 
3980 3103 
3980 3103 
3980 3103 
3980 3103 
3980 3103 
3986 3097 
3986 3097 
3988 3095 
3998 3085 
3998 3085 
4002 3081 
4002 3081 
4002 3081 
4002 3081 
4004 3079 
4004 3079 
4004 3079 
4006 3077 
4006 3077 
4020 3063 
4020 3063 
4020 3063 
4020 3063 
4020 3063 
4022 3061 
4022 3061 
4028 3055 
4030 3053 
4030 3053 
4032 3051 
4034 3049 
4036 3047 
4038 3045 
4040 3043 
4040 3043 
4056 3027 
4058 3025 
4060 3023 
4066 3017 
4068 3015 
4068 3015 
4076 3007 
4076 3007 
4090 2993 
4092 2991 
4096 2987 
4100 2983 
4110 2973 
4114 2969 
4120 2963 
4122 2961 
4136 2947 
4136 2947 
4136 2947 
4138 2945 
4148 2935 
4156 2927 
4180 2923 
4182 2901 
4184 2899 
4230 2897 
4230 2897 
4230 2897 
4234 2893 
4234 2893 
4236 2891 
4236 2891 
4238 2889 
4240 2887 
4242 2885 
4242 2885 
4242 2885 
4242 2885 
4242 2885 
4244 2883 
4244 2883 
4244 2883 
4246 2881 
4246 2881 
4246 2881 
4248 2879 
4250 2877 
4252 2875 
4254 2873 
4256 2871 
4260 2867 
4264 2863 
4266 2861 
4266 2861 
4268 2859 
4270 2857 
4272 2855 
4274 2853 
4276 2851 
4280 2847 
4284 2843 
4284 2843 
4290 2837 
4290 2837 
4290 2837 
4292 2835 
4292 2835 
4294 2833 
4302 2825 
4302 2825 
4308 2819 
4308 2819 
4310 2817 
4310 2817 
4310 2817 
4312 2815 
4316 2811 
4316 2811 
4316 2811 
4322 2805 
4328 2799 
4328 2799 
4330 2797 
4330 2797 
4336 2791 
4336 2791 
4338 2789 
4338 2789 
4346 2781 
4348 2779 
4348 2779 
4354 2773 
4372 2755 
4382 2745 
4400 2727 
4418 2709 
4424 2703 
4442 2685 
4456 2671 
4462 2665 
4464 2663 
4486 2661 
4506 2641 
