1 2 6 7 10 11 15 103 21 22 29 30 31 32 33 28 23 20 12 19 24 27 16 17 18 25 26 36 37 42 41 43 46 52 53 58 57 54 51 47 44 104 40 49 45 48 50 55 56 59 105 62 63 70 69 74 75 81 73 76 80 86 79 77 72 64 67 68 71 78 82 83 84 85 91 92 96 97 101 102 93 89 90 98 99 100 95 94 88 87 66 65 61 60 39 38 35 34 14 13 4 5 9 8 106 109 112 110 111 115 114 107 108 113 3 
1 2 6 7 10 11 15 103 21 22 29 30 31 32 33 28 23 20 12 19 24 27 16 17 18 25 26 36 37 42 41 43 46 52 53 58 57 54 51 47 44 104 40 49 45 48 50 55 56 59 105 62 63 70 69 74 75 81 73 76 80 86 79 77 72 64 67 68 71 78 82 83 84 85 91 92 96 97 101 102 93 89 90 98 99 100 95 94 88 87 66 65 61 60 39 38 35 34 14 13 4 5 9 8 106 109 115 111 110 112 114 107 108 113 3 
1 2 6 7 10 11 15 103 21 22 29 30 31 32 33 28 23 20 12 19 24 27 16 17 18 25 26 36 37 42 41 43 46 52 53 58 57 54 51 47 44 104 40 49 45 48 50 55 56 59 105 62 63 70 69 74 75 81 73 76 80 86 79 77 72 64 67 68 71 78 82 83 84 85 91 92 96 97 101 102 93 89 90 98 99 100 95 94 88 87 66 65 61 60 39 38 35 34 14 13 4 5 9 8 106 109 115 107 114 112 110 111 108 113 3 
1 2 6 7 10 11 15 103 21 22 29 30 31 32 33 28 23 20 12 19 24 27 16 17 18 25 26 36 37 42 41 43 46 52 53 58 57 54 51 47 44 104 40 49 45 48 50 55 56 59 105 62 63 70 69 74 75 81 73 76 80 86 79 77 72 64 67 68 71 78 82 83 84 85 91 92 96 97 101 102 93 89 90 98 99 100 95 94 88 87 66 65 61 60 39 38 35 34 14 13 4 5 9 8 106 114 107 108 110 112 109 115 111 113 3 
1 2 6 7 10 11 15 103 21 22 29 30 31 32 33 28 23 20 12 19 24 27 16 17 18 25 26 36 37 42 41 43 46 52 53 58 57 54 51 47 44 104 40 49 45 48 50 55 56 59 105 62 63 70 69 74 75 81 73 76 80 86 79 77 72 64 67 68 71 78 82 83 84 85 91 92 96 97 101 102 93 89 90 98 99 100 95 94 88 87 66 65 61 60 39 38 35 34 14 13 4 5 9 8 106 109 115 111 110 108 107 114 112 113 3 
1 2 6 7 10 11 15 103 21 22 29 30 31 32 33 28 23 20 12 19 24 27 16 17 18 25 26 36 37 42 41 43 46 52 53 58 57 54 51 47 44 104 40 49 45 48 50 55 56 59 105 62 63 70 69 74 75 81 73 76 80 86 79 77 72 64 67 68 71 78 82 83 84 85 91 92 96 97 101 102 93 89 90 98 99 100 95 94 88 87 66 65 61 60 39 38 35 34 14 13 4 5 9 8 106 109 115 111 110 108 112 114 107 113 3 
1 2 6 7 10 11 15 103 21 22 29 30 31 32 33 28 23 20 12 19 24 27 16 17 18 25 26 36 37 42 41 43 46 52 53 58 57 54 51 47 44 104 40 49 45 48 50 55 56 59 105 62 63 70 69 74 75 81 73 76 80 86 79 77 72 64 67 68 71 78 82 83 84 85 91 92 96 97 101 102 93 89 90 98 99 100 95 94 88 87 66 65 61 60 39 38 35 34 14 13 4 5 9 8 106 109 115 111 108 110 112 114 107 113 3 
1 2 6 7 10 11 15 103 21 22 29 30 31 32 33 28 23 20 12 19 24 27 16 17 18 25 26 36 37 42 41 43 46 52 53 58 57 54 51 47 44 104 40 49 45 48 50 55 56 59 105 62 63 70 69 74 75 81 73 76 80 86 79 77 72 64 67 68 71 78 82 83 84 85 91 92 96 97 101 102 93 89 90 98 99 100 95 94 88 87 66 65 61 60 39 38 35 34 14 13 4 5 9 8 106 114 107 108 110 111 115 109 112 113 3 
1 2 6 7 10 11 15 103 21 22 29 30 31 32 33 28 23 20 12 19 24 27 16 17 18 25 26 36 37 42 41 43 46 52 53 58 57 54 51 47 44 104 40 49 45 48 50 55 56 59 105 62 63 70 69 74 75 81 73 76 80 86 79 77 72 64 67 68 71 78 82 83 84 85 91 92 96 97 101 102 93 89 90 98 99 100 95 94 88 87 66 65 61 60 39 38 35 34 14 13 4 5 9 8 106 114 107 112 109 115 111 110 108 113 3 
1 2 6 7 10 11 15 103 21 22 29 30 31 32 33 28 23 20 12 19 24 27 16 17 18 25 26 36 37 42 41 43 46 52 53 58 57 54 51 47 44 104 40 49 45 48 50 55 56 59 105 62 63 70 69 74 75 81 73 76 80 86 79 77 72 64 67 68 71 78 82 83 84 85 91 92 96 97 101 102 93 89 90 98 99 100 95 94 88 87 66 65 61 60 39 38 35 34 14 13 4 5 9 8 106 114 112 109 115 111 110 108 107 113 3 
1 2 6 7 10 11 15 103 21 22 29 30 31 32 33 28 23 20 12 19 24 27 16 17 18 25 26 36 37 42 41 43 46 52 53 58 57 54 51 47 44 104 40 49 45 48 50 55 56 59 105 62 63 70 69 74 75 81 73 76 80 86 79 77 72 64 67 68 71 78 82 83 84 85 91 92 96 97 101 102 93 89 90 98 99 100 95 94 88 87 66 65 61 60 39 38 35 34 14 13 4 5 9 8 106 114 107 109 115 111 110 112 108 113 3 
1 2 6 7 10 11 15 103 21 22 29 30 31 32 33 28 23 20 12 19 24 27 16 17 18 25 26 36 37 42 41 43 46 52 53 58 57 54 51 47 44 104 40 49 45 48 50 55 56 59 105 62 63 70 69 74 75 81 73 76 80 86 79 77 72 64 67 68 71 78 82 83 84 85 91 92 96 97 101 102 93 89 90 98 99 100 95 94 88 87 66 65 61 60 39 38 35 34 14 13 4 5 9 8 106 114 112 110 111 115 109 107 108 113 3 
1 2 6 7 10 11 15 103 21 22 29 30 31 32 33 28 23 20 12 19 24 27 16 17 18 25 26 36 37 42 41 43 46 52 53 58 57 54 51 47 44 104 40 49 45 48 50 55 56 59 105 62 63 70 69 74 75 81 73 76 80 86 79 77 72 64 67 68 71 78 82 83 84 85 91 92 96 97 101 102 93 89 90 98 99 100 95 94 88 87 66 65 61 60 39 38 35 34 14 13 4 5 9 8 106 108 107 114 112 110 111 109 115 113 3 
1 2 6 7 10 11 15 103 21 22 29 30 31 32 33 28 23 20 12 19 24 27 16 17 18 25 26 36 37 42 41 43 46 52 53 58 57 54 51 47 44 104 40 49 45 48 50 55 56 59 105 62 63 70 69 74 75 81 73 76 80 86 79 77 72 64 67 68 71 78 82 83 84 85 91 92 96 97 101 102 93 89 90 98 99 100 95 94 88 87 66 65 61 60 39 38 35 34 14 13 4 5 9 8 106 115 109 111 110 112 114 107 108 113 3 
1 2 6 7 10 11 15 103 21 22 29 30 31 32 33 28 23 20 12 19 24 27 16 17 18 25 26 36 37 42 41 43 46 52 53 58 57 54 51 47 44 104 40 49 45 48 50 55 56 59 105 62 63 70 69 74 75 81 73 76 80 86 79 77 72 64 67 68 71 78 82 83 84 85 91 92 96 97 101 102 93 89 90 98 99 100 95 94 88 87 66 65 61 60 39 38 35 34 14 13 4 5 9 8 106 114 107 109 115 111 112 110 108 113 3 
1 2 6 7 10 11 15 103 21 22 29 30 31 32 33 28 23 20 12 19 24 27 16 17 18 25 26 36 37 42 41 43 46 52 53 58 57 54 51 47 44 104 40 49 45 48 50 55 56 59 105 62 63 70 69 74 75 81 73 76 80 86 79 77 72 64 67 68 71 78 82 83 84 85 91 92 96 97 101 102 93 89 90 98 99 100 95 94 88 87 66 65 61 60 39 38 35 34 14 13 4 5 9 8 106 108 110 111 115 109 112 114 107 113 3 
1 2 6 7 10 11 15 103 21 22 29 30 31 32 33 28 23 20 12 19 24 27 16 17 18 25 26 36 37 42 41 43 46 52 53 58 57 54 51 47 44 104 40 49 45 48 50 55 56 59 105 62 63 70 69 74 75 81 73 76 80 86 79 77 72 64 67 68 71 78 82 83 84 85 91 92 96 97 101 102 93 89 90 98 99 100 95 94 88 87 66 65 61 60 39 38 35 34 14 13 4 5 9 8 106 109 115 108 107 114 112 110 111 113 3 
1 2 6 7 10 11 15 103 21 22 29 30 31 32 33 28 23 20 12 19 24 27 16 17 18 25 26 36 37 42 41 43 46 52 53 58 57 54 51 47 44 104 40 49 45 48 50 55 56 59 105 62 63 70 69 74 75 81 73 76 80 86 79 77 72 64 67 68 71 78 82 83 84 85 91 92 96 97 101 102 93 89 90 98 99 100 95 94 88 87 66 65 61 60 39 38 35 34 14 13 4 5 9 8 106 114 107 108 115 109 112 110 111 113 3 
1 2 6 7 10 11 15 103 21 22 29 30 31 32 33 28 23 20 12 19 24 27 16 17 18 25 26 36 37 42 41 43 46 52 53 58 57 54 51 47 44 104 40 49 45 48 50 55 56 59 105 62 63 70 69 74 75 81 73 76 80 86 79 77 72 64 67 68 71 78 82 83 84 85 91 92 96 97 101 102 93 89 90 98 99 100 95 94 88 87 66 65 61 60 39 38 35 34 14 13 4 5 9 8 106 109 115 108 111 110 112 114 107 113 3 
1 2 6 7 10 11 15 103 21 22 29 30 31 32 33 28 23 20 12 19 24 27 16 17 18 25 26 36 37 42 41 43 46 52 53 58 57 54 51 47 44 104 40 49 45 48 50 55 56 59 105 62 63 70 69 74 75 81 73 76 80 86 79 77 72 64 67 68 71 78 82 83 84 85 91 92 96 97 101 102 93 89 90 98 99 100 95 94 88 87 66 65 61 60 39 38 35 34 14 13 4 5 9 8 106 114 112 110 108 107 109 115 111 113 3 
1 2 6 7 10 11 15 103 21 22 29 30 31 32 33 28 23 20 12 19 24 27 16 17 18 25 26 36 37 42 41 43 46 52 53 58 57 54 51 47 44 104 40 49 45 48 50 55 56 59 105 62 63 70 69 74 75 81 73 76 80 86 79 77 72 64 67 68 71 78 82 83 84 85 91 92 96 97 101 102 93 89 90 98 99 100 95 94 88 87 66 65 61 60 39 38 35 34 14 13 4 5 9 8 106 109 111 115 110 112 114 107 108 113 3 
1 2 6 7 10 11 15 103 21 22 29 30 31 32 33 28 23 20 12 19 24 27 16 17 18 25 26 36 37 42 41 43 46 52 53 58 57 54 51 47 44 104 40 49 45 48 50 55 56 59 105 62 63 70 69 74 75 81 73 76 80 86 79 77 72 64 67 68 71 78 82 83 84 85 91 92 96 97 101 102 93 89 90 98 99 100 95 94 88 87 66 65 61 60 39 38 35 34 14 13 4 5 9 8 106 114 107 108 115 109 111 110 112 113 3 
1 2 6 7 10 11 15 103 21 22 29 30 31 32 33 28 23 20 12 19 24 27 16 17 18 25 26 36 37 42 41 43 46 52 53 58 57 54 51 47 44 104 40 49 45 48 50 55 56 59 105 62 63 70 69 74 75 81 73 76 80 86 79 77 72 64 67 68 71 78 82 83 84 85 91 92 96 97 101 102 93 89 90 98 99 100 95 94 88 87 66 65 61 60 39 38 35 34 14 13 4 5 9 8 106 114 107 112 110 111 109 115 108 113 3 
1 2 6 7 10 11 15 103 21 22 29 30 31 32 33 28 23 20 12 19 24 27 16 17 18 25 26 36 37 42 41 43 46 52 53 58 57 54 51 47 44 104 40 49 45 48 50 55 56 59 105 62 63 70 69 74 75 81 73 76 80 86 79 77 72 64 67 68 71 78 82 83 84 85 91 92 96 97 101 102 93 89 90 98 99 100 95 94 88 87 66 65 61 60 39 38 35 34 14 13 4 5 9 8 106 114 112 110 111 109 115 108 107 113 3 
1 2 6 7 10 11 15 103 21 22 29 30 31 32 33 28 23 20 12 19 24 27 16 17 18 25 26 36 37 42 41 43 46 52 53 58 57 54 51 47 44 104 40 49 45 48 50 55 56 59 105 62 63 70 69 74 75 81 73 76 80 86 79 77 72 64 67 68 71 78 82 83 84 85 91 92 96 97 101 102 93 89 90 98 99 100 95 94 88 87 66 65 61 60 39 38 35 34 14 13 4 5 9 8 106 109 111 115 108 110 112 114 107 113 3 
1 2 6 7 10 11 15 103 21 22 29 30 31 32 33 28 23 20 12 19 24 27 16 17 18 25 26 36 37 42 41 43 46 52 53 58 57 54 51 47 44 104 40 49 45 48 50 55 56 59 105 62 63 70 69 74 75 81 73 76 80 86 79 77 72 64 67 68 71 78 82 83 84 85 91 92 96 97 101 102 93 89 90 98 99 100 95 94 88 87 66 65 61 60 39 38 35 34 14 13 4 5 9 8 106 114 107 109 115 111 110 108 112 113 3 
1 2 6 7 10 11 15 103 21 22 29 30 31 32 33 28 23 20 12 19 24 27 16 17 18 25 26 36 37 42 41 43 46 52 53 58 57 54 51 47 44 104 40 49 45 48 50 55 56 59 105 62 63 70 69 74 75 81 73 76 80 86 79 77 72 64 67 68 71 78 82 83 84 85 91 92 96 97 101 102 93 89 90 98 99 100 95 94 88 87 66 65 61 60 39 38 35 34 14 13 4 5 9 8 106 114 112 107 109 115 111 110 108 113 3 
1 2 6 7 10 11 15 103 21 22 29 30 31 32 33 28 23 20 12 19 24 27 16 17 18 25 26 36 37 42 41 43 46 52 53 58 57 54 51 47 44 104 40 49 45 48 50 55 56 59 105 62 63 70 69 74 75 81 73 76 80 86 79 77 72 64 67 68 71 78 82 83 84 85 91 92 96 97 101 102 93 89 90 98 99 100 95 94 88 87 66 65 61 60 39 38 35 34 14 13 4 5 9 8 106 114 112 108 110 111 115 109 107 113 3 
1 2 6 7 10 11 15 103 21 22 29 30 31 32 33 28 23 20 12 19 24 27 16 17 18 25 26 36 37 42 41 43 46 52 53 58 57 54 51 47 44 104 40 49 45 48 50 55 56 59 105 62 63 70 69 74 75 81 73 76 80 86 79 77 72 64 67 68 71 78 82 83 84 85 91 92 96 97 101 102 93 89 90 98 99 100 95 94 88 87 66 65 61 60 39 38 35 34 14 13 4 5 9 8 106 114 107 109 115 111 108 110 112 113 3 
1 2 6 7 10 11 15 103 21 22 29 30 31 32 33 28 23 20 12 19 24 27 16 17 18 25 26 36 37 42 41 43 46 52 53 58 57 54 51 47 44 104 40 49 45 48 50 55 56 59 105 62 63 70 69 74 75 81 73 76 80 86 79 77 72 64 67 68 71 78 82 83 84 85 91 92 96 97 101 102 93 89 90 98 99 100 95 94 88 87 66 65 61 60 39 38 35 34 14 13 4 5 9 8 106 114 112 110 108 111 115 109 107 113 3 
1 2 6 7 10 11 15 103 21 22 29 30 31 32 33 28 23 20 12 19 24 27 16 17 18 25 26 36 37 42 41 43 46 52 53 58 57 54 51 47 44 104 40 49 45 48 50 55 56 59 105 62 63 70 69 74 75 81 73 76 80 86 79 77 72 64 67 68 71 78 82 83 84 85 91 92 96 97 101 102 93 89 90 98 99 100 95 94 88 87 66 65 61 60 39 38 35 34 14 13 4 5 9 8 106 110 111 115 109 112 114 107 108 113 3 
1 2 6 7 10 11 15 103 21 22 29 30 31 32 33 28 23 20 12 19 24 27 16 17 18 25 26 36 37 42 41 43 46 52 53 58 57 54 51 47 44 104 40 49 45 48 50 55 56 59 105 62 63 70 69 74 75 81 73 76 80 86 79 77 72 64 67 68 71 78 82 83 84 85 91 92 96 97 101 102 93 89 90 98 99 100 95 94 88 87 66 65 61 60 39 38 35 34 14 13 4 5 9 8 106 109 107 114 112 110 111 115 108 113 3 
1 2 6 7 10 11 15 103 21 22 29 30 31 32 33 28 23 20 12 19 24 27 16 17 18 25 26 36 37 42 41 43 46 52 53 58 57 54 51 47 44 104 40 49 45 48 50 55 56 59 105 62 63 70 69 74 75 81 73 76 80 86 79 77 72 64 67 68 71 78 82 83 84 85 91 92 96 97 101 102 93 89 90 98 99 100 95 94 88 87 66 65 61 60 39 38 35 34 14 13 4 5 9 8 106 109 115 110 111 112 114 107 108 113 3 
1 2 6 7 10 11 15 103 21 22 29 30 31 32 33 28 23 20 12 19 24 27 16 17 18 25 26 36 37 42 41 43 46 52 53 58 57 54 51 47 44 104 40 49 45 48 50 55 56 59 105 62 63 70 69 74 75 81 73 76 80 86 79 77 72 64 67 68 71 78 82 83 84 85 91 92 96 97 101 102 93 89 90 98 99 100 95 94 88 87 66 65 61 60 39 38 35 34 14 13 4 5 9 8 106 114 107 109 112 110 111 115 108 113 3 
1 2 6 7 10 11 15 103 21 22 29 30 31 32 33 28 23 20 12 19 24 27 16 17 18 25 26 36 37 42 41 43 46 52 53 58 57 54 51 47 44 104 40 49 45 48 50 55 56 59 105 62 63 70 69 74 75 81 73 76 80 86 79 77 72 64 67 68 71 78 82 83 84 85 91 92 96 97 101 102 93 89 90 98 99 100 95 94 88 87 66 65 61 60 39 38 35 34 14 13 4 5 9 8 106 109 115 108 110 111 112 114 107 113 3 
1 2 6 7 10 11 15 103 21 22 29 30 31 32 33 28 23 20 12 19 24 27 16 17 18 25 26 36 37 42 41 43 46 52 53 58 57 54 51 47 44 104 40 49 45 48 50 55 56 59 105 62 63 70 69 74 75 81 73 76 80 86 79 77 72 64 67 68 71 78 82 83 84 85 91 92 96 97 101 102 93 89 90 98 99 100 95 94 88 87 66 65 61 60 39 38 35 34 14 13 4 5 9 8 106 115 109 112 114 107 108 110 111 113 3 
1 2 6 7 10 11 15 103 21 22 29 30 31 32 33 28 23 20 12 19 24 27 16 17 18 25 26 36 37 42 41 43 46 52 53 58 57 54 51 47 44 104 40 49 45 48 50 55 56 59 105 62 63 70 69 74 75 81 73 76 80 86 79 77 72 64 67 68 71 78 82 83 84 85 91 92 96 97 101 102 93 89 90 98 99 100 95 94 88 87 66 65 61 60 39 38 35 34 14 13 4 5 9 8 106 115 109 111 110 108 107 114 112 113 3 
1 2 6 7 10 11 15 103 21 22 29 30 31 32 33 28 23 20 12 19 24 27 16 17 18 25 26 36 37 42 41 43 46 52 53 58 57 54 51 47 44 104 40 49 45 48 50 55 56 59 105 62 63 70 69 74 75 81 73 76 80 86 79 77 72 64 67 68 71 78 82 83 84 85 91 92 96 97 101 102 93 89 90 98 99 100 95 94 88 87 66 65 61 60 39 38 35 34 14 13 4 5 9 8 106 115 109 111 110 108 112 114 107 113 3 
1 2 6 7 10 11 15 103 21 22 29 30 31 32 33 28 23 20 12 19 24 27 16 17 18 25 26 36 37 42 41 43 46 52 53 58 57 54 51 47 44 104 40 49 45 48 50 55 56 59 105 62 63 70 69 74 75 81 73 76 80 86 79 77 72 64 67 68 71 78 82 83 84 85 91 92 96 97 101 102 93 89 90 98 99 100 95 94 88 87 66 65 61 60 39 38 35 34 14 13 4 5 9 8 106 108 110 112 114 107 109 115 111 113 3 
1 2 6 7 10 11 15 103 21 22 29 30 31 32 33 28 23 20 12 19 24 27 16 17 18 25 26 36 37 42 41 43 46 52 53 58 57 54 51 47 44 104 40 49 45 48 50 55 56 59 105 62 63 70 69 74 75 81 73 76 80 86 79 77 72 64 67 68 71 78 82 83 84 85 91 92 96 97 101 102 93 89 90 98 99 100 95 94 88 87 66 65 61 60 39 38 35 34 14 13 4 5 9 8 106 115 109 111 108 110 112 114 107 113 3 
1 2 6 7 10 11 15 103 21 22 29 30 31 32 33 28 23 20 12 19 24 27 16 17 18 25 26 36 37 42 41 43 46 52 53 58 57 54 51 47 44 104 40 49 45 48 50 55 56 59 105 62 63 70 69 74 75 81 73 76 80 86 79 77 72 64 67 68 71 78 82 83 84 85 91 92 96 97 101 102 93 89 90 98 99 100 95 94 88 87 66 65 61 60 39 38 35 34 14 13 4 5 9 8 106 109 115 110 112 114 107 108 111 113 3 
1 2 6 7 10 11 15 103 21 22 29 30 31 32 33 28 23 20 12 19 24 27 16 17 18 25 26 36 37 42 41 43 46 52 53 58 57 54 51 47 44 104 40 49 45 48 50 55 56 59 105 62 63 70 69 74 75 81 73 76 80 86 79 77 72 64 67 68 71 78 82 83 84 85 91 92 96 97 101 102 93 89 90 98 99 100 95 94 88 87 66 65 61 60 39 38 35 34 14 13 4 5 9 8 106 108 115 109 111 110 112 114 107 113 3 
1 2 6 7 10 11 15 103 21 22 29 30 31 32 33 28 23 20 12 19 24 27 16 17 18 25 26 36 37 42 41 43 46 52 53 58 57 54 51 47 44 104 40 49 45 48 50 55 56 59 105 62 63 70 69 74 75 81 73 76 80 86 79 77 72 64 67 68 71 78 82 83 84 85 91 92 96 97 101 102 93 89 90 98 99 100 95 94 88 87 66 65 61 60 39 38 35 34 14 13 4 5 9 8 106 115 109 107 114 112 110 111 108 113 3 
1 2 6 7 10 11 15 103 21 22 29 30 31 32 33 28 23 20 12 19 24 27 16 17 18 25 26 36 37 42 41 43 46 52 53 58 57 54 51 47 44 104 40 49 45 48 50 55 56 59 105 62 63 70 69 74 75 81 73 76 80 86 79 77 72 64 67 68 71 78 82 83 84 85 91 92 96 97 101 102 93 89 90 98 99 100 95 94 88 87 66 65 61 60 39 38 35 34 14 13 4 5 9 8 106 108 110 111 115 109 107 114 112 113 3 
1 2 6 7 10 11 15 103 21 22 29 30 31 32 33 28 23 20 12 19 24 27 16 17 18 25 26 36 37 42 41 43 46 52 53 58 57 54 51 47 44 104 40 49 45 48 50 55 56 59 105 62 63 70 69 74 75 81 73 76 80 86 79 77 72 64 67 68 71 78 82 83 84 85 91 92 96 97 101 102 93 89 90 98 99 100 95 94 88 87 66 65 61 60 39 38 35 34 14 13 4 5 9 8 106 114 107 108 112 109 115 110 111 113 3 
1 2 6 7 10 11 15 103 21 22 29 30 31 32 33 28 23 20 12 19 24 27 16 17 18 25 26 36 37 42 41 43 46 52 53 58 57 54 51 47 44 104 40 49 45 48 50 55 56 59 105 62 63 70 69 74 75 81 73 76 80 86 79 77 72 64 67 68 71 78 82 83 84 85 91 92 96 97 101 102 93 89 90 98 99 100 95 94 88 87 66 65 61 60 39 38 35 34 14 13 4 5 9 8 106 114 107 108 112 110 115 109 111 113 3 
1 2 6 7 10 11 15 103 21 22 29 30 31 32 33 28 23 20 12 19 24 27 16 17 18 25 26 36 37 42 41 43 46 52 53 58 57 54 51 47 44 104 40 49 45 48 50 55 56 59 105 62 63 70 69 74 75 81 73 76 80 86 79 77 72 64 67 68 71 78 82 83 84 85 91 92 96 97 101 102 93 89 90 98 99 100 95 94 88 87 66 65 61 60 39 38 35 34 14 13 4 5 9 8 106 114 107 108 109 115 111 110 112 113 3 
1 2 6 7 10 11 15 103 21 22 29 30 31 32 33 28 23 20 12 19 24 27 16 17 18 25 26 36 37 42 41 43 46 52 53 58 57 54 51 47 44 104 40 49 45 48 50 55 56 59 105 62 63 70 69 74 75 81 73 76 80 86 79 77 72 64 67 68 71 78 82 83 84 85 91 92 96 97 101 102 93 89 90 98 99 100 95 94 88 87 66 65 61 60 39 38 35 34 14 13 4 5 9 8 106 114 107 112 110 111 115 109 108 113 3 
1 2 6 7 10 11 15 103 21 22 29 30 31 32 33 28 23 20 12 19 24 27 16 17 18 25 26 36 37 42 41 43 46 52 53 58 57 54 51 47 44 104 40 49 45 48 50 55 56 59 105 62 63 70 69 74 75 81 73 76 80 86 79 77 72 64 67 68 71 78 82 83 84 85 91 92 96 97 101 102 93 89 90 98 99 100 95 94 88 87 66 65 61 60 39 38 35 34 14 13 4 5 9 8 106 114 112 110 111 115 109 108 107 113 3 
1 2 6 7 10 11 15 103 21 22 29 30 31 32 33 28 23 20 12 19 24 27 16 17 18 25 26 36 37 42 41 43 46 52 53 58 57 54 51 47 44 104 40 49 45 48 50 55 56 59 105 62 63 70 69 74 75 81 73 76 80 86 79 77 72 64 67 68 71 78 82 83 84 85 91 92 96 97 101 102 93 89 90 98 99 100 95 94 88 87 66 65 61 60 39 38 35 34 14 13 4 5 9 8 106 109 112 114 107 108 110 115 111 113 3 
1 2 6 7 10 11 15 103 21 22 29 30 31 32 33 28 23 20 12 19 24 27 16 17 18 25 26 36 37 42 41 43 46 52 53 58 57 54 51 47 44 104 40 49 45 48 50 55 56 59 105 62 63 70 69 74 75 81 73 76 80 86 79 77 72 64 67 68 71 78 82 83 84 85 91 92 96 97 101 102 93 89 90 98 99 100 95 94 88 87 66 65 61 60 39 38 35 34 14 13 4 5 9 8 106 109 115 110 111 108 107 114 112 113 3 
1 2 6 7 10 11 15 103 21 22 29 30 31 32 33 28 23 20 12 19 24 27 16 17 18 25 26 36 37 42 41 43 46 52 53 58 57 54 51 47 44 104 40 49 45 48 50 55 56 59 105 62 63 70 69 74 75 81 73 76 80 86 79 77 72 64 67 68 71 78 82 83 84 85 91 92 96 97 101 102 93 89 90 98 99 100 95 94 88 87 66 65 61 60 39 38 35 34 14 13 4 5 9 8 106 109 115 110 111 108 112 114 107 113 3 
1 2 6 7 10 11 15 103 21 22 29 30 31 32 33 28 23 20 12 19 24 27 16 17 18 25 26 36 37 42 41 43 46 52 53 58 57 54 51 47 44 104 40 49 45 48 50 55 56 59 105 62 63 70 69 74 75 81 73 76 80 86 79 77 72 64 67 68 71 78 82 83 84 85 91 92 96 97 101 102 93 89 90 98 99 100 95 94 88 87 66 65 61 60 39 38 35 34 14 13 4 5 9 8 106 114 107 112 109 115 108 110 111 113 3 
1 2 6 7 10 11 15 103 21 22 29 30 31 32 33 28 23 20 12 19 24 27 16 17 18 25 26 36 37 42 41 43 46 52 53 58 57 54 51 47 44 104 40 49 45 48 50 55 56 59 105 62 63 70 69 74 75 81 73 76 80 86 79 77 72 64 67 68 71 78 82 83 84 85 91 92 96 97 101 102 93 89 90 98 99 100 95 94 88 87 66 65 61 60 39 38 35 34 14 13 4 5 9 8 106 114 107 112 110 108 115 109 111 113 3 
1 2 6 7 10 11 15 103 21 22 29 30 31 32 33 28 23 20 12 19 24 27 16 17 18 25 26 36 37 42 41 43 46 52 53 58 57 54 51 47 44 104 40 49 45 48 50 55 56 59 105 62 63 70 69 74 75 81 73 76 80 86 79 77 72 64 67 68 71 78 82 83 84 85 91 92 96 97 101 102 93 89 90 98 99 100 95 94 88 87 66 65 61 60 39 38 35 34 14 13 4 5 9 8 106 115 111 109 107 114 112 110 108 113 3 
1 2 6 7 10 11 15 103 21 22 29 30 31 32 33 28 23 20 12 19 24 27 16 17 18 25 26 36 37 42 41 43 46 52 53 58 57 54 51 47 44 104 40 49 45 48 50 55 56 59 105 62 63 70 69 74 75 81 73 76 80 86 79 77 72 64 67 68 71 78 82 83 84 85 91 92 96 97 101 102 93 89 90 98 99 100 95 94 88 87 66 65 61 60 39 38 35 34 14 13 4 5 9 8 106 114 107 109 115 108 112 110 111 113 3 
1 2 6 7 10 11 15 103 21 22 29 30 31 32 33 28 23 20 12 19 24 27 16 17 18 25 26 36 37 42 41 43 46 52 53 58 57 54 51 47 44 104 40 49 45 48 50 55 56 59 105 62 63 70 69 74 75 81 73 76 80 86 79 77 72 64 67 68 71 78 82 83 84 85 91 92 96 97 101 102 93 89 90 98 99 100 95 94 88 87 66 65 61 60 39 38 35 34 14 13 4 5 9 8 106 114 107 108 111 109 115 110 112 113 3 
1 2 6 7 10 11 15 103 21 22 29 30 31 32 33 28 23 20 12 19 24 27 16 17 18 25 26 36 37 42 41 43 46 52 53 58 57 54 51 47 44 104 40 49 45 48 50 55 56 59 105 62 63 70 69 74 75 81 73 76 80 86 79 77 72 64 67 68 71 78 82 83 84 85 91 92 96 97 101 102 93 89 90 98 99 100 95 94 88 87 66 65 61 60 39 38 35 34 14 13 4 5 9 8 106 114 107 108 111 110 115 109 112 113 3 
1 2 6 7 10 11 15 103 21 22 29 30 31 32 33 28 23 20 12 19 24 27 16 17 18 25 26 36 37 42 41 43 46 52 53 58 57 54 51 47 44 104 40 49 45 48 50 55 56 59 105 62 63 70 69 74 75 81 73 76 80 86 79 77 72 64 67 68 71 78 82 83 84 85 91 92 96 97 101 102 93 89 90 98 99 100 95 94 88 87 66 65 61 60 39 38 35 34 14 13 4 5 9 8 106 114 107 112 109 115 110 111 108 113 3 
1 2 6 7 10 11 15 103 21 22 29 30 31 32 33 28 23 20 12 19 24 27 16 17 18 25 26 36 37 42 41 43 46 52 53 58 57 54 51 47 44 104 40 49 45 48 50 55 56 59 105 62 63 70 69 74 75 81 73 76 80 86 79 77 72 64 67 68 71 78 82 83 84 85 91 92 96 97 101 102 93 89 90 98 99 100 95 94 88 87 66 65 61 60 39 38 35 34 14 13 4 5 9 8 106 114 107 112 110 115 109 111 108 113 3 
1 2 6 7 10 11 15 103 21 22 29 30 31 32 33 28 23 20 12 19 24 27 16 17 18 25 26 36 37 42 41 43 46 52 53 58 57 54 51 47 44 104 40 49 45 48 50 55 56 59 105 62 63 70 69 74 75 81 73 76 80 86 79 77 72 64 67 68 71 78 82 83 84 85 91 92 96 97 101 102 93 89 90 98 99 100 95 94 88 87 66 65 61 60 39 38 35 34 14 13 4 5 9 8 106 114 112 109 115 110 111 108 107 113 3 
1 2 6 7 10 11 15 103 21 22 29 30 31 32 33 28 23 20 12 19 24 27 16 17 18 25 26 36 37 42 41 43 46 52 53 58 57 54 51 47 44 104 40 49 45 48 50 55 56 59 105 62 63 70 69 74 75 81 73 76 80 86 79 77 72 64 67 68 71 78 82 83 84 85 91 92 96 97 101 102 93 89 90 98 99 100 95 94 88 87 66 65 61 60 39 38 35 34 14 13 4 5 9 8 106 114 112 110 115 109 111 108 107 113 3 
1 2 6 7 10 11 15 103 21 22 29 30 31 32 33 28 23 20 12 19 24 27 16 17 18 25 26 36 37 42 41 43 46 52 53 58 57 54 51 47 44 104 40 49 45 48 50 55 56 59 105 62 63 70 69 74 75 81 73 76 80 86 79 77 72 64 67 68 71 78 82 83 84 85 91 92 96 97 101 102 93 89 90 98 99 100 95 94 88 87 66 65 61 60 39 38 35 34 14 13 4 5 9 8 106 109 111 115 110 108 107 114 112 113 3 
1 2 6 7 10 11 15 103 21 22 29 30 31 32 33 28 23 20 12 19 24 27 16 17 18 25 26 36 37 42 41 43 46 52 53 58 57 54 51 47 44 104 40 49 45 48 50 55 56 59 105 62 63 70 69 74 75 81 73 76 80 86 79 77 72 64 67 68 71 78 82 83 84 85 91 92 96 97 101 102 93 89 90 98 99 100 95 94 88 87 66 65 61 60 39 38 35 34 14 13 4 5 9 8 106 109 111 115 110 108 112 114 107 113 3 
1 2 6 7 10 11 15 103 21 22 29 30 31 32 33 28 23 20 12 19 24 27 16 17 18 25 26 36 37 42 41 43 46 52 53 58 57 54 51 47 44 104 40 49 45 48 50 55 56 59 105 62 63 70 69 74 75 81 73 76 80 86 79 77 72 64 67 68 71 78 82 83 84 85 91 92 96 97 101 102 93 89 90 98 99 100 95 94 88 87 66 65 61 60 39 38 35 34 14 13 4 5 9 8 106 110 108 107 114 112 109 115 111 113 3 
1 2 6 7 10 11 15 103 21 22 29 30 31 32 33 28 23 20 12 19 24 27 16 17 18 25 26 36 37 42 41 43 46 52 53 58 57 54 51 47 44 104 40 49 45 48 50 55 56 59 105 62 63 70 69 74 75 81 73 76 80 86 79 77 72 64 67 68 71 78 82 83 84 85 91 92 96 97 101 102 93 89 90 98 99 100 95 94 88 87 66 65 61 60 39 38 35 34 14 13 4 5 9 8 106 109 107 114 112 110 108 115 111 113 3 
1 2 6 7 10 11 15 103 21 22 29 30 31 32 33 28 23 20 12 19 24 27 16 17 18 25 26 36 37 42 41 43 46 52 53 58 57 54 51 47 44 104 40 49 45 48 50 55 56 59 105 62 63 70 69 74 75 81 73 76 80 86 79 77 72 64 67 68 71 78 82 83 84 85 91 92 96 97 101 102 93 89 90 98 99 100 95 94 88 87 66 65 61 60 39 38 35 34 14 13 4 5 9 8 106 109 115 110 108 107 114 112 111 113 3 
1 2 6 7 10 11 15 103 21 22 29 30 31 32 33 28 23 20 12 19 24 27 16 17 18 25 26 36 37 42 41 43 46 52 53 58 57 54 51 47 44 104 40 49 45 48 50 55 56 59 105 62 63 70 69 74 75 81 73 76 80 86 79 77 72 64 67 68 71 78 82 83 84 85 91 92 96 97 101 102 93 89 90 98 99 100 95 94 88 87 66 65 61 60 39 38 35 34 14 13 4 5 9 8 106 114 107 108 110 115 111 109 112 113 3 
1 2 6 7 10 11 15 103 21 22 29 30 31 32 33 28 23 20 12 19 24 27 16 17 18 25 26 36 37 42 41 43 46 52 53 58 57 54 51 47 44 104 40 49 45 48 50 55 56 59 105 62 63 70 69 74 75 81 73 76 80 86 79 77 72 64 67 68 71 78 82 83 84 85 91 92 96 97 101 102 93 89 90 98 99 100 95 94 88 87 66 65 61 60 39 38 35 34 14 13 4 5 9 8 106 114 107 112 109 111 115 110 108 113 3 
1 2 6 7 10 11 15 103 21 22 29 30 31 32 33 28 23 20 12 19 24 27 16 17 18 25 26 36 37 42 41 43 46 52 53 58 57 54 51 47 44 104 40 49 45 48 50 55 56 59 105 62 63 70 69 74 75 81 73 76 80 86 79 77 72 64 67 68 71 78 82 83 84 85 91 92 96 97 101 102 93 89 90 98 99 100 95 94 88 87 66 65 61 60 39 38 35 34 14 13 4 5 9 8 106 114 112 109 111 115 110 108 107 113 3 
1 2 6 7 10 11 15 103 21 22 29 30 31 32 33 28 23 20 12 19 24 27 16 17 18 25 26 36 37 42 41 43 46 52 53 58 57 54 51 47 44 104 40 49 45 48 50 55 56 59 105 62 63 70 69 74 75 81 73 76 80 86 79 77 72 64 67 68 71 78 82 83 84 85 91 92 96 97 101 102 93 89 90 98 99 100 95 94 88 87 66 65 61 60 39 38 35 34 14 13 4 5 9 8 106 109 107 114 112 110 115 111 108 113 3 
1 2 6 7 10 11 15 103 21 22 29 30 31 32 33 28 23 20 12 19 24 27 16 17 18 25 26 36 37 42 41 43 46 52 53 58 57 54 51 47 44 104 40 49 45 48 50 55 56 59 105 62 63 70 69 74 75 81 73 76 80 86 79 77 72 64 67 68 71 78 82 83 84 85 91 92 96 97 101 102 93 89 90 98 99 100 95 94 88 87 66 65 61 60 39 38 35 34 14 13 4 5 9 8 106 114 107 109 112 110 108 115 111 113 3 
1 2 6 7 10 11 15 103 21 22 29 30 31 32 33 28 23 20 12 19 24 27 16 17 18 25 26 36 37 42 41 43 46 52 53 58 57 54 51 47 44 104 40 49 45 48 50 55 56 59 105 62 63 70 69 74 75 81 73 76 80 86 79 77 72 64 67 68 71 78 82 83 84 85 91 92 96 97 101 102 93 89 90 98 99 100 95 94 88 87 66 65 61 60 39 38 35 34 14 13 4 5 9 8 106 115 109 107 114 112 111 110 108 113 3 
1 2 6 7 10 11 15 103 21 22 29 30 31 32 33 28 23 20 12 19 24 27 16 17 18 25 26 36 37 42 41 43 46 52 53 58 57 54 51 47 44 104 40 49 45 48 50 55 56 59 105 62 63 70 69 74 75 81 73 76 80 86 79 77 72 64 67 68 71 78 82 83 84 85 91 92 96 97 101 102 93 89 90 98 99 100 95 94 88 87 66 65 61 60 39 38 35 34 14 13 4 5 9 8 106 114 107 109 115 108 111 110 112 113 3 
1 2 6 7 10 11 15 103 21 22 29 30 31 32 33 28 23 20 12 19 24 27 16 17 18 25 26 36 37 42 41 43 46 52 53 58 57 54 51 47 44 104 40 49 45 48 50 55 56 59 105 62 63 70 69 74 75 81 73 76 80 86 79 77 72 64 67 68 71 78 82 83 84 85 91 92 96 97 101 102 93 89 90 98 99 100 95 94 88 87 66 65 61 60 39 38 35 34 14 13 4 5 9 8 106 114 112 110 111 108 115 109 107 113 3 
1 2 6 7 10 11 15 103 21 22 29 30 31 32 33 28 23 20 12 19 24 27 16 17 18 25 26 36 37 42 41 43 46 52 53 58 57 54 51 47 44 104 40 49 45 48 50 55 56 59 105 62 63 70 69 74 75 81 73 76 80 86 79 77 72 64 67 68 71 78 82 83 84 85 91 92 96 97 101 102 93 89 90 98 99 100 95 94 88 87 66 65 61 60 39 38 35 34 14 13 4 5 9 8 106 110 108 111 115 109 112 114 107 113 3 
1 2 6 7 10 11 15 103 21 22 29 30 31 32 33 28 23 20 12 19 24 27 16 17 18 25 26 36 37 42 41 43 46 52 53 58 57 54 51 47 44 104 40 49 45 48 50 55 56 59 105 62 63 70 69 74 75 81 73 76 80 86 79 77 72 64 67 68 71 78 82 83 84 85 91 92 96 97 101 102 93 89 90 98 99 100 95 94 88 87 66 65 61 60 39 38 35 34 14 13 4 5 9 8 106 114 107 108 110 115 109 112 111 113 3 
1 2 6 7 10 11 15 103 21 22 29 30 31 32 33 28 23 20 12 19 24 27 16 17 18 25 26 36 37 42 41 43 46 52 53 58 57 54 51 47 44 104 40 49 45 48 50 55 56 59 105 62 63 70 69 74 75 81 73 76 80 86 79 77 72 64 67 68 71 78 82 83 84 85 91 92 96 97 101 102 93 89 90 98 99 100 95 94 88 87 66 65 61 60 39 38 35 34 14 13 4 5 9 8 106 114 107 109 111 115 110 112 108 113 3 
1 2 6 7 10 11 15 103 21 22 29 30 31 32 33 28 23 20 12 19 24 27 16 17 18 25 26 36 37 42 41 43 46 52 53 58 57 54 51 47 44 104 40 49 45 48 50 55 56 59 105 62 63 70 69 74 75 81 73 76 80 86 79 77 72 64 67 68 71 78 82 83 84 85 91 92 96 97 101 102 93 89 90 98 99 100 95 94 88 87 66 65 61 60 39 38 35 34 14 13 4 5 9 8 106 114 112 110 115 111 109 107 108 113 3 
1 2 6 7 10 11 15 103 21 22 29 30 31 32 33 28 23 20 12 19 24 27 16 17 18 25 26 36 37 42 41 43 46 52 53 58 57 54 51 47 44 104 40 49 45 48 50 55 56 59 105 62 63 70 69 74 75 81 73 76 80 86 79 77 72 64 67 68 71 78 82 83 84 85 91 92 96 97 101 102 93 89 90 98 99 100 95 94 88 87 66 65 61 60 39 38 35 34 14 13 4 5 9 8 106 110 111 115 109 107 114 112 108 113 3 
1 2 6 7 10 11 15 103 21 22 29 30 31 32 33 28 23 20 12 19 24 27 16 17 18 25 26 36 37 42 41 43 46 52 53 58 57 54 51 47 44 104 40 49 45 48 50 55 56 59 105 62 63 70 69 74 75 81 73 76 80 86 79 77 72 64 67 68 71 78 82 83 84 85 91 92 96 97 101 102 93 89 90 98 99 100 95 94 88 87 66 65 61 60 39 38 35 34 14 13 4 5 9 8 106 114 107 109 112 110 115 111 108 113 3 
1 2 6 7 10 11 15 103 21 22 29 30 31 32 33 28 23 20 12 19 24 27 16 17 18 25 26 36 37 42 41 43 46 52 53 58 57 54 51 47 44 104 40 49 45 48 50 55 56 59 105 62 63 70 69 74 75 81 73 76 80 86 79 77 72 64 67 68 71 78 82 83 84 85 91 92 96 97 101 102 93 89 90 98 99 100 95 94 88 87 66 65 61 60 39 38 35 34 14 13 4 5 9 8 106 109 115 110 108 111 112 114 107 113 3 
1 2 6 7 10 11 15 103 21 22 29 30 31 32 33 28 23 20 12 19 24 27 16 17 18 25 26 36 37 42 41 43 46 52 53 58 57 54 51 47 44 104 40 49 45 48 50 55 56 59 105 62 63 70 69 74 75 81 73 76 80 86 79 77 72 64 67 68 71 78 82 83 84 85 91 92 96 97 101 102 93 89 90 98 99 100 95 94 88 87 66 65 61 60 39 38 35 34 14 13 4 5 9 8 106 110 112 114 107 109 115 111 108 113 3 
1 2 6 7 10 11 15 103 21 22 29 30 31 32 33 28 23 20 12 19 24 27 16 17 18 25 26 36 37 42 41 43 46 52 53 58 57 54 51 47 44 104 40 49 45 48 50 55 56 59 105 62 63 70 69 74 75 81 73 76 80 86 79 77 72 64 67 68 71 78 82 83 84 85 91 92 96 97 101 102 93 89 90 98 99 100 95 94 88 87 66 65 61 60 39 38 35 34 14 13 4 5 9 8 106 114 107 109 111 115 108 110 112 113 3 
1 2 6 7 10 11 15 103 21 22 29 30 31 32 33 28 23 20 12 19 24 27 16 17 18 25 26 36 37 42 41 43 46 52 53 58 57 54 51 47 44 104 40 49 45 48 50 55 56 59 105 62 63 70 69 74 75 81 73 76 80 86 79 77 72 64 67 68 71 78 82 83 84 85 91 92 96 97 101 102 93 89 90 98 99 100 95 94 88 87 66 65 61 60 39 38 35 34 14 13 4 5 9 8 106 114 112 110 108 115 111 109 107 113 3 
1 2 6 7 10 11 15 103 21 22 29 30 31 32 33 28 23 20 12 19 24 27 16 17 18 25 26 36 37 42 41 43 46 52 53 58 57 54 51 47 44 104 40 49 45 48 50 55 56 59 105 62 63 70 69 74 75 81 73 76 80 86 79 77 72 64 67 68 71 78 82 83 84 85 91 92 96 97 101 102 93 89 90 98 99 100 95 94 88 87 66 65 61 60 39 38 35 34 14 13 4 5 9 8 106 108 107 114 112 109 115 110 111 113 3 
1 2 6 7 10 11 15 103 21 22 29 30 31 32 33 28 23 20 12 19 24 27 16 17 18 25 26 36 37 42 41 43 46 52 53 58 57 54 51 47 44 104 40 49 45 48 50 55 56 59 105 62 63 70 69 74 75 81 73 76 80 86 79 77 72 64 67 68 71 78 82 83 84 85 91 92 96 97 101 102 93 89 90 98 99 100 95 94 88 87 66 65 61 60 39 38 35 34 14 13 4 5 9 8 106 108 107 114 112 110 115 109 111 113 3 
1 2 6 7 10 11 15 103 21 22 29 30 31 32 33 28 23 20 12 19 24 27 16 17 18 25 26 36 37 42 41 43 46 52 53 58 57 54 51 47 44 104 40 49 45 48 50 55 56 59 105 62 63 70 69 74 75 81 73 76 80 86 79 77 72 64 67 68 71 78 82 83 84 85 91 92 96 97 101 102 93 89 90 98 99 100 95 94 88 87 66 65 61 60 39 38 35 34 14 13 4 5 9 8 106 114 107 108 110 115 109 111 112 113 3 
1 2 6 7 10 11 15 103 21 22 29 30 31 32 33 28 23 20 12 19 24 27 16 17 18 25 26 36 37 42 41 43 46 52 53 58 57 54 51 47 44 104 40 49 45 48 50 55 56 59 105 62 63 70 69 74 75 81 73 76 80 86 79 77 72 64 67 68 71 78 82 83 84 85 91 92 96 97 101 102 93 89 90 98 99 100 95 94 88 87 66 65 61 60 39 38 35 34 14 13 4 5 9 8 106 114 107 112 111 109 115 110 108 113 3 
1 2 6 7 10 11 15 103 21 22 29 30 31 32 33 28 23 20 12 19 24 27 16 17 18 25 26 36 37 42 41 43 46 52 53 58 57 54 51 47 44 104 40 49 45 48 50 55 56 59 105 62 63 70 69 74 75 81 73 76 80 86 79 77 72 64 67 68 71 78 82 83 84 85 91 92 96 97 101 102 93 89 90 98 99 100 95 94 88 87 66 65 61 60 39 38 35 34 14 13 4 5 9 8 106 114 112 111 109 115 110 108 107 113 3 
1 2 6 7 10 11 15 103 21 22 29 30 31 32 33 28 23 20 12 19 24 27 16 17 18 25 26 36 37 42 41 43 46 52 53 58 57 54 51 47 44 104 40 49 45 48 50 55 56 59 105 62 63 70 69 74 75 81 73 76 80 86 79 77 72 64 67 68 71 78 82 83 84 85 91 92 96 97 101 102 93 89 90 98 99 100 95 94 88 87 66 65 61 60 39 38 35 34 14 13 4 5 9 8 106 114 107 109 115 108 110 112 111 113 3 
1 2 6 7 10 11 15 103 21 22 29 30 31 32 33 28 23 20 12 19 24 27 16 17 18 25 26 36 37 42 41 43 46 52 53 58 57 54 51 47 44 104 40 49 45 48 50 55 56 59 105 62 63 70 69 74 75 81 73 76 80 86 79 77 72 64 67 68 71 78 82 83 84 85 91 92 96 97 101 102 93 89 90 98 99 100 95 94 88 87 66 65 61 60 39 38 35 34 14 13 4 5 9 8 106 108 109 115 111 110 112 114 107 113 3 
1 2 6 7 10 11 15 103 21 22 29 30 31 32 33 28 23 20 12 19 24 27 16 17 18 25 26 36 37 42 41 43 46 52 53 58 57 54 51 47 44 104 40 49 45 48 50 55 56 59 105 62 63 70 69 74 75 81 73 76 80 86 79 77 72 64 67 68 71 78 82 83 84 85 91 92 96 97 101 102 93 89 90 98 99 100 95 94 88 87 66 65 61 60 39 38 35 34 14 13 4 5 9 8 106 115 109 107 114 112 108 110 111 113 3 
1 2 6 7 10 11 15 103 21 22 29 30 31 32 33 28 23 20 12 19 24 27 16 17 18 25 26 36 37 42 41 43 46 52 53 58 57 54 51 47 44 104 40 49 45 48 50 55 56 59 105 62 63 70 69 74 75 81 73 76 80 86 79 77 72 64 67 68 71 78 82 83 84 85 91 92 96 97 101 102 93 89 90 98 99 100 95 94 88 87 66 65 61 60 39 38 35 34 14 13 4 5 9 8 106 114 107 109 115 110 111 112 108 113 3 
1 2 6 7 10 11 15 103 21 22 29 30 31 32 33 28 23 20 12 19 24 27 16 17 18 25 26 36 37 42 41 43 46 52 53 58 57 54 51 47 44 104 40 49 45 48 50 55 56 59 105 62 63 70 69 74 75 81 73 76 80 86 79 77 72 64 67 68 71 78 82 83 84 85 91 92 96 97 101 102 93 89 90 98 99 100 95 94 88 87 66 65 61 60 39 38 35 34 14 13 4 5 9 8 106 114 112 111 110 115 109 107 108 113 3 
1 2 6 7 10 11 15 103 21 22 29 30 31 32 33 28 23 20 12 19 24 27 16 17 18 25 26 36 37 42 41 43 46 52 53 58 57 54 51 47 44 104 40 49 45 48 50 55 56 59 105 62 63 70 69 74 75 81 73 76 80 86 79 77 72 64 67 68 71 78 82 83 84 85 91 92 96 97 101 102 93 89 90 98 99 100 95 94 88 87 66 65 61 60 39 38 35 34 14 13 4 5 9 8 106 115 109 107 114 112 110 108 111 113 3 
1 2 6 7 10 11 15 103 21 22 29 30 31 32 33 28 23 20 12 19 24 27 16 17 18 25 26 36 37 42 41 43 46 52 53 58 57 54 51 47 44 104 40 49 45 48 50 55 56 59 105 62 63 70 69 74 75 81 73 76 80 86 79 77 72 64 67 68 71 78 82 83 84 85 91 92 96 97 101 102 93 89 90 98 99 100 95 94 88 87 66 65 61 60 39 38 35 34 14 13 4 5 9 8 106 114 107 109 115 110 112 111 108 113 3 
1 2 6 7 10 11 15 103 21 22 29 30 31 32 33 28 23 20 12 19 24 27 16 17 18 25 26 36 37 42 41 43 46 52 53 58 57 54 51 47 44 104 40 49 45 48 50 55 56 59 105 62 63 70 69 74 75 81 73 76 80 86 79 77 72 64 67 68 71 78 82 83 84 85 91 92 96 97 101 102 93 89 90 98 99 100 95 94 88 87 66 65 61 60 39 38 35 34 14 13 4 5 9 8 106 108 115 109 107 114 112 110 111 113 3 
1 2 6 7 10 11 15 103 21 22 29 30 31 32 33 28 23 20 12 19 24 27 16 17 18 25 26 36 37 42 41 43 46 52 53 58 57 54 51 47 44 104 40 49 45 48 50 55 56 59 105 62 63 70 69 74 75 81 73 76 80 86 79 77 72 64 67 68 71 78 82 83 84 85 91 92 96 97 101 102 93 89 90 98 99 100 95 94 88 87 66 65 61 60 39 38 35 34 14 13 4 5 9 8 106 109 107 114 112 111 115 110 108 113 3 
1 2 6 7 10 11 15 103 21 22 29 30 31 32 33 28 23 20 12 19 24 27 16 17 18 25 26 36 37 42 41 43 46 52 53 58 57 54 51 47 44 104 40 49 45 48 50 55 56 59 105 62 63 70 69 74 75 81 73 76 80 86 79 77 72 64 67 68 71 78 82 83 84 85 91 92 96 97 101 102 93 89 90 98 99 100 95 94 88 87 66 65 61 60 39 38 35 34 14 13 4 5 9 8 106 114 107 109 115 108 110 111 112 113 3 
1 2 6 7 10 11 15 103 21 22 29 30 31 32 33 28 23 20 12 19 24 27 16 17 18 25 26 36 37 42 41 43 46 52 53 58 57 54 51 47 44 104 40 49 45 48 50 55 56 59 105 62 63 70 69 74 75 81 73 76 80 86 79 77 72 64 67 68 71 78 82 83 84 85 91 92 96 97 101 102 93 89 90 98 99 100 95 94 88 87 66 65 61 60 39 38 35 34 14 13 4 5 9 8 106 114 107 112 110 108 109 115 111 113 3 
1 2 6 7 10 11 15 103 21 22 29 30 31 32 33 28 23 20 12 19 24 27 16 17 18 25 26 36 37 42 41 43 46 52 53 58 57 54 51 47 44 104 40 49 45 48 50 55 56 59 105 62 63 70 69 74 75 81 73 76 80 86 79 77 72 64 67 68 71 78 82 83 84 85 91 92 96 97 101 102 93 89 90 98 99 100 95 94 88 87 66 65 61 60 39 38 35 34 14 13 4 5 9 8 106 114 112 111 110 108 115 109 107 113 3 
1 2 6 7 10 11 15 103 21 22 29 30 31 32 33 28 23 20 12 19 24 27 16 17 18 25 26 36 37 42 41 43 46 52 53 58 57 54 51 47 44 104 40 49 45 48 50 55 56 59 105 62 63 70 69 74 75 81 73 76 80 86 79 77 72 64 67 68 71 78 82 83 84 85 91 92 96 97 101 102 93 89 90 98 99 100 95 94 88 87 66 65 61 60 39 38 35 34 14 13 4 5 9 8 106 108 111 109 115 110 112 114 107 113 3 
1 2 6 7 10 11 15 103 21 22 29 30 31 32 33 28 23 20 12 19 24 27 16 17 18 25 26 36 37 42 41 43 46 52 53 58 57 54 51 47 44 104 40 49 45 48 50 55 56 59 105 62 63 70 69 74 75 81 73 76 80 86 79 77 72 64 67 68 71 78 82 83 84 85 91 92 96 97 101 102 93 89 90 98 99 100 95 94 88 87 66 65 61 60 39 38 35 34 14 13 4 5 9 8 106 108 111 110 115 109 112 114 107 113 3 
1 2 6 7 10 11 15 103 21 22 29 30 31 32 33 28 23 20 12 19 24 27 16 17 18 25 26 36 37 42 41 43 46 52 53 58 57 54 51 47 44 104 40 49 45 48 50 55 56 59 105 62 63 70 69 74 75 81 73 76 80 86 79 77 72 64 67 68 71 78 82 83 84 85 91 92 96 97 101 102 93 89 90 98 99 100 95 94 88 87 66 65 61 60 39 38 35 34 14 13 4 5 9 8 106 115 110 111 109 112 114 107 108 113 3 
1 2 6 7 10 11 15 103 21 22 29 30 31 32 33 28 23 20 12 19 24 27 16 17 18 25 26 36 37 42 41 43 46 52 53 58 57 54 51 47 44 104 40 49 45 48 50 55 56 59 105 62 63 70 69 74 75 81 73 76 80 86 79 77 72 64 67 68 71 78 82 83 84 85 91 92 96 97 101 102 93 89 90 98 99 100 95 94 88 87 66 65 61 60 39 38 35 34 14 13 4 5 9 8 106 114 107 109 112 111 115 110 108 113 3 
1 2 6 7 10 11 15 103 21 22 29 30 31 32 33 28 23 20 12 19 24 27 16 17 18 25 26 36 37 42 41 43 46 52 53 58 57 54 51 47 44 104 40 49 45 48 50 55 56 59 105 62 63 70 69 74 75 81 73 76 80 86 79 77 72 64 67 68 71 78 82 83 84 85 91 92 96 97 101 102 93 89 90 98 99 100 95 94 88 87 66 65 61 60 39 38 35 34 14 13 4 5 9 8 106 114 107 112 108 110 115 109 111 113 3 
1 2 6 7 10 11 15 103 21 22 29 30 31 32 33 28 23 20 12 19 24 27 16 17 18 25 26 36 37 42 41 43 46 52 53 58 57 54 51 47 44 104 40 49 45 48 50 55 56 59 105 62 63 70 69 74 75 81 73 76 80 86 79 77 72 64 67 68 71 78 82 83 84 85 91 92 96 97 101 102 93 89 90 98 99 100 95 94 88 87 66 65 61 60 39 38 35 34 14 13 4 5 9 8 106 114 112 107 108 110 115 109 111 113 3 
1 2 6 7 10 11 15 103 21 22 29 30 31 32 33 28 23 20 12 19 24 27 16 17 18 25 26 36 37 42 41 43 46 52 53 58 57 54 51 47 44 104 40 49 45 48 50 55 56 59 105 62 63 70 69 74 75 81 73 76 80 86 79 77 72 64 67 68 71 78 82 83 84 85 91 92 96 97 101 102 93 89 90 98 99 100 95 94 88 87 66 65 61 60 39 38 35 34 14 13 4 5 9 8 106 108 110 115 111 109 112 114 107 113 3 
1 2 6 7 10 11 15 103 21 22 29 30 31 32 33 28 23 20 12 19 24 27 16 17 18 25 26 36 37 42 41 43 46 52 53 58 57 54 51 47 44 104 40 49 45 48 50 55 56 59 105 62 63 70 69 74 75 81 73 76 80 86 79 77 72 64 67 68 71 78 82 83 84 85 91 92 96 97 101 102 93 89 90 98 99 100 95 94 88 87 66 65 61 60 39 38 35 34 14 13 4 5 9 8 106 114 107 112 109 115 110 108 111 113 3 
1 2 6 7 10 11 15 103 21 22 29 30 31 32 33 28 23 20 12 19 24 27 16 17 18 25 26 36 37 42 41 43 46 52 53 58 57 54 51 47 44 104 40 49 45 48 50 55 56 59 105 62 63 70 69 74 75 81 73 76 80 86 79 77 72 64 67 68 71 78 82 83 84 85 91 92 96 97 101 102 93 89 90 98 99 100 95 94 88 87 66 65 61 60 39 38 35 34 14 13 4 5 9 8 106 115 108 110 111 109 112 114 107 113 3 
1 2 6 7 10 11 15 103 21 22 29 30 31 32 33 28 23 20 12 19 24 27 16 17 18 25 26 36 37 42 41 43 46 52 53 58 57 54 51 47 44 104 40 49 45 48 50 55 56 59 105 62 63 70 69 74 75 81 73 76 80 86 79 77 72 64 67 68 71 78 82 83 84 85 91 92 96 97 101 102 93 89 90 98 99 100 95 94 88 87 66 65 61 60 39 38 35 34 14 13 4 5 9 8 106 109 112 114 107 108 115 110 111 113 3 
1 2 6 7 10 11 15 103 21 22 29 30 31 32 33 28 23 20 12 19 24 27 16 17 18 25 26 36 37 42 41 43 46 52 53 58 57 54 51 47 44 104 40 49 45 48 50 55 56 59 105 62 63 70 69 74 75 81 73 76 80 86 79 77 72 64 67 68 71 78 82 83 84 85 91 92 96 97 101 102 93 89 90 98 99 100 95 94 88 87 66 65 61 60 39 38 35 34 14 13 4 5 9 8 106 114 112 108 107 109 115 110 111 113 3 
1 2 6 7 10 11 15 103 21 22 29 30 31 32 33 28 23 20 12 19 24 27 16 17 18 25 26 36 37 42 41 43 46 52 53 58 57 54 51 47 44 104 40 49 45 48 50 55 56 59 105 62 63 70 69 74 75 81 73 76 80 86 79 77 72 64 67 68 71 78 82 83 84 85 91 92 96 97 101 102 93 89 90 98 99 100 95 94 88 87 66 65 61 60 39 38 35 34 14 13 4 5 9 8 106 109 108 115 111 110 112 114 107 113 3 
1 2 6 7 10 11 15 103 21 22 29 30 31 32 33 28 23 20 12 19 24 27 16 17 18 25 26 36 37 42 41 43 46 52 53 58 57 54 51 47 44 104 40 49 45 48 50 55 56 59 105 62 63 70 69 74 75 81 73 76 80 86 79 77 72 64 67 68 71 78 82 83 84 85 91 92 96 97 101 102 93 89 90 98 99 100 95 94 88 87 66 65 61 60 39 38 35 34 14 13 4 5 9 8 106 114 107 109 115 110 112 108 111 113 3 
1 2 6 7 10 11 15 103 21 22 29 30 31 32 33 28 23 20 12 19 24 27 16 17 18 25 26 36 37 42 41 43 46 52 53 58 57 54 51 47 44 104 40 49 45 48 50 55 56 59 105 62 63 70 69 74 75 81 73 76 80 86 79 77 72 64 67 68 71 78 82 83 84 85 91 92 96 97 101 102 93 89 90 98 99 100 95 94 88 87 66 65 61 60 39 38 35 34 14 13 4 5 9 8 106 114 112 110 115 109 107 108 111 113 3 
1 2 6 7 10 11 15 103 21 22 29 30 31 32 33 28 23 20 12 19 24 27 16 17 18 25 26 36 37 42 41 43 46 52 53 58 57 54 51 47 44 104 40 49 45 48 50 55 56 59 105 62 63 70 69 74 75 81 73 76 80 86 79 77 72 64 67 68 71 78 82 83 84 85 91 92 96 97 101 102 93 89 90 98 99 100 95 94 88 87 66 65 61 60 39 38 35 34 14 13 4 5 9 8 106 109 107 114 112 108 110 115 111 113 3 
1 2 6 7 10 11 15 103 21 22 29 30 31 32 33 28 23 20 12 19 24 27 16 17 18 25 26 36 37 42 41 43 46 52 53 58 57 54 51 47 44 104 40 49 45 48 50 55 56 59 105 62 63 70 69 74 75 81 73 76 80 86 79 77 72 64 67 68 71 78 82 83 84 85 91 92 96 97 101 102 93 89 90 98 99 100 95 94 88 87 66 65 61 60 39 38 35 34 14 13 4 5 9 8 106 114 112 107 109 115 108 110 111 113 3 
1 2 6 7 10 11 15 103 21 22 29 30 31 32 33 28 23 20 12 19 24 27 16 17 18 25 26 36 37 42 41 43 46 52 53 58 57 54 51 47 44 104 40 49 45 48 50 55 56 59 105 62 63 70 69 74 75 81 73 76 80 86 79 77 72 64 67 68 71 78 82 83 84 85 91 92 96 97 101 102 93 89 90 98 99 100 95 94 88 87 66 65 61 60 39 38 35 34 14 13 4 5 9 8 106 114 107 108 115 110 112 109 111 113 3 
1 2 6 7 10 11 15 103 21 22 29 30 31 32 33 28 23 20 12 19 24 27 16 17 18 25 26 36 37 42 41 43 46 52 53 58 57 54 51 47 44 104 40 49 45 48 50 55 56 59 105 62 63 70 69 74 75 81 73 76 80 86 79 77 72 64 67 68 71 78 82 83 84 85 91 92 96 97 101 102 93 89 90 98 99 100 95 94 88 87 66 65 61 60 39 38 35 34 14 13 4 5 9 8 106 109 111 110 115 108 107 114 112 113 3 
1 2 6 7 10 11 15 103 21 22 29 30 31 32 33 28 23 20 12 19 24 27 16 17 18 25 26 36 37 42 41 43 46 52 53 58 57 54 51 47 44 104 40 49 45 48 50 55 56 59 105 62 63 70 69 74 75 81 73 76 80 86 79 77 72 64 67 68 71 78 82 83 84 85 91 92 96 97 101 102 93 89 90 98 99 100 95 94 88 87 66 65 61 60 39 38 35 34 14 13 4 5 9 8 106 109 111 110 115 108 112 114 107 113 3 
1 2 6 7 10 11 15 103 21 22 29 30 31 32 33 28 23 20 12 19 24 27 16 17 18 25 26 36 37 42 41 43 46 52 53 58 57 54 51 47 44 104 40 49 45 48 50 55 56 59 105 62 63 70 69 74 75 81 73 76 80 86 79 77 72 64 67 68 71 78 82 83 84 85 91 92 96 97 101 102 93 89 90 98 99 100 95 94 88 87 66 65 61 60 39 38 35 34 14 13 4 5 9 8 106 110 112 114 107 108 115 109 111 113 3 
1 2 6 7 10 11 15 103 21 22 29 30 31 32 33 28 23 20 12 19 24 27 16 17 18 25 26 36 37 42 41 43 46 52 53 58 57 54 51 47 44 104 40 49 45 48 50 55 56 59 105 62 63 70 69 74 75 81 73 76 80 86 79 77 72 64 67 68 71 78 82 83 84 85 91 92 96 97 101 102 93 89 90 98 99 100 95 94 88 87 66 65 61 60 39 38 35 34 14 13 4 5 9 8 106 108 110 115 109 111 112 114 107 113 3 
1 2 6 7 10 11 15 103 21 22 29 30 31 32 33 28 23 20 12 19 24 27 16 17 18 25 26 36 37 42 41 43 46 52 53 58 57 54 51 47 44 104 40 49 45 48 50 55 56 59 105 62 63 70 69 74 75 81 73 76 80 86 79 77 72 64 67 68 71 78 82 83 84 85 91 92 96 97 101 102 93 89 90 98 99 100 95 94 88 87 66 65 61 60 39 38 35 34 14 13 4 5 9 8 106 109 111 108 115 110 112 114 107 113 3 
1 2 6 7 10 11 15 103 21 22 29 30 31 32 33 28 23 20 12 19 24 27 16 17 18 25 26 36 37 42 41 43 46 52 53 58 57 54 51 47 44 104 40 49 45 48 50 55 56 59 105 62 63 70 69 74 75 81 73 76 80 86 79 77 72 64 67 68 71 78 82 83 84 85 91 92 96 97 101 102 93 89 90 98 99 100 95 94 88 87 66 65 61 60 39 38 35 34 14 13 4 5 9 8 106 114 107 109 112 108 110 115 111 113 3 
1 2 6 7 10 11 15 103 21 22 29 30 31 32 33 28 23 20 12 19 24 27 16 17 18 25 26 36 37 42 41 43 46 52 53 58 57 54 51 47 44 104 40 49 45 48 50 55 56 59 105 62 63 70 69 74 75 81 73 76 80 86 79 77 72 64 67 68 71 78 82 83 84 85 91 92 96 97 101 102 93 89 90 98 99 100 95 94 88 87 66 65 61 60 39 38 35 34 14 13 4 5 9 8 106 114 112 109 107 108 110 115 111 113 3 
1 2 6 7 10 11 15 103 21 22 29 30 31 32 33 28 23 20 12 19 24 27 16 17 18 25 26 36 37 42 41 43 46 52 53 58 57 54 51 47 44 104 40 49 45 48 50 55 56 59 105 62 63 70 69 74 75 81 73 76 80 86 79 77 72 64 67 68 71 78 82 83 84 85 91 92 96 97 101 102 93 89 90 98 99 100 95 94 88 87 66 65 61 60 39 38 35 34 14 13 4 5 9 8 106 114 107 109 115 110 111 108 112 113 3 
1 2 6 7 10 11 15 103 21 22 29 30 31 32 33 28 23 20 12 19 24 27 16 17 18 25 26 36 37 42 41 43 46 52 53 58 57 54 51 47 44 104 40 49 45 48 50 55 56 59 105 62 63 70 69 74 75 81 73 76 80 86 79 77 72 64 67 68 71 78 82 83 84 85 91 92 96 97 101 102 93 89 90 98 99 100 95 94 88 87 66 65 61 60 39 38 35 34 14 13 4 5 9 8 106 114 112 107 109 115 110 111 108 113 3 
1 2 6 7 10 11 15 103 21 22 29 30 31 32 33 28 23 20 12 19 24 27 16 17 18 25 26 36 37 42 41 43 46 52 53 58 57 54 51 47 44 104 40 49 45 48 50 55 56 59 105 62 63 70 69 74 75 81 73 76 80 86 79 77 72 64 67 68 71 78 82 83 84 85 91 92 96 97 101 102 93 89 90 98 99 100 95 94 88 87 66 65 61 60 39 38 35 34 14 13 4 5 9 8 106 114 112 108 111 110 115 109 107 113 3 
1 2 6 7 10 11 15 103 21 22 29 30 31 32 33 28 23 20 12 19 24 27 16 17 18 25 26 36 37 42 41 43 46 52 53 58 57 54 51 47 44 104 40 49 45 48 50 55 56 59 105 62 63 70 69 74 75 81 73 76 80 86 79 77 72 64 67 68 71 78 82 83 84 85 91 92 96 97 101 102 93 89 90 98 99 100 95 94 88 87 66 65 61 60 39 38 35 34 14 13 4 5 9 8 106 110 108 112 114 107 109 115 111 113 3 
1 2 6 7 10 11 15 103 21 22 29 30 31 32 33 28 23 20 12 19 24 27 16 17 18 25 26 36 37 42 41 43 46 52 53 58 57 54 51 47 44 104 40 49 45 48 50 55 56 59 105 62 63 70 69 74 75 81 73 76 80 86 79 77 72 64 67 68 71 78 82 83 84 85 91 92 96 97 101 102 93 89 90 98 99 100 95 94 88 87 66 65 61 60 39 38 35 34 14 13 4 5 9 8 106 114 107 108 115 110 111 109 112 113 3 
1 2 6 7 10 11 15 103 21 22 29 30 31 32 33 28 23 20 12 19 24 27 16 17 18 25 26 36 37 42 41 43 46 52 53 58 57 54 51 47 44 104 40 49 45 48 50 55 56 59 105 62 63 70 69 74 75 81 73 76 80 86 79 77 72 64 67 68 71 78 82 83 84 85 91 92 96 97 101 102 93 89 90 98 99 100 95 94 88 87 66 65 61 60 39 38 35 34 14 13 4 5 9 8 106 114 107 112 109 111 110 115 108 113 3 
1 2 6 7 10 11 15 103 21 22 29 30 31 32 33 28 23 20 12 19 24 27 16 17 18 25 26 36 37 42 41 43 46 52 53 58 57 54 51 47 44 104 40 49 45 48 50 55 56 59 105 62 63 70 69 74 75 81 73 76 80 86 79 77 72 64 67 68 71 78 82 83 84 85 91 92 96 97 101 102 93 89 90 98 99 100 95 94 88 87 66 65 61 60 39 38 35 34 14 13 4 5 9 8 106 114 112 109 111 110 115 108 107 113 3 
1 2 6 7 10 11 15 103 21 22 29 30 31 32 33 28 23 20 12 19 24 27 16 17 18 25 26 36 37 42 41 43 46 52 53 58 57 54 51 47 44 104 40 49 45 48 50 55 56 59 105 62 63 70 69 74 75 81 73 76 80 86 79 77 72 64 67 68 71 78 82 83 84 85 91 92 96 97 101 102 93 89 90 98 99 100 95 94 88 87 66 65 61 60 39 38 35 34 14 13 4 5 9 8 106 115 109 108 107 114 112 110 111 113 3 
1 2 6 7 10 11 15 103 21 22 29 30 31 32 33 28 23 20 12 19 24 27 16 17 18 25 26 36 37 42 41 43 46 52 53 58 57 54 51 47 44 104 40 49 45 48 50 55 56 59 105 62 63 70 69 74 75 81 73 76 80 86 79 77 72 64 67 68 71 78 82 83 84 85 91 92 96 97 101 102 93 89 90 98 99 100 95 94 88 87 66 65 61 60 39 38 35 34 14 13 4 5 9 8 106 110 111 109 115 108 107 114 112 113 3 
1 2 6 7 10 11 15 103 21 22 29 30 31 32 33 28 23 20 12 19 24 27 16 17 18 25 26 36 37 42 41 43 46 52 53 58 57 54 51 47 44 104 40 49 45 48 50 55 56 59 105 62 63 70 69 74 75 81 73 76 80 86 79 77 72 64 67 68 71 78 82 83 84 85 91 92 96 97 101 102 93 89 90 98 99 100 95 94 88 87 66 65 61 60 39 38 35 34 14 13 4 5 9 8 106 110 111 109 115 108 112 114 107 113 3 
1 2 6 7 10 11 15 103 21 22 29 30 31 32 33 28 23 20 12 19 24 27 16 17 18 25 26 36 37 42 41 43 46 52 53 58 57 54 51 47 44 104 40 49 45 48 50 55 56 59 105 62 63 70 69 74 75 81 73 76 80 86 79 77 72 64 67 68 71 78 82 83 84 85 91 92 96 97 101 102 93 89 90 98 99 100 95 94 88 87 66 65 61 60 39 38 35 34 14 13 4 5 9 8 106 110 111 108 115 109 112 114 107 113 3 
1 2 6 7 10 11 15 103 21 22 29 30 31 32 33 28 23 20 12 19 24 27 16 17 18 25 26 36 37 42 41 43 46 52 53 58 57 54 51 47 44 104 40 49 45 48 50 55 56 59 105 62 63 70 69 74 75 81 73 76 80 86 79 77 72 64 67 68 71 78 82 83 84 85 91 92 96 97 101 102 93 89 90 98 99 100 95 94 88 87 66 65 61 60 39 38 35 34 14 13 4 5 9 8 106 114 107 109 111 115 110 108 112 113 3 
1 2 6 7 10 11 15 103 21 22 29 30 31 32 33 28 23 20 12 19 24 27 16 17 18 25 26 36 37 42 41 43 46 52 53 58 57 54 51 47 44 104 40 49 45 48 50 55 56 59 105 62 63 70 69 74 75 81 73 76 80 86 79 77 72 64 67 68 71 78 82 83 84 85 91 92 96 97 101 102 93 89 90 98 99 100 95 94 88 87 66 65 61 60 39 38 35 34 14 13 4 5 9 8 106 114 112 107 109 111 115 110 108 113 3 
1 2 6 7 10 11 15 103 21 22 29 30 31 32 33 28 23 20 12 19 24 27 16 17 18 25 26 36 37 42 41 43 46 52 53 58 57 54 51 47 44 104 40 49 45 48 50 55 56 59 105 62 63 70 69 74 75 81 73 76 80 86 79 77 72 64 67 68 71 78 82 83 84 85 91 92 96 97 101 102 93 89 90 98 99 100 95 94 88 87 66 65 61 60 39 38 35 34 14 13 4 5 9 8 106 114 112 108 110 115 111 109 107 113 3 
1 2 6 7 10 11 15 103 21 22 29 30 31 32 33 28 23 20 12 19 24 27 16 17 18 25 26 36 37 42 41 43 46 52 53 58 57 54 51 47 44 104 40 49 45 48 50 55 56 59 105 62 63 70 69 74 75 81 73 76 80 86 79 77 72 64 67 68 71 78 82 83 84 85 91 92 96 97 101 102 93 89 90 98 99 100 95 94 88 87 66 65 61 60 39 38 35 34 14 13 4 5 9 8 106 110 108 111 115 109 107 114 112 113 3 
1 2 6 7 10 11 15 103 21 22 29 30 31 32 33 28 23 20 12 19 24 27 16 17 18 25 26 36 37 42 41 43 46 52 53 58 57 54 51 47 44 104 40 49 45 48 50 55 56 59 105 62 63 70 69 74 75 81 73 76 80 86 79 77 72 64 67 68 71 78 82 83 84 85 91 92 96 97 101 102 93 89 90 98 99 100 95 94 88 87 66 65 61 60 39 38 35 34 14 13 4 5 9 8 106 110 115 111 109 112 114 107 108 113 3 
1 2 6 7 10 11 15 103 21 22 29 30 31 32 33 28 23 20 12 19 24 27 16 17 18 25 26 36 37 42 41 43 46 52 53 58 57 54 51 47 44 104 40 49 45 48 50 55 56 59 105 62 63 70 69 74 75 81 73 76 80 86 79 77 72 64 67 68 71 78 82 83 84 85 91 92 96 97 101 102 93 89 90 98 99 100 95 94 88 87 66 65 61 60 39 38 35 34 14 13 4 5 9 8 106 114 107 109 115 110 108 112 111 113 3 
1 2 6 7 10 11 15 103 21 22 29 30 31 32 33 28 23 20 12 19 24 27 16 17 18 25 26 36 37 42 41 43 46 52 53 58 57 54 51 47 44 104 40 49 45 48 50 55 56 59 105 62 63 70 69 74 75 81 73 76 80 86 79 77 72 64 67 68 71 78 82 83 84 85 91 92 96 97 101 102 93 89 90 98 99 100 95 94 88 87 66 65 61 60 39 38 35 34 14 13 4 5 9 8 106 110 108 115 111 109 112 114 107 113 3 
1 2 6 7 10 11 15 103 21 22 29 30 31 32 33 28 23 20 12 19 24 27 16 17 18 25 26 36 37 42 41 43 46 52 53 58 57 54 51 47 44 104 40 49 45 48 50 55 56 59 105 62 63 70 69 74 75 81 73 76 80 86 79 77 72 64 67 68 71 78 82 83 84 85 91 92 96 97 101 102 93 89 90 98 99 100 95 94 88 87 66 65 61 60 39 38 35 34 14 13 4 5 9 8 106 115 109 108 111 110 112 114 107 113 3 
1 2 6 7 10 11 15 103 21 22 29 30 31 32 33 28 23 20 12 19 24 27 16 17 18 25 26 36 37 42 41 43 46 52 53 58 57 54 51 47 44 104 40 49 45 48 50 55 56 59 105 62 63 70 69 74 75 81 73 76 80 86 79 77 72 64 67 68 71 78 82 83 84 85 91 92 96 97 101 102 93 89 90 98 99 100 95 94 88 87 66 65 61 60 39 38 35 34 14 13 4 5 9 8 106 108 112 114 107 109 115 110 111 113 3 
1 2 6 7 10 11 15 103 21 22 29 30 31 32 33 28 23 20 12 19 24 27 16 17 18 25 26 36 37 42 41 43 46 52 53 58 57 54 51 47 44 104 40 49 45 48 50 55 56 59 105 62 63 70 69 74 75 81 73 76 80 86 79 77 72 64 67 68 71 78 82 83 84 85 91 92 96 97 101 102 93 89 90 98 99 100 95 94 88 87 66 65 61 60 39 38 35 34 14 13 4 5 9 8 106 110 112 114 107 109 111 115 108 113 3 
1 2 6 7 10 11 15 103 21 22 29 30 31 32 33 28 23 20 12 19 24 27 16 17 18 25 26 36 37 42 41 43 46 52 53 58 57 54 51 47 44 104 40 49 45 48 50 55 56 59 105 62 63 70 69 74 75 81 73 76 80 86 79 77 72 64 67 68 71 78 82 83 84 85 91 92 96 97 101 102 93 89 90 98 99 100 95 94 88 87 66 65 61 60 39 38 35 34 14 13 4 5 9 8 106 115 110 108 107 114 112 109 111 113 3 
1 2 6 7 10 11 15 103 21 22 29 30 31 32 33 28 23 20 12 19 24 27 16 17 18 25 26 36 37 42 41 43 46 52 53 58 57 54 51 47 44 104 40 49 45 48 50 55 56 59 105 62 63 70 69 74 75 81 73 76 80 86 79 77 72 64 67 68 71 78 82 83 84 85 91 92 96 97 101 102 93 89 90 98 99 100 95 94 88 87 66 65 61 60 39 38 35 34 14 13 4 5 9 8 106 114 107 109 115 110 108 111 112 113 3 
1 2 6 7 10 11 15 103 21 22 29 30 31 32 33 28 23 20 12 19 24 27 16 17 18 25 26 36 37 42 41 43 46 52 53 58 57 54 51 47 44 104 40 49 45 48 50 55 56 59 105 62 63 70 69 74 75 81 73 76 80 86 79 77 72 64 67 68 71 78 82 83 84 85 91 92 96 97 101 102 93 89 90 98 99 100 95 94 88 87 66 65 61 60 39 38 35 34 14 13 4 5 9 8 106 114 112 111 108 110 115 109 107 113 3 
1 2 6 7 10 11 15 103 21 22 29 30 31 32 33 28 23 20 12 19 24 27 16 17 18 25 26 36 37 42 41 43 46 52 53 58 57 54 51 47 44 104 40 49 45 48 50 55 56 59 105 62 63 70 69 74 75 81 73 76 80 86 79 77 72 64 67 68 71 78 82 83 84 85 91 92 96 97 101 102 93 89 90 98 99 100 95 94 88 87 66 65 61 60 39 38 35 34 14 13 4 5 9 8 106 115 111 109 108 110 112 114 107 113 3 
1 2 6 7 10 11 15 103 21 22 29 30 31 32 33 28 23 20 12 19 24 27 16 17 18 25 26 36 37 42 41 43 46 52 53 58 57 54 51 47 44 104 40 49 45 48 50 55 56 59 105 62 63 70 69 74 75 81 73 76 80 86 79 77 72 64 67 68 71 78 82 83 84 85 91 92 96 97 101 102 93 89 90 98 99 100 95 94 88 87 66 65 61 60 39 38 35 34 14 13 4 5 9 8 106 115 111 110 108 109 112 114 107 113 3 
1 2 6 7 10 11 15 103 21 22 29 30 31 32 33 28 23 20 12 19 24 27 16 17 18 25 26 36 37 42 41 43 46 52 53 58 57 54 51 47 44 104 40 49 45 48 50 55 56 59 105 62 63 70 69 74 75 81 73 76 80 86 79 77 72 64 67 68 71 78 82 83 84 85 91 92 96 97 101 102 93 89 90 98 99 100 95 94 88 87 66 65 61 60 39 38 35 34 14 13 4 5 9 8 106 110 115 109 111 112 114 107 108 113 3 
1 2 6 7 10 11 15 103 21 22 29 30 31 32 33 28 23 20 12 19 24 27 16 17 18 25 26 36 37 42 41 43 46 52 53 58 57 54 51 47 44 104 40 49 45 48 50 55 56 59 105 62 63 70 69 74 75 81 73 76 80 86 79 77 72 64 67 68 71 78 82 83 84 85 91 92 96 97 101 102 93 89 90 98 99 100 95 94 88 87 66 65 61 60 39 38 35 34 14 13 4 5 9 8 106 109 107 114 112 111 110 115 108 113 3 
1 2 6 7 10 11 15 103 21 22 29 30 31 32 33 28 23 20 12 19 24 27 16 17 18 25 26 36 37 42 41 43 46 52 53 58 57 54 51 47 44 104 40 49 45 48 50 55 56 59 105 62 63 70 69 74 75 81 73 76 80 86 79 77 72 64 67 68 71 78 82 83 84 85 91 92 96 97 101 102 93 89 90 98 99 100 95 94 88 87 66 65 61 60 39 38 35 34 14 13 4 5 9 8 106 109 108 107 114 112 110 115 111 113 3 
1 2 6 7 10 11 15 103 21 22 29 30 31 32 33 28 23 20 12 19 24 27 16 17 18 25 26 36 37 42 41 43 46 52 53 58 57 54 51 47 44 104 40 49 45 48 50 55 56 59 105 62 63 70 69 74 75 81 73 76 80 86 79 77 72 64 67 68 71 78 82 83 84 85 91 92 96 97 101 102 93 89 90 98 99 100 95 94 88 87 66 65 61 60 39 38 35 34 14 13 4 5 9 8 106 110 108 115 109 111 112 114 107 113 3 
1 2 6 7 10 11 15 103 21 22 29 30 31 32 33 28 23 20 12 19 24 27 16 17 18 25 26 36 37 42 41 43 46 52 53 58 57 54 51 47 44 104 40 49 45 48 50 55 56 59 105 62 63 70 69 74 75 81 73 76 80 86 79 77 72 64 67 68 71 78 82 83 84 85 91 92 96 97 101 102 93 89 90 98 99 100 95 94 88 87 66 65 61 60 39 38 35 34 14 13 4 5 9 8 106 115 111 110 112 114 107 109 108 113 3 
1 2 6 7 10 11 15 103 21 22 29 30 31 32 33 28 23 20 12 19 24 27 16 17 18 25 26 36 37 42 41 43 46 52 53 58 57 54 51 47 44 104 40 49 45 48 50 55 56 59 105 62 63 70 69 74 75 81 73 76 80 86 79 77 72 64 67 68 71 78 82 83 84 85 91 92 96 97 101 102 93 89 90 98 99 100 95 94 88 87 66 65 61 60 39 38 35 34 14 13 4 5 9 8 106 115 108 110 112 114 107 109 111 113 3 
1 2 6 7 10 11 15 103 21 22 29 30 31 32 33 28 23 20 12 19 24 27 16 17 18 25 26 36 37 42 41 43 46 52 53 58 57 54 51 47 44 104 40 49 45 48 50 55 56 59 105 62 63 70 69 74 75 81 73 76 80 86 79 77 72 64 67 68 71 78 82 83 84 85 91 92 96 97 101 102 93 89 90 98 99 100 95 94 88 87 66 65 61 60 39 38 35 34 14 13 4 5 9 8 106 108 111 110 115 109 107 114 112 113 3 
1 2 6 7 10 11 15 103 21 22 29 30 31 32 33 28 23 20 12 19 24 27 16 17 18 25 26 36 37 42 41 43 46 52 53 58 57 54 51 47 44 104 40 49 45 48 50 55 56 59 105 62 63 70 69 74 75 81 73 76 80 86 79 77 72 64 67 68 71 78 82 83 84 85 91 92 96 97 101 102 93 89 90 98 99 100 95 94 88 87 66 65 61 60 39 38 35 34 14 13 4 5 9 8 106 115 110 108 111 109 112 114 107 113 3 
1 2 6 7 10 11 15 103 21 22 29 30 31 32 33 28 23 20 12 19 24 27 16 17 18 25 26 36 37 42 41 43 46 52 53 58 57 54 51 47 44 104 40 49 45 48 50 55 56 59 105 62 63 70 69 74 75 81 73 76 80 86 79 77 72 64 67 68 71 78 82 83 84 85 91 92 96 97 101 102 93 89 90 98 99 100 95 94 88 87 66 65 61 60 39 38 35 34 14 13 4 5 9 8 106 114 107 108 109 112 110 115 111 113 3 
1 2 6 7 10 11 15 103 21 22 29 30 31 32 33 28 23 20 12 19 24 27 16 17 18 25 26 36 37 42 41 43 46 52 53 58 57 54 51 47 44 104 40 49 45 48 50 55 56 59 105 62 63 70 69 74 75 81 73 76 80 86 79 77 72 64 67 68 71 78 82 83 84 85 91 92 96 97 101 102 93 89 90 98 99 100 95 94 88 87 66 65 61 60 39 38 35 34 14 13 4 5 9 8 106 114 107 109 111 112 110 115 108 113 3 
1 2 6 7 10 11 15 103 21 22 29 30 31 32 33 28 23 20 12 19 24 27 16 17 18 25 26 36 37 42 41 43 46 52 53 58 57 54 51 47 44 104 40 49 45 48 50 55 56 59 105 62 63 70 69 74 75 81 73 76 80 86 79 77 72 64 67 68 71 78 82 83 84 85 91 92 96 97 101 102 93 89 90 98 99 100 95 94 88 87 66 65 61 60 39 38 35 34 14 13 4 5 9 8 106 114 107 109 112 111 110 115 108 113 3 
1 2 6 7 10 11 15 103 21 22 29 30 31 32 33 28 23 20 12 19 24 27 16 17 18 25 26 36 37 42 41 43 46 52 53 58 57 54 51 47 44 104 40 49 45 48 50 55 56 59 105 62 63 70 69 74 75 81 73 76 80 86 79 77 72 64 67 68 71 78 82 83 84 85 91 92 96 97 101 102 93 89 90 98 99 100 95 94 88 87 66 65 61 60 39 38 35 34 14 13 4 5 9 8 106 110 111 112 114 107 109 115 108 113 3 
1 2 6 7 10 11 15 103 21 22 29 30 31 32 33 28 23 20 12 19 24 27 16 17 18 25 26 36 37 42 41 43 46 52 53 58 57 54 51 47 44 104 40 49 45 48 50 55 56 59 105 62 63 70 69 74 75 81 73 76 80 86 79 77 72 64 67 68 71 78 82 83 84 85 91 92 96 97 101 102 93 89 90 98 99 100 95 94 88 87 66 65 61 60 39 38 35 34 14 13 4 5 9 8 106 110 112 114 107 108 109 115 111 113 3 
1 2 6 7 10 11 15 103 21 22 29 30 31 32 33 28 23 20 12 19 24 27 16 17 18 25 26 36 37 42 41 43 46 52 53 58 57 54 51 47 44 104 40 49 45 48 50 55 56 59 105 62 63 70 69 74 75 81 73 76 80 86 79 77 72 64 67 68 71 78 82 83 84 85 91 92 96 97 101 102 93 89 90 98 99 100 95 94 88 87 66 65 61 60 39 38 35 34 14 13 4 5 9 8 106 108 115 110 111 109 112 114 107 113 3 
1 2 6 7 10 11 15 103 21 22 29 30 31 32 33 28 23 20 12 19 24 27 16 17 18 25 26 36 37 42 41 43 46 52 53 58 57 54 51 47 44 104 40 49 45 48 50 55 56 59 105 62 63 70 69 74 75 81 73 76 80 86 79 77 72 64 67 68 71 78 82 83 84 85 91 92 96 97 101 102 93 89 90 98 99 100 95 94 88 87 66 65 61 60 39 38 35 34 14 13 4 5 9 8 106 115 110 111 109 107 114 112 108 113 3 
1 2 6 7 10 11 15 103 21 22 29 30 31 32 33 28 23 20 12 19 24 27 16 17 18 25 26 36 37 42 41 43 46 52 53 58 57 54 51 47 44 104 40 49 45 48 50 55 56 59 105 62 63 70 69 74 75 81 73 76 80 86 79 77 72 64 67 68 71 78 82 83 84 85 91 92 96 97 101 102 93 89 90 98 99 100 95 94 88 87 66 65 61 60 39 38 35 34 14 13 4 5 9 8 106 109 108 111 115 110 112 114 107 113 3 
1 2 6 7 10 11 15 103 21 22 29 30 31 32 33 28 23 20 12 19 24 27 16 17 18 25 26 36 37 42 41 43 46 52 53 58 57 54 51 47 44 104 40 49 45 48 50 55 56 59 105 62 63 70 69 74 75 81 73 76 80 86 79 77 72 64 67 68 71 78 82 83 84 85 91 92 96 97 101 102 93 89 90 98 99 100 95 94 88 87 66 65 61 60 39 38 35 34 14 13 4 5 9 8 106 115 109 108 110 111 112 114 107 113 3 
1 2 6 7 10 11 15 103 21 22 29 30 31 32 33 28 23 20 12 19 24 27 16 17 18 25 26 36 37 42 41 43 46 52 53 58 57 54 51 47 44 104 40 49 45 48 50 55 56 59 105 62 63 70 69 74 75 81 73 76 80 86 79 77 72 64 67 68 71 78 82 83 84 85 91 92 96 97 101 102 93 89 90 98 99 100 95 94 88 87 66 65 61 60 39 38 35 34 14 13 4 5 9 8 106 115 110 112 114 107 109 111 108 113 3 
1 2 6 7 10 11 15 103 21 22 29 30 31 32 33 28 23 20 12 19 24 27 16 17 18 25 26 36 37 42 41 43 46 52 53 58 57 54 51 47 44 104 40 49 45 48 50 55 56 59 105 62 63 70 69 74 75 81 73 76 80 86 79 77 72 64 67 68 71 78 82 83 84 85 91 92 96 97 101 102 93 89 90 98 99 100 95 94 88 87 66 65 61 60 39 38 35 34 14 13 4 5 9 8 106 108 110 115 111 109 107 114 112 113 3 
1 2 6 7 10 11 15 103 21 22 29 30 31 32 33 28 23 20 12 19 24 27 16 17 18 25 26 36 37 42 41 43 46 52 53 58 57 54 51 47 44 104 40 49 45 48 50 55 56 59 105 62 63 70 69 74 75 81 73 76 80 86 79 77 72 64 67 68 71 78 82 83 84 85 91 92 96 97 101 102 93 89 90 98 99 100 95 94 88 87 66 65 61 60 39 38 35 34 14 13 4 5 9 8 106 114 112 107 109 115 110 108 111 113 3 
1 2 6 7 10 11 15 103 21 22 29 30 31 32 33 28 23 20 12 19 24 27 16 17 18 25 26 36 37 42 41 43 46 52 53 58 57 54 51 47 44 104 40 49 45 48 50 55 56 59 105 62 63 70 69 74 75 81 73 76 80 86 79 77 72 64 67 68 71 78 82 83 84 85 91 92 96 97 101 102 93 89 90 98 99 100 95 94 88 87 66 65 61 60 39 38 35 34 14 13 4 5 9 8 106 115 108 110 111 109 107 114 112 113 3 
1 2 6 7 10 11 15 103 21 22 29 30 31 32 33 28 23 20 12 19 24 27 16 17 18 25 26 36 37 42 41 43 46 52 53 58 57 54 51 47 44 104 40 49 45 48 50 55 56 59 105 62 63 70 69 74 75 81 73 76 80 86 79 77 72 64 67 68 71 78 82 83 84 85 91 92 96 97 101 102 93 89 90 98 99 100 95 94 88 87 66 65 61 60 39 38 35 34 14 13 4 5 9 8 106 109 107 114 112 108 115 110 111 113 3 
1 2 6 7 10 11 15 103 21 22 29 30 31 32 33 28 23 20 12 19 24 27 16 17 18 25 26 36 37 42 41 43 46 52 53 58 57 54 51 47 44 104 40 49 45 48 50 55 56 59 105 62 63 70 69 74 75 81 73 76 80 86 79 77 72 64 67 68 71 78 82 83 84 85 91 92 96 97 101 102 93 89 90 98 99 100 95 94 88 87 66 65 61 60 39 38 35 34 14 13 4 5 9 8 106 114 107 108 109 111 115 110 112 113 3 
1 2 6 7 10 11 15 103 21 22 29 30 31 32 33 28 23 20 12 19 24 27 16 17 18 25 26 36 37 42 41 43 46 52 53 58 57 54 51 47 44 104 40 49 45 48 50 55 56 59 105 62 63 70 69 74 75 81 73 76 80 86 79 77 72 64 67 68 71 78 82 83 84 85 91 92 96 97 101 102 93 89 90 98 99 100 95 94 88 87 66 65 61 60 39 38 35 34 14 13 4 5 9 8 106 114 107 112 110 115 111 109 108 113 3 
1 2 6 7 10 11 15 103 21 22 29 30 31 32 33 28 23 20 12 19 24 27 16 17 18 25 26 36 37 42 41 43 46 52 53 58 57 54 51 47 44 104 40 49 45 48 50 55 56 59 105 62 63 70 69 74 75 81 73 76 80 86 79 77 72 64 67 68 71 78 82 83 84 85 91 92 96 97 101 102 93 89 90 98 99 100 95 94 88 87 66 65 61 60 39 38 35 34 14 13 4 5 9 8 106 114 112 110 115 111 109 108 107 113 3 
1 2 6 7 10 11 15 103 21 22 29 30 31 32 33 28 23 20 12 19 24 27 16 17 18 25 26 36 37 42 41 43 46 52 53 58 57 54 51 47 44 104 40 49 45 48 50 55 56 59 105 62 63 70 69 74 75 81 73 76 80 86 79 77 72 64 67 68 71 78 82 83 84 85 91 92 96 97 101 102 93 89 90 98 99 100 95 94 88 87 66 65 61 60 39 38 35 34 14 13 4 5 9 8 106 110 111 115 109 108 107 114 112 113 3 
1 2 6 7 10 11 15 103 21 22 29 30 31 32 33 28 23 20 12 19 24 27 16 17 18 25 26 36 37 42 41 43 46 52 53 58 57 54 51 47 44 104 40 49 45 48 50 55 56 59 105 62 63 70 69 74 75 81 73 76 80 86 79 77 72 64 67 68 71 78 82 83 84 85 91 92 96 97 101 102 93 89 90 98 99 100 95 94 88 87 66 65 61 60 39 38 35 34 14 13 4 5 9 8 106 110 111 115 109 108 112 114 107 113 3 
1 2 6 7 10 11 15 103 21 22 29 30 31 32 33 28 23 20 12 19 24 27 16 17 18 25 26 36 37 42 41 43 46 52 53 58 57 54 51 47 44 104 40 49 45 48 50 55 56 59 105 62 63 70 69 74 75 81 73 76 80 86 79 77 72 64 67 68 71 78 82 83 84 85 91 92 96 97 101 102 93 89 90 98 99 100 95 94 88 87 66 65 61 60 39 38 35 34 14 13 4 5 9 8 106 110 115 109 112 114 107 108 111 113 3 
1 2 6 7 10 11 15 103 21 22 29 30 31 32 33 28 23 20 12 19 24 27 16 17 18 25 26 36 37 42 41 43 46 52 53 58 57 54 51 47 44 104 40 49 45 48 50 55 56 59 105 62 63 70 69 74 75 81 73 76 80 86 79 77 72 64 67 68 71 78 82 83 84 85 91 92 96 97 101 102 93 89 90 98 99 100 95 94 88 87 66 65 61 60 39 38 35 34 14 13 4 5 9 8 106 108 110 115 109 107 114 112 111 113 3 
1 2 6 7 10 11 15 103 21 22 29 30 31 32 33 28 23 20 12 19 24 27 16 17 18 25 26 36 37 42 41 43 46 52 53 58 57 54 51 47 44 104 40 49 45 48 50 55 56 59 105 62 63 70 69 74 75 81 73 76 80 86 79 77 72 64 67 68 71 78 82 83 84 85 91 92 96 97 101 102 93 89 90 98 99 100 95 94 88 87 66 65 61 60 39 38 35 34 14 13 4 5 9 8 106 109 107 114 112 110 115 108 111 113 3 
1 2 6 7 10 11 15 103 21 22 29 30 31 32 33 28 23 20 12 19 24 27 16 17 18 25 26 36 37 42 41 43 46 52 53 58 57 54 51 47 44 104 40 49 45 48 50 55 56 59 105 62 63 70 69 74 75 81 73 76 80 86 79 77 72 64 67 68 71 78 82 83 84 85 91 92 96 97 101 102 93 89 90 98 99 100 95 94 88 87 66 65 61 60 39 38 35 34 14 13 4 5 9 8 106 114 107 108 109 115 110 112 111 113 3 
1 2 6 7 10 11 15 103 21 22 29 30 31 32 33 28 23 20 12 19 24 27 16 17 18 25 26 36 37 42 41 43 46 52 53 58 57 54 51 47 44 104 40 49 45 48 50 55 56 59 105 62 63 70 69 74 75 81 73 76 80 86 79 77 72 64 67 68 71 78 82 83 84 85 91 92 96 97 101 102 93 89 90 98 99 100 95 94 88 87 66 65 61 60 39 38 35 34 14 13 4 5 9 8 106 114 107 109 112 108 115 110 111 113 3 
1 2 6 7 10 11 15 103 21 22 29 30 31 32 33 28 23 20 12 19 24 27 16 17 18 25 26 36 37 42 41 43 46 52 53 58 57 54 51 47 44 104 40 49 45 48 50 55 56 59 105 62 63 70 69 74 75 81 73 76 80 86 79 77 72 64 67 68 71 78 82 83 84 85 91 92 96 97 101 102 93 89 90 98 99 100 95 94 88 87 66 65 61 60 39 38 35 34 14 13 4 5 9 8 106 114 112 109 107 108 115 110 111 113 3 
1 2 6 7 10 11 15 103 21 22 29 30 31 32 33 28 23 20 12 19 24 27 16 17 18 25 26 36 37 42 41 43 46 52 53 58 57 54 51 47 44 104 40 49 45 48 50 55 56 59 105 62 63 70 69 74 75 81 73 76 80 86 79 77 72 64 67 68 71 78 82 83 84 85 91 92 96 97 101 102 93 89 90 98 99 100 95 94 88 87 66 65 61 60 39 38 35 34 14 13 4 5 9 8 106 114 112 110 115 108 107 109 111 113 3 
1 2 6 7 10 11 15 103 21 22 29 30 31 32 33 28 23 20 12 19 24 27 16 17 18 25 26 36 37 42 41 43 46 52 53 58 57 54 51 47 44 104 40 49 45 48 50 55 56 59 105 62 63 70 69 74 75 81 73 76 80 86 79 77 72 64 67 68 71 78 82 83 84 85 91 92 96 97 101 102 93 89 90 98 99 100 95 94 88 87 66 65 61 60 39 38 35 34 14 13 4 5 9 8 106 114 107 109 108 115 111 110 112 113 3 
1 2 6 7 10 11 15 103 21 22 29 30 31 32 33 28 23 20 12 19 24 27 16 17 18 25 26 36 37 42 41 43 46 52 53 58 57 54 51 47 44 104 40 49 45 48 50 55 56 59 105 62 63 70 69 74 75 81 73 76 80 86 79 77 72 64 67 68 71 78 82 83 84 85 91 92 96 97 101 102 93 89 90 98 99 100 95 94 88 87 66 65 61 60 39 38 35 34 14 13 4 5 9 8 106 114 107 109 112 110 115 108 111 113 3 
1 2 6 7 10 11 15 103 21 22 29 30 31 32 33 28 23 20 12 19 24 27 16 17 18 25 26 36 37 42 41 43 46 52 53 58 57 54 51 47 44 104 40 49 45 48 50 55 56 59 105 62 63 70 69 74 75 81 73 76 80 86 79 77 72 64 67 68 71 78 82 83 84 85 91 92 96 97 101 102 93 89 90 98 99 100 95 94 88 87 66 65 61 60 39 38 35 34 14 13 4 5 9 8 106 114 112 110 111 115 108 109 107 113 3 
1 2 6 7 10 11 15 103 21 22 29 30 31 32 33 28 23 20 12 19 24 27 16 17 18 25 26 36 37 42 41 43 46 52 53 58 57 54 51 47 44 104 40 49 45 48 50 55 56 59 105 62 63 70 69 74 75 81 73 76 80 86 79 77 72 64 67 68 71 78 82 83 84 85 91 92 96 97 101 102 93 89 90 98 99 100 95 94 88 87 66 65 61 60 39 38 35 34 14 13 4 5 9 8 106 110 115 109 111 108 107 114 112 113 3 
1 2 6 7 10 11 15 103 21 22 29 30 31 32 33 28 23 20 12 19 24 27 16 17 18 25 26 36 37 42 41 43 46 52 53 58 57 54 51 47 44 104 40 49 45 48 50 55 56 59 105 62 63 70 69 74 75 81 73 76 80 86 79 77 72 64 67 68 71 78 82 83 84 85 91 92 96 97 101 102 93 89 90 98 99 100 95 94 88 87 66 65 61 60 39 38 35 34 14 13 4 5 9 8 106 110 115 109 111 108 112 114 107 113 3 
1 2 6 7 10 11 15 103 21 22 29 30 31 32 33 28 23 20 12 19 24 27 16 17 18 25 26 36 37 42 41 43 46 52 53 58 57 54 51 47 44 104 40 49 45 48 50 55 56 59 105 62 63 70 69 74 75 81 73 76 80 86 79 77 72 64 67 68 71 78 82 83 84 85 91 92 96 97 101 102 93 89 90 98 99 100 95 94 88 87 66 65 61 60 39 38 35 34 14 13 4 5 9 8 106 110 112 114 107 109 115 108 111 113 3 
1 2 6 7 10 11 15 103 21 22 29 30 31 32 33 28 23 20 12 19 24 27 16 17 18 25 26 36 37 42 41 43 46 52 53 58 57 54 51 47 44 104 40 49 45 48 50 55 56 59 105 62 63 70 69 74 75 81 73 76 80 86 79 77 72 64 67 68 71 78 82 83 84 85 91 92 96 97 101 102 93 89 90 98 99 100 95 94 88 87 66 65 61 60 39 38 35 34 14 13 4 5 9 8 106 114 107 108 109 115 110 111 112 113 3 
1 2 6 7 10 11 15 103 21 22 29 30 31 32 33 28 23 20 12 19 24 27 16 17 18 25 26 36 37 42 41 43 46 52 53 58 57 54 51 47 44 104 40 49 45 48 50 55 56 59 105 62 63 70 69 74 75 81 73 76 80 86 79 77 72 64 67 68 71 78 82 83 84 85 91 92 96 97 101 102 93 89 90 98 99 100 95 94 88 87 66 65 61 60 39 38 35 34 14 13 4 5 9 8 106 114 107 112 111 110 115 109 108 113 3 
1 2 6 7 10 11 15 103 21 22 29 30 31 32 33 28 23 20 12 19 24 27 16 17 18 25 26 36 37 42 41 43 46 52 53 58 57 54 51 47 44 104 40 49 45 48 50 55 56 59 105 62 63 70 69 74 75 81 73 76 80 86 79 77 72 64 67 68 71 78 82 83 84 85 91 92 96 97 101 102 93 89 90 98 99 100 95 94 88 87 66 65 61 60 39 38 35 34 14 13 4 5 9 8 106 114 112 111 110 115 109 108 107 113 3 
1 2 6 7 10 11 15 103 21 22 29 30 31 32 33 28 23 20 12 19 24 27 16 17 18 25 26 36 37 42 41 43 46 52 53 58 57 54 51 47 44 104 40 49 45 48 50 55 56 59 105 62 63 70 69 74 75 81 73 76 80 86 79 77 72 64 67 68 71 78 82 83 84 85 91 92 96 97 101 102 93 89 90 98 99 100 95 94 88 87 66 65 61 60 39 38 35 34 14 13 4 5 9 8 106 114 107 109 111 110 115 108 112 113 3 
1 2 6 7 10 11 15 103 21 22 29 30 31 32 33 28 23 20 12 19 24 27 16 17 18 25 26 36 37 42 41 43 46 52 53 58 57 54 51 47 44 104 40 49 45 48 50 55 56 59 105 62 63 70 69 74 75 81 73 76 80 86 79 77 72 64 67 68 71 78 82 83 84 85 91 92 96 97 101 102 93 89 90 98 99 100 95 94 88 87 66 65 61 60 39 38 35 34 14 13 4 5 9 8 106 114 112 107 109 111 110 115 108 113 3 
1 2 6 7 10 11 15 103 21 22 29 30 31 32 33 28 23 20 12 19 24 27 16 17 18 25 26 36 37 42 41 43 46 52 53 58 57 54 51 47 44 104 40 49 45 48 50 55 56 59 105 62 63 70 69 74 75 81 73 76 80 86 79 77 72 64 67 68 71 78 82 83 84 85 91 92 96 97 101 102 93 89 90 98 99 100 95 94 88 87 66 65 61 60 39 38 35 34 14 13 4 5 9 8 106 114 112 108 115 110 111 109 107 113 3 
1 2 6 7 10 11 15 103 21 22 29 30 31 32 33 28 23 20 12 19 24 27 16 17 18 25 26 36 37 42 41 43 46 52 53 58 57 54 51 47 44 104 40 49 45 48 50 55 56 59 105 62 63 70 69 74 75 81 73 76 80 86 79 77 72 64 67 68 71 78 82 83 84 85 91 92 96 97 101 102 93 89 90 98 99 100 95 94 88 87 66 65 61 60 39 38 35 34 14 13 4 5 9 8 106 109 108 110 115 111 112 114 107 113 3 
1 2 6 7 10 11 15 103 21 22 29 30 31 32 33 28 23 20 12 19 24 27 16 17 18 25 26 36 37 42 41 43 46 52 53 58 57 54 51 47 44 104 40 49 45 48 50 55 56 59 105 62 63 70 69 74 75 81 73 76 80 86 79 77 72 64 67 68 71 78 82 83 84 85 91 92 96 97 101 102 93 89 90 98 99 100 95 94 88 87 66 65 61 60 39 38 35 34 14 13 4 5 9 8 106 114 107 109 111 108 115 110 112 113 3 
1 2 6 7 10 11 15 103 21 22 29 30 31 32 33 28 23 20 12 19 24 27 16 17 18 25 26 36 37 42 41 43 46 52 53 58 57 54 51 47 44 104 40 49 45 48 50 55 56 59 105 62 63 70 69 74 75 81 73 76 80 86 79 77 72 64 67 68 71 78 82 83 84 85 91 92 96 97 101 102 93 89 90 98 99 100 95 94 88 87 66 65 61 60 39 38 35 34 14 13 4 5 9 8 106 114 112 110 115 108 111 109 107 113 3 
1 2 6 7 10 11 15 103 21 22 29 30 31 32 33 28 23 20 12 19 24 27 16 17 18 25 26 36 37 42 41 43 46 52 53 58 57 54 51 47 44 104 40 49 45 48 50 55 56 59 105 62 63 70 69 74 75 81 73 76 80 86 79 77 72 64 67 68 71 78 82 83 84 85 91 92 96 97 101 102 93 89 90 98 99 100 95 94 88 87 66 65 61 60 39 38 35 34 14 13 4 5 9 8 106 110 111 108 115 109 107 114 112 113 3 
1 2 6 7 10 11 15 103 21 22 29 30 31 32 33 28 23 20 12 19 24 27 16 17 18 25 26 36 37 42 41 43 46 52 53 58 57 54 51 47 44 104 40 49 45 48 50 55 56 59 105 62 63 70 69 74 75 81 73 76 80 86 79 77 72 64 67 68 71 78 82 83 84 85 91 92 96 97 101 102 93 89 90 98 99 100 95 94 88 87 66 65 61 60 39 38 35 34 14 13 4 5 9 8 106 110 115 111 109 107 114 112 108 113 3 
1 2 6 7 10 11 15 103 21 22 29 30 31 32 33 28 23 20 12 19 24 27 16 17 18 25 26 36 37 42 41 43 46 52 53 58 57 54 51 47 44 104 40 49 45 48 50 55 56 59 105 62 63 70 69 74 75 81 73 76 80 86 79 77 72 64 67 68 71 78 82 83 84 85 91 92 96 97 101 102 93 89 90 98 99 100 95 94 88 87 66 65 61 60 39 38 35 34 14 13 4 5 9 8 106 110 108 109 115 111 112 114 107 113 3 
1 2 6 7 10 11 15 103 21 22 29 30 31 32 33 28 23 20 12 19 24 27 16 17 18 25 26 36 37 42 41 43 46 52 53 58 57 54 51 47 44 104 40 49 45 48 50 55 56 59 105 62 63 70 69 74 75 81 73 76 80 86 79 77 72 64 67 68 71 78 82 83 84 85 91 92 96 97 101 102 93 89 90 98 99 100 95 94 88 87 66 65 61 60 39 38 35 34 14 13 4 5 9 8 106 110 108 115 111 109 107 114 112 113 3 
1 2 6 7 10 11 15 103 21 22 29 30 31 32 33 28 23 20 12 19 24 27 16 17 18 25 26 36 37 42 41 43 46 52 53 58 57 54 51 47 44 104 40 49 45 48 50 55 56 59 105 62 63 70 69 74 75 81 73 76 80 86 79 77 72 64 67 68 71 78 82 83 84 85 91 92 96 97 101 102 93 89 90 98 99 100 95 94 88 87 66 65 61 60 39 38 35 34 14 13 4 5 9 8 106 114 107 112 108 109 115 110 111 113 3 
1 2 6 7 10 11 15 103 21 22 29 30 31 32 33 28 23 20 12 19 24 27 16 17 18 25 26 36 37 42 41 43 46 52 53 58 57 54 51 47 44 104 40 49 45 48 50 55 56 59 105 62 63 70 69 74 75 81 73 76 80 86 79 77 72 64 67 68 71 78 82 83 84 85 91 92 96 97 101 102 93 89 90 98 99 100 95 94 88 87 66 65 61 60 39 38 35 34 14 13 4 5 9 8 106 114 112 107 108 109 115 110 111 113 3 
1 2 6 7 10 11 15 103 21 22 29 30 31 32 33 28 23 20 12 19 24 27 16 17 18 25 26 36 37 42 41 43 46 52 53 58 57 54 51 47 44 104 40 49 45 48 50 55 56 59 105 62 63 70 69 74 75 81 73 76 80 86 79 77 72 64 67 68 71 78 82 83 84 85 91 92 96 97 101 102 93 89 90 98 99 100 95 94 88 87 66 65 61 60 39 38 35 34 14 13 4 5 9 8 106 108 109 111 115 110 112 114 107 113 3 
1 2 6 7 10 11 15 103 21 22 29 30 31 32 33 28 23 20 12 19 24 27 16 17 18 25 26 36 37 42 41 43 46 52 53 58 57 54 51 47 44 104 40 49 45 48 50 55 56 59 105 62 63 70 69 74 75 81 73 76 80 86 79 77 72 64 67 68 71 78 82 83 84 85 91 92 96 97 101 102 93 89 90 98 99 100 95 94 88 87 66 65 61 60 39 38 35 34 14 13 4 5 9 8 106 114 107 112 110 115 109 108 111 113 3 
1 2 6 7 10 11 15 103 21 22 29 30 31 32 33 28 23 20 12 19 24 27 16 17 18 25 26 36 37 42 41 43 46 52 53 58 57 54 51 47 44 104 40 49 45 48 50 55 56 59 105 62 63 70 69 74 75 81 73 76 80 86 79 77 72 64 67 68 71 78 82 83 84 85 91 92 96 97 101 102 93 89 90 98 99 100 95 94 88 87 66 65 61 60 39 38 35 34 14 13 4 5 9 8 106 115 108 109 111 110 112 114 107 113 3 
1 2 6 7 10 11 15 103 21 22 29 30 31 32 33 28 23 20 12 19 24 27 16 17 18 25 26 36 37 42 41 43 46 52 53 58 57 54 51 47 44 104 40 49 45 48 50 55 56 59 105 62 63 70 69 74 75 81 73 76 80 86 79 77 72 64 67 68 71 78 82 83 84 85 91 92 96 97 101 102 93 89 90 98 99 100 95 94 88 87 66 65 61 60 39 38 35 34 14 13 4 5 9 8 106 110 108 115 109 107 114 112 111 113 3 
1 2 6 7 10 11 15 103 21 22 29 30 31 32 33 28 23 20 12 19 24 27 16 17 18 25 26 36 37 42 41 43 46 52 53 58 57 54 51 47 44 104 40 49 45 48 50 55 56 59 105 62 63 70 69 74 75 81 73 76 80 86 79 77 72 64 67 68 71 78 82 83 84 85 91 92 96 97 101 102 93 89 90 98 99 100 95 94 88 87 66 65 61 60 39 38 35 34 14 13 4 5 9 8 106 115 110 108 112 114 107 109 111 113 3 
1 2 6 7 10 11 15 103 21 22 29 30 31 32 33 28 23 20 12 19 24 27 16 17 18 25 26 36 37 42 41 43 46 52 53 58 57 54 51 47 44 104 40 49 45 48 50 55 56 59 105 62 63 70 69 74 75 81 73 76 80 86 79 77 72 64 67 68 71 78 82 83 84 85 91 92 96 97 101 102 93 89 90 98 99 100 95 94 88 87 66 65 61 60 39 38 35 34 14 13 4 5 9 8 106 115 111 110 108 109 107 114 112 113 3 
1 2 6 7 10 11 15 103 21 22 29 30 31 32 33 28 23 20 12 19 24 27 16 17 18 25 26 36 37 42 41 43 46 52 53 58 57 54 51 47 44 104 40 49 45 48 50 55 56 59 105 62 63 70 69 74 75 81 73 76 80 86 79 77 72 64 67 68 71 78 82 83 84 85 91 92 96 97 101 102 93 89 90 98 99 100 95 94 88 87 66 65 61 60 39 38 35 34 14 13 4 5 9 8 106 108 115 110 112 114 107 109 111 113 3 
1 2 6 7 10 11 15 103 21 22 29 30 31 32 33 28 23 20 12 19 24 27 16 17 18 25 26 36 37 42 41 43 46 52 53 58 57 54 51 47 44 104 40 49 45 48 50 55 56 59 105 62 63 70 69 74 75 81 73 76 80 86 79 77 72 64 67 68 71 78 82 83 84 85 91 92 96 97 101 102 93 89 90 98 99 100 95 94 88 87 66 65 61 60 39 38 35 34 14 13 4 5 9 8 106 110 115 109 107 114 112 111 108 113 3 
1 2 6 7 10 11 15 103 21 22 29 30 31 32 33 28 23 20 12 19 24 27 16 17 18 25 26 36 37 42 41 43 46 52 53 58 57 54 51 47 44 104 40 49 45 48 50 55 56 59 105 62 63 70 69 74 75 81 73 76 80 86 79 77 72 64 67 68 71 78 82 83 84 85 91 92 96 97 101 102 93 89 90 98 99 100 95 94 88 87 66 65 61 60 39 38 35 34 14 13 4 5 9 8 106 114 107 112 109 108 110 115 111 113 3 
1 2 6 7 10 11 15 103 21 22 29 30 31 32 33 28 23 20 12 19 24 27 16 17 18 25 26 36 37 42 41 43 46 52 53 58 57 54 51 47 44 104 40 49 45 48 50 55 56 59 105 62 63 70 69 74 75 81 73 76 80 86 79 77 72 64 67 68 71 78 82 83 84 85 91 92 96 97 101 102 93 89 90 98 99 100 95 94 88 87 66 65 61 60 39 38 35 34 14 13 4 5 9 8 106 115 110 108 111 109 107 114 112 113 3 
1 2 6 7 10 11 15 103 21 22 29 30 31 32 33 28 23 20 12 19 24 27 16 17 18 25 26 36 37 42 41 43 46 52 53 58 57 54 51 47 44 104 40 49 45 48 50 55 56 59 105 62 63 70 69 74 75 81 73 76 80 86 79 77 72 64 67 68 71 78 82 83 84 85 91 92 96 97 101 102 93 89 90 98 99 100 95 94 88 87 66 65 61 60 39 38 35 34 14 13 4 5 9 8 106 108 109 115 110 111 112 114 107 113 3 
1 2 6 7 10 11 15 103 21 22 29 30 31 32 33 28 23 20 12 19 24 27 16 17 18 25 26 36 37 42 41 43 46 52 53 58 57 54 51 47 44 104 40 49 45 48 50 55 56 59 105 62 63 70 69 74 75 81 73 76 80 86 79 77 72 64 67 68 71 78 82 83 84 85 91 92 96 97 101 102 93 89 90 98 99 100 95 94 88 87 66 65 61 60 39 38 35 34 14 13 4 5 9 8 106 114 107 109 108 112 110 115 111 113 3 
1 2 6 7 10 11 15 103 21 22 29 30 31 32 33 28 23 20 12 19 24 27 16 17 18 25 26 36 37 42 41 43 46 52 53 58 57 54 51 47 44 104 40 49 45 48 50 55 56 59 105 62 63 70 69 74 75 81 73 76 80 86 79 77 72 64 67 68 71 78 82 83 84 85 91 92 96 97 101 102 93 89 90 98 99 100 95 94 88 87 66 65 61 60 39 38 35 34 14 13 4 5 9 8 106 108 115 110 111 109 107 114 112 113 3 
1 2 6 7 10 11 15 103 21 22 29 30 31 32 33 28 23 20 12 19 24 27 16 17 18 25 26 36 37 42 41 43 46 52 53 58 57 54 51 47 44 104 40 49 45 48 50 55 56 59 105 62 63 70 69 74 75 81 73 76 80 86 79 77 72 64 67 68 71 78 82 83 84 85 91 92 96 97 101 102 93 89 90 98 99 100 95 94 88 87 66 65 61 60 39 38 35 34 14 13 4 5 9 8 106 110 115 109 107 114 112 108 111 113 3 
1 2 6 7 10 11 15 103 21 22 29 30 31 32 33 28 23 20 12 19 24 27 16 17 18 25 26 36 37 42 41 43 46 52 53 58 57 54 51 47 44 104 40 49 45 48 50 55 56 59 105 62 63 70 69 74 75 81 73 76 80 86 79 77 72 64 67 68 71 78 82 83 84 85 91 92 96 97 101 102 93 89 90 98 99 100 95 94 88 87 66 65 61 60 39 38 35 34 14 13 4 5 9 8 106 114 107 109 108 111 115 110 112 113 3 
1 2 6 7 10 11 15 103 21 22 29 30 31 32 33 28 23 20 12 19 24 27 16 17 18 25 26 36 37 42 41 43 46 52 53 58 57 54 51 47 44 104 40 49 45 48 50 55 56 59 105 62 63 70 69 74 75 81 73 76 80 86 79 77 72 64 67 68 71 78 82 83 84 85 91 92 96 97 101 102 93 89 90 98 99 100 95 94 88 87 66 65 61 60 39 38 35 34 14 13 4 5 9 8 106 114 112 110 115 111 108 109 107 113 3 
1 2 6 7 10 11 15 103 21 22 29 30 31 32 33 28 23 20 12 19 24 27 16 17 18 25 26 36 37 42 41 43 46 52 53 58 57 54 51 47 44 104 40 49 45 48 50 55 56 59 105 62 63 70 69 74 75 81 73 76 80 86 79 77 72 64 67 68 71 78 82 83 84 85 91 92 96 97 101 102 93 89 90 98 99 100 95 94 88 87 66 65 61 60 39 38 35 34 14 13 4 5 9 8 106 110 115 108 107 114 112 109 111 113 3 
1 2 6 7 10 11 15 103 21 22 29 30 31 32 33 28 23 20 12 19 24 27 16 17 18 25 26 36 37 42 41 43 46 52 53 58 57 54 51 47 44 104 40 49 45 48 50 55 56 59 105 62 63 70 69 74 75 81 73 76 80 86 79 77 72 64 67 68 71 78 82 83 84 85 91 92 96 97 101 102 93 89 90 98 99 100 95 94 88 87 66 65 61 60 39 38 35 34 14 13 4 5 9 8 106 110 111 115 108 109 112 114 107 113 3 
1 2 6 7 10 11 15 103 21 22 29 30 31 32 33 28 23 20 12 19 24 27 16 17 18 25 26 36 37 42 41 43 46 52 53 58 57 54 51 47 44 104 40 49 45 48 50 55 56 59 105 62 63 70 69 74 75 81 73 76 80 86 79 77 72 64 67 68 71 78 82 83 84 85 91 92 96 97 101 102 93 89 90 98 99 100 95 94 88 87 66 65 61 60 39 38 35 34 14 13 4 5 9 8 106 109 108 115 110 111 112 114 107 113 3 
1 2 6 7 10 11 15 103 21 22 29 30 31 32 33 28 23 20 12 19 24 27 16 17 18 25 26 36 37 42 41 43 46 52 53 58 57 54 51 47 44 104 40 49 45 48 50 55 56 59 105 62 63 70 69 74 75 81 73 76 80 86 79 77 72 64 67 68 71 78 82 83 84 85 91 92 96 97 101 102 93 89 90 98 99 100 95 94 88 87 66 65 61 60 39 38 35 34 14 13 4 5 9 8 106 115 110 112 114 107 108 109 111 113 3 
1 2 6 7 10 11 15 103 21 22 29 30 31 32 33 28 23 20 12 19 24 27 16 17 18 25 26 36 37 42 41 43 46 52 53 58 57 54 51 47 44 104 40 49 45 48 50 55 56 59 105 62 63 70 69 74 75 81 73 76 80 86 79 77 72 64 67 68 71 78 82 83 84 85 91 92 96 97 101 102 93 89 90 98 99 100 95 94 88 87 66 65 61 60 39 38 35 34 14 13 4 5 9 8 106 110 115 108 111 109 112 114 107 113 3 
1 2 6 7 10 11 15 103 21 22 29 30 31 32 33 28 23 20 12 19 24 27 16 17 18 25 26 36 37 42 41 43 46 52 53 58 57 54 51 47 44 104 40 49 45 48 50 55 56 59 105 62 63 70 69 74 75 81 73 76 80 86 79 77 72 64 67 68 71 78 82 83 84 85 91 92 96 97 101 102 93 89 90 98 99 100 95 94 88 87 66 65 61 60 39 38 35 34 14 13 4 5 9 8 106 115 110 111 109 108 107 114 112 113 3 
1 2 6 7 10 11 15 103 21 22 29 30 31 32 33 28 23 20 12 19 24 27 16 17 18 25 26 36 37 42 41 43 46 52 53 58 57 54 51 47 44 104 40 49 45 48 50 55 56 59 105 62 63 70 69 74 75 81 73 76 80 86 79 77 72 64 67 68 71 78 82 83 84 85 91 92 96 97 101 102 93 89 90 98 99 100 95 94 88 87 66 65 61 60 39 38 35 34 14 13 4 5 9 8 106 115 110 111 109 108 112 114 107 113 3 
1 2 6 7 10 11 15 103 21 22 29 30 31 32 33 28 23 20 12 19 24 27 16 17 18 25 26 36 37 42 41 43 46 52 53 58 57 54 51 47 44 104 40 49 45 48 50 55 56 59 105 62 63 70 69 74 75 81 73 76 80 86 79 77 72 64 67 68 71 78 82 83 84 85 91 92 96 97 101 102 93 89 90 98 99 100 95 94 88 87 66 65 61 60 39 38 35 34 14 13 4 5 9 8 106 108 109 107 114 112 110 115 111 113 3 
1 2 6 7 10 11 15 103 21 22 29 30 31 32 33 28 23 20 12 19 24 27 16 17 18 25 26 36 37 42 41 43 46 52 53 58 57 54 51 47 44 104 40 49 45 48 50 55 56 59 105 62 63 70 69 74 75 81 73 76 80 86 79 77 72 64 67 68 71 78 82 83 84 85 91 92 96 97 101 102 93 89 90 98 99 100 95 94 88 87 66 65 61 60 39 38 35 34 14 13 4 5 9 8 106 115 108 109 107 114 112 110 111 113 3 
1 2 6 7 10 11 15 103 21 22 29 30 31 32 33 28 23 20 12 19 24 27 16 17 18 25 26 36 37 42 41 43 46 52 53 58 57 54 51 47 44 104 40 49 45 48 50 55 56 59 105 62 63 70 69 74 75 81 73 76 80 86 79 77 72 64 67 68 71 78 82 83 84 85 91 92 96 97 101 102 93 89 90 98 99 100 95 94 88 87 66 65 61 60 39 38 35 34 14 13 4 5 9 8 106 114 107 109 108 110 115 111 112 113 3 
1 2 6 7 10 11 15 103 21 22 29 30 31 32 33 28 23 20 12 19 24 27 16 17 18 25 26 36 37 42 41 43 46 52 53 58 57 54 51 47 44 104 40 49 45 48 50 55 56 59 105 62 63 70 69 74 75 81 73 76 80 86 79 77 72 64 67 68 71 78 82 83 84 85 91 92 96 97 101 102 93 89 90 98 99 100 95 94 88 87 66 65 61 60 39 38 35 34 14 13 4 5 9 8 106 114 112 111 115 110 108 109 107 113 3 
1 2 6 7 10 11 15 103 21 22 29 30 31 32 33 28 23 20 12 19 24 27 16 17 18 25 26 36 37 42 41 43 46 52 53 58 57 54 51 47 44 104 40 49 45 48 50 55 56 59 105 62 63 70 69 74 75 81 73 76 80 86 79 77 72 64 67 68 71 78 82 83 84 85 91 92 96 97 101 102 93 89 90 98 99 100 95 94 88 87 66 65 61 60 39 38 35 34 14 13 4 5 9 8 106 115 110 111 108 109 112 114 107 113 3 
1 2 6 7 10 11 15 103 21 22 29 30 31 32 33 28 23 20 12 19 24 27 16 17 18 25 26 36 37 42 41 43 46 52 53 58 57 54 51 47 44 104 40 49 45 48 50 55 56 59 105 62 63 70 69 74 75 81 73 76 80 86 79 77 72 64 67 68 71 78 82 83 84 85 91 92 96 97 101 102 93 89 90 98 99 100 95 94 88 87 66 65 61 60 39 38 35 34 14 13 4 5 9 8 106 114 107 112 109 108 115 110 111 113 3 
1 2 6 7 10 11 15 103 21 22 29 30 31 32 33 28 23 20 12 19 24 27 16 17 18 25 26 36 37 42 41 43 46 52 53 58 57 54 51 47 44 104 40 49 45 48 50 55 56 59 105 62 63 70 69 74 75 81 73 76 80 86 79 77 72 64 67 68 71 78 82 83 84 85 91 92 96 97 101 102 93 89 90 98 99 100 95 94 88 87 66 65 61 60 39 38 35 34 14 13 4 5 9 8 106 114 107 112 110 115 108 109 111 113 3 
1 2 6 7 10 11 15 103 21 22 29 30 31 32 33 28 23 20 12 19 24 27 16 17 18 25 26 36 37 42 41 43 46 52 53 58 57 54 51 47 44 104 40 49 45 48 50 55 56 59 105 62 63 70 69 74 75 81 73 76 80 86 79 77 72 64 67 68 71 78 82 83 84 85 91 92 96 97 101 102 93 89 90 98 99 100 95 94 88 87 66 65 61 60 39 38 35 34 14 13 4 5 9 8 106 114 112 107 109 108 110 115 111 113 3 
1 2 6 7 10 11 15 103 21 22 29 30 31 32 33 28 23 20 12 19 24 27 16 17 18 25 26 36 37 42 41 43 46 52 53 58 57 54 51 47 44 104 40 49 45 48 50 55 56 59 105 62 63 70 69 74 75 81 73 76 80 86 79 77 72 64 67 68 71 78 82 83 84 85 91 92 96 97 101 102 93 89 90 98 99 100 95 94 88 87 66 65 61 60 39 38 35 34 14 13 4 5 9 8 106 115 110 108 109 111 112 114 107 113 3 
1 2 6 7 10 11 15 103 21 22 29 30 31 32 33 28 23 20 12 19 24 27 16 17 18 25 26 36 37 42 41 43 46 52 53 58 57 54 51 47 44 104 40 49 45 48 50 55 56 59 105 62 63 70 69 74 75 81 73 76 80 86 79 77 72 64 67 68 71 78 82 83 84 85 91 92 96 97 101 102 93 89 90 98 99 100 95 94 88 87 66 65 61 60 39 38 35 34 14 13 4 5 9 8 106 115 110 111 112 114 107 109 108 113 3 
1 2 6 7 10 11 15 103 21 22 29 30 31 32 33 28 23 20 12 19 24 27 16 17 18 25 26 36 37 42 41 43 46 52 53 58 57 54 51 47 44 104 40 49 45 48 50 55 56 59 105 62 63 70 69 74 75 81 73 76 80 86 79 77 72 64 67 68 71 78 82 83 84 85 91 92 96 97 101 102 93 89 90 98 99 100 95 94 88 87 66 65 61 60 39 38 35 34 14 13 4 5 9 8 106 110 115 111 109 108 107 114 112 113 3 
1 2 6 7 10 11 15 103 21 22 29 30 31 32 33 28 23 20 12 19 24 27 16 17 18 25 26 36 37 42 41 43 46 52 53 58 57 54 51 47 44 104 40 49 45 48 50 55 56 59 105 62 63 70 69 74 75 81 73 76 80 86 79 77 72 64 67 68 71 78 82 83 84 85 91 92 96 97 101 102 93 89 90 98 99 100 95 94 88 87 66 65 61 60 39 38 35 34 14 13 4 5 9 8 106 110 115 111 109 108 112 114 107 113 3 
1 2 6 7 10 11 15 103 21 22 29 30 31 32 33 28 23 20 12 19 24 27 16 17 18 25 26 36 37 42 41 43 46 52 53 58 57 54 51 47 44 104 40 49 45 48 50 55 56 59 105 62 63 70 69 74 75 81 73 76 80 86 79 77 72 64 67 68 71 78 82 83 84 85 91 92 96 97 101 102 93 89 90 98 99 100 95 94 88 87 66 65 61 60 39 38 35 34 14 13 4 5 9 8 106 110 112 114 107 109 108 115 111 113 3 
1 2 6 7 10 11 15 103 21 22 29 30 31 32 33 28 23 20 12 19 24 27 16 17 18 25 26 36 37 42 41 43 46 52 53 58 57 54 51 47 44 104 40 49 45 48 50 55 56 59 105 62 63 70 69 74 75 81 73 76 80 86 79 77 72 64 67 68 71 78 82 83 84 85 91 92 96 97 101 102 93 89 90 98 99 100 95 94 88 87 66 65 61 60 39 38 35 34 14 13 4 5 9 8 106 110 115 111 108 109 112 114 107 113 3 
1 2 6 7 10 11 15 103 21 22 29 30 31 32 33 28 23 20 12 19 24 27 16 17 18 25 26 36 37 42 41 43 46 52 53 58 57 54 51 47 44 104 40 49 45 48 50 55 56 59 105 62 63 70 69 74 75 81 73 76 80 86 79 77 72 64 67 68 71 78 82 83 84 85 91 92 96 97 101 102 93 89 90 98 99 100 95 94 88 87 66 65 61 60 39 38 35 34 14 13 4 5 9 8 106 110 115 109 108 107 114 112 111 113 3 
1 2 6 7 10 11 15 103 21 22 29 30 31 32 33 28 23 20 12 19 24 27 16 17 18 25 26 36 37 42 41 43 46 52 53 58 57 54 51 47 44 104 40 49 45 48 50 55 56 59 105 62 63 70 69 74 75 81 73 76 80 86 79 77 72 64 67 68 71 78 82 83 84 85 91 92 96 97 101 102 93 89 90 98 99 100 95 94 88 87 66 65 61 60 39 38 35 34 14 13 4 5 9 8 106 110 115 108 112 114 107 109 111 113 3 
1 2 6 7 10 11 15 103 21 22 29 30 31 32 33 28 23 20 12 19 24 27 16 17 18 25 26 36 37 42 41 43 46 52 53 58 57 54 51 47 44 104 40 49 45 48 50 55 56 59 105 62 63 70 69 74 75 81 73 76 80 86 79 77 72 64 67 68 71 78 82 83 84 85 91 92 96 97 101 102 93 89 90 98 99 100 95 94 88 87 66 65 61 60 39 38 35 34 14 13 4 5 9 8 106 110 111 115 108 109 107 114 112 113 3 
1 2 6 7 10 11 15 103 21 22 29 30 31 32 33 28 23 20 12 19 24 27 16 17 18 25 26 36 37 42 41 43 46 52 53 58 57 54 51 47 44 104 40 49 45 48 50 55 56 59 105 62 63 70 69 74 75 81 73 76 80 86 79 77 72 64 67 68 71 78 82 83 84 85 91 92 96 97 101 102 93 89 90 98 99 100 95 94 88 87 66 65 61 60 39 38 35 34 14 13 4 5 9 8 106 114 107 109 108 115 110 112 111 113 3 
1 2 6 7 10 11 15 103 21 22 29 30 31 32 33 28 23 20 12 19 24 27 16 17 18 25 26 36 37 42 41 43 46 52 53 58 57 54 51 47 44 104 40 49 45 48 50 55 56 59 105 62 63 70 69 74 75 81 73 76 80 86 79 77 72 64 67 68 71 78 82 83 84 85 91 92 96 97 101 102 93 89 90 98 99 100 95 94 88 87 66 65 61 60 39 38 35 34 14 13 4 5 9 8 106 110 115 109 108 111 112 114 107 113 3 
1 2 6 7 10 11 15 103 21 22 29 30 31 32 33 28 23 20 12 19 24 27 16 17 18 25 26 36 37 42 41 43 46 52 53 58 57 54 51 47 44 104 40 49 45 48 50 55 56 59 105 62 63 70 69 74 75 81 73 76 80 86 79 77 72 64 67 68 71 78 82 83 84 85 91 92 96 97 101 102 93 89 90 98 99 100 95 94 88 87 66 65 61 60 39 38 35 34 14 13 4 5 9 8 106 115 110 112 114 107 109 108 111 113 3 
1 2 6 7 10 11 15 103 21 22 29 30 31 32 33 28 23 20 12 19 24 27 16 17 18 25 26 36 37 42 41 43 46 52 53 58 57 54 51 47 44 104 40 49 45 48 50 55 56 59 105 62 63 70 69 74 75 81 73 76 80 86 79 77 72 64 67 68 71 78 82 83 84 85 91 92 96 97 101 102 93 89 90 98 99 100 95 94 88 87 66 65 61 60 39 38 35 34 14 13 4 5 9 8 106 110 115 108 111 109 107 114 112 113 3 
1 2 6 7 10 11 15 103 21 22 29 30 31 32 33 28 23 20 12 19 24 27 16 17 18 25 26 36 37 42 41 43 46 52 53 58 57 54 51 47 44 104 40 49 45 48 50 55 56 59 105 62 63 70 69 74 75 81 73 76 80 86 79 77 72 64 67 68 71 78 82 83 84 85 91 92 96 97 101 102 93 89 90 98 99 100 95 94 88 87 66 65 61 60 39 38 35 34 14 13 4 5 9 8 106 114 107 109 108 115 110 111 112 113 3 
1 2 6 7 10 11 15 103 21 22 29 30 31 32 33 28 23 20 12 19 24 27 16 17 18 25 26 36 37 42 41 43 46 52 53 58 57 54 51 47 44 104 40 49 45 48 50 55 56 59 105 62 63 70 69 74 75 81 73 76 80 86 79 77 72 64 67 68 71 78 82 83 84 85 91 92 96 97 101 102 93 89 90 98 99 100 95 94 88 87 66 65 61 60 39 38 35 34 14 13 4 5 9 8 106 114 112 111 110 115 108 109 107 113 3 
1 2 6 7 10 11 15 103 21 22 29 30 31 32 33 28 23 20 12 19 24 27 16 17 18 25 26 36 37 42 41 43 46 52 53 58 57 54 51 47 44 104 40 49 45 48 50 55 56 59 105 62 63 70 69 74 75 81 73 76 80 86 79 77 72 64 67 68 71 78 82 83 84 85 91 92 96 97 101 102 93 89 90 98 99 100 95 94 88 87 66 65 61 60 39 38 35 34 14 13 4 5 9 8 106 115 110 111 108 109 107 114 112 113 3 
1 2 6 7 10 11 15 103 21 22 29 30 31 32 33 28 23 20 12 19 24 27 16 17 18 25 26 36 37 42 41 43 46 52 53 58 57 54 51 47 44 104 40 49 45 48 50 55 56 59 105 62 63 70 69 74 75 81 73 76 80 86 79 77 72 64 67 68 71 78 82 83 84 85 91 92 96 97 101 102 93 89 90 98 99 100 95 94 88 87 66 65 61 60 39 38 35 34 14 13 4 5 9 8 106 110 115 111 112 114 107 109 108 113 3 
1 2 6 7 10 11 15 103 21 22 29 30 31 32 33 28 23 20 12 19 24 27 16 17 18 25 26 36 37 42 41 43 46 52 53 58 57 54 51 47 44 104 40 49 45 48 50 55 56 59 105 62 63 70 69 74 75 81 73 76 80 86 79 77 72 64 67 68 71 78 82 83 84 85 91 92 96 97 101 102 93 89 90 98 99 100 95 94 88 87 66 65 61 60 39 38 35 34 14 13 4 5 9 8 106 114 112 107 109 108 115 110 111 113 3 
1 2 6 7 10 11 15 103 21 22 29 30 31 32 33 28 23 20 12 19 24 27 16 17 18 25 26 36 37 42 41 43 46 52 53 58 57 54 51 47 44 104 40 49 45 48 50 55 56 59 105 62 63 70 69 74 75 81 73 76 80 86 79 77 72 64 67 68 71 78 82 83 84 85 91 92 96 97 101 102 93 89 90 98 99 100 95 94 88 87 66 65 61 60 39 38 35 34 14 13 4 5 9 8 106 115 110 108 109 107 114 112 111 113 3 
1 2 6 7 10 11 15 103 21 22 29 30 31 32 33 28 23 20 12 19 24 27 16 17 18 25 26 36 37 42 41 43 46 52 53 58 57 54 51 47 44 104 40 49 45 48 50 55 56 59 105 62 63 70 69 74 75 81 73 76 80 86 79 77 72 64 67 68 71 78 82 83 84 85 91 92 96 97 101 102 93 89 90 98 99 100 95 94 88 87 66 65 61 60 39 38 35 34 14 13 4 5 9 8 106 110 115 111 108 109 107 114 112 113 3 
1 2 6 7 10 11 15 103 21 22 29 30 31 32 33 28 23 20 12 19 24 27 16 17 18 25 26 36 37 42 41 43 46 52 53 58 57 54 51 47 44 104 40 49 45 48 50 55 56 59 105 62 63 70 69 74 75 81 73 76 80 86 79 77 72 64 67 68 71 78 82 83 84 85 91 92 96 97 101 102 93 89 90 98 99 100 95 94 88 87 66 65 61 60 39 38 35 34 14 13 4 5 9 8 106 110 115 108 109 111 112 114 107 113 3 
1 2 6 7 10 11 15 103 21 22 29 30 31 32 33 28 23 20 12 19 24 27 16 17 18 25 26 36 37 42 41 43 46 52 53 58 57 54 51 47 44 104 40 49 45 48 50 55 56 59 105 62 63 70 69 74 75 81 73 76 80 86 79 77 72 64 67 68 71 78 82 83 84 85 91 92 96 97 101 102 93 89 90 98 99 100 95 94 88 87 66 65 61 60 39 38 35 34 14 13 4 5 9 8 106 115 110 109 108 111 112 114 107 113 3 
1 2 6 7 10 11 15 103 21 22 29 30 31 32 33 28 23 20 12 19 24 27 16 17 18 25 26 36 37 42 41 43 46 52 53 58 57 54 51 47 44 104 40 49 45 48 50 55 56 59 105 62 63 70 69 74 75 81 73 76 80 86 79 77 72 64 67 68 71 78 82 83 84 85 91 92 96 97 101 102 93 89 90 98 99 100 95 94 88 87 66 65 61 60 39 38 35 34 14 13 4 5 9 8 106 110 115 108 109 107 114 112 111 113 3 
1 2 6 7 10 11 15 103 21 22 29 30 31 32 33 28 23 20 12 19 24 27 16 17 18 25 26 36 37 42 41 43 46 52 53 58 57 54 51 47 44 104 40 49 45 48 50 55 56 59 105 62 63 70 69 74 75 81 73 76 80 86 79 77 72 64 67 68 71 78 82 83 84 85 91 92 96 97 101 102 93 89 90 98 99 100 95 94 88 87 66 65 61 60 39 38 35 34 14 13 4 5 9 8 106 110 115 108 109 107 112 114 111 113 3 
0
15431 17404 
15449 17083 
15565 16972 
15567 16906 
15571 16900 
15571 16900 
15577 16891 
15589 16873 
15589 16873 
15589 16873 
15603 16852 
15603 16852 
15657 16834 
15659 16768 
15663 16762 
15669 16753 
15675 16744 
15693 16717 
15703 16702 
15703 16702 
15713 16687 
15715 16684 
15715 16684 
15715 16684 
15723 16672 
15725 16669 
15725 16669 
15725 16669 
15731 16660 
15731 16660 
15735 16654 
15737 16651 
15747 16636 
15755 16624 
15757 16621 
15759 16618 
15781 16585 
15781 16585 
15783 16582 
15787 16576 
15793 16567 
15795 16564 
15801 16555 
15805 16549 
15805 16549 
15805 16549 
15811 16540 
15811 16540 
15811 16540 
15813 16537 
15815 16534 
15815 16534 
15815 16534 
15815 16534 
15821 16525 
15829 16513 
15833 16507 
15833 16507 
15833 16507 
15833 16507 
15833 16507 
15833 16507 
15835 16504 
15835 16504 
15835 16504 
15837 16501 
15847 16486 
15853 16477 
15853 16477 
15853 16477 
15855 16474 
15855 16474 
15855 16474 
15857 16471 
15857 16471 
15863 16462 
15865 16459 
15867 16456 
15867 16456 
15871 16450 
15873 16447 
15875 16444 
15877 16441 
15877 16441 
15877 16441 
15885 16429 
15885 16429 
15887 16426 
15887 16426 
15887 16426 
15889 16423 
15891 16420 
15895 16414 
15901 16405 
15901 16405 
15901 16405 
15907 16396 
15909 16393 
15909 16393 
15911 16390 
15911 16390 
15911 16390 
15913 16387 
15913 16387 
15923 16372 
15927 16366 
15927 16366 
15927 16366 
15933 16357 
15933 16357 
15933 16357 
15939 16348 
15941 16345 
15945 16339 
15947 16336 
15947 16336 
15949 16333 
15951 16330 
15957 16321 
15961 16315 
15961 16315 
15961 16315 
15967 16306 
15967 16306 
15967 16306 
15967 16306 
15969 16303 
15969 16303 
15969 16303 
15971 16300 
15979 16288 
15979 16288 
15979 16288 
15981 16285 
15983 16282 
15983 16282 
15989 16273 
15989 16273 
15989 16273 
15989 16273 
15999 16258 
15999 16258 
16001 16255 
16009 16243 
16009 16243 
16021 16225 
16023 16222 
16023 16222 
16029 16213 
16029 16213 
16029 16213 
16029 16213 
16033 16207 
16035 16204 
16035 16204 
16043 16192 
16043 16192 
16047 16186 
16049 16183 
16051 16180 
16053 16177 
16053 16177 
16053 16177 
16057 16171 
16057 16171 
16059 16168 
16059 16168 
16063 16162 
16063 16162 
16065 16159 
16069 16153 
16069 16153 
16069 16153 
16075 16144 
16075 16144 
16075 16144 
16075 16144 
16079 16138 
16079 16138 
16079 16138 
16081 16135 
16081 16135 
16087 16126 
16093 16117 
16093 16117 
16093 16117 
16099 16108 
16099 16108 
16099 16108 
16101 16105 
16101 16105 
16103 16102 
16109 16093 
16109 16093 
16109 16093 
16115 16084 
16115 16084 
16115 16084 
16117 16081 
16121 16075 
16121 16075 
16125 16069 
16135 16054 
16139 16048 
16145 16039 
16149 16033 
16149 16033 
16155 16024 
16155 16024 
16155 16024 
16157 16021 
16159 16018 
16165 16009 
16173 15997 
16175 15994 
16175 15994 
16187 15976 
16189 15973 
16189 15973 
16195 15964 
16215 15934 
16217 15931 
16217 15931 
16225 15919 
16231 15910 
16243 15892 
16245 15889 
16253 15877 
16267 15856 
16267 15856 
16269 15853 
16269 15853 
16271 15850 
16271 15850 
16273 15847 
16301 15805 
16301 15805 
16311 15790 
16327 15766 
16341 15745 
16343 15742 
16343 15742 
16345 15739 
16349 15733 
16355 15724 
16361 15715 
16367 15706 
16375 15694 
16383 15682 
16387 15676 
16389 15673 
16397 15661 
16397 15661 
16409 15643 
16417 15631 
16437 15601 
16441 15595 
16485 15529 
16529 15463 
16603 15460 
16643 15292 
16867 15250 
