1 2 6 7 10 11 15 103 21 22 29 30 31 32 33 28 23 20 12 19 24 27 16 17 18 25 26 36 37 42 41 115 110 107 113 106 109 111 112 108 114 43 46 52 53 58 57 54 51 47 44 104 40 49 45 48 50 55 56 59 105 62 63 70 69 74 75 81 73 76 80 86 79 77 72 64 67 68 71 78 82 83 84 85 91 92 96 97 101 102 93 89 90 98 99 100 95 94 88 87 66 65 61 60 39 38 35 34 14 13 4 5 9 8 3 
1 2 6 7 10 11 15 103 21 22 29 30 31 32 33 28 23 20 12 19 24 27 16 17 18 25 26 36 37 42 41 115 110 106 113 107 109 111 112 108 114 43 46 52 53 58 57 54 51 47 44 104 40 49 45 48 50 55 56 59 105 62 63 70 69 74 75 81 73 76 80 86 79 77 72 64 67 68 71 78 82 83 84 85 91 92 96 97 101 102 93 89 90 98 99 100 95 94 88 87 66 65 61 60 39 38 35 34 14 13 4 5 9 8 3 
1 2 6 7 10 11 15 103 21 22 29 30 31 32 33 28 23 20 12 19 24 27 16 17 18 25 26 36 37 42 41 115 110 107 113 106 112 111 109 108 114 43 46 52 53 58 57 54 51 47 44 104 40 49 45 48 50 55 56 59 105 62 63 70 69 74 75 81 73 76 80 86 79 77 72 64 67 68 71 78 82 83 84 85 91 92 96 97 101 102 93 89 90 98 99 100 95 94 88 87 66 65 61 60 39 38 35 34 14 13 4 5 9 8 3 
1 2 6 7 10 11 15 103 21 22 29 30 31 32 33 28 23 20 12 19 24 27 16 17 18 25 26 36 37 42 41 115 110 107 113 109 111 106 112 108 114 43 46 52 53 58 57 54 51 47 44 104 40 49 45 48 50 55 56 59 105 62 63 70 69 74 75 81 73 76 80 86 79 77 72 64 67 68 71 78 82 83 84 85 91 92 96 97 101 102 93 89 90 98 99 100 95 94 88 87 66 65 61 60 39 38 35 34 14 13 4 5 9 8 3 
1 2 6 7 10 11 15 103 21 22 29 30 31 32 33 28 23 20 12 19 24 27 16 17 18 25 26 36 37 42 41 115 110 107 113 106 112 108 109 111 114 43 46 52 53 58 57 54 51 47 44 104 40 49 45 48 50 55 56 59 105 62 63 70 69 74 75 81 73 76 80 86 79 77 72 64 67 68 71 78 82 83 84 85 91 92 96 97 101 102 93 89 90 98 99 100 95 94 88 87 66 65 61 60 39 38 35 34 14 13 4 5 9 8 3 
1 2 6 7 10 11 15 103 21 22 29 30 31 32 33 28 23 20 12 19 24 27 16 17 18 25 26 36 37 42 41 115 110 107 113 109 106 111 112 108 114 43 46 52 53 58 57 54 51 47 44 104 40 49 45 48 50 55 56 59 105 62 63 70 69 74 75 81 73 76 80 86 79 77 72 64 67 68 71 78 82 83 84 85 91 92 96 97 101 102 93 89 90 98 99 100 95 94 88 87 66 65 61 60 39 38 35 34 14 13 4 5 9 8 3 
1 2 6 7 10 11 15 103 21 22 29 30 31 32 33 28 23 20 12 19 24 27 16 17 18 25 26 36 37 42 41 115 110 107 113 106 109 108 112 111 114 43 46 52 53 58 57 54 51 47 44 104 40 49 45 48 50 55 56 59 105 62 63 70 69 74 75 81 73 76 80 86 79 77 72 64 67 68 71 78 82 83 84 85 91 92 96 97 101 102 93 89 90 98 99 100 95 94 88 87 66 65 61 60 39 38 35 34 14 13 4 5 9 8 3 
1 2 6 7 10 11 15 103 21 22 29 30 31 32 33 28 23 20 12 19 24 27 16 17 18 25 26 36 37 42 41 115 110 109 107 113 106 111 112 108 114 43 46 52 53 58 57 54 51 47 44 104 40 49 45 48 50 55 56 59 105 62 63 70 69 74 75 81 73 76 80 86 79 77 72 64 67 68 71 78 82 83 84 85 91 92 96 97 101 102 93 89 90 98 99 100 95 94 88 87 66 65 61 60 39 38 35 34 14 13 4 5 9 8 3 
1 2 6 7 10 11 15 103 21 22 29 30 31 32 33 28 23 20 12 19 24 27 16 17 18 25 26 36 37 42 41 115 110 106 113 107 109 108 112 111 114 43 46 52 53 58 57 54 51 47 44 104 40 49 45 48 50 55 56 59 105 62 63 70 69 74 75 81 73 76 80 86 79 77 72 64 67 68 71 78 82 83 84 85 91 92 96 97 101 102 93 89 90 98 99 100 95 94 88 87 66 65 61 60 39 38 35 34 14 13 4 5 9 8 3 
1 2 6 7 10 11 15 103 21 22 29 30 31 32 33 28 23 20 12 19 24 27 16 17 18 25 26 36 37 42 41 115 110 107 113 111 109 106 112 108 114 43 46 52 53 58 57 54 51 47 44 104 40 49 45 48 50 55 56 59 105 62 63 70 69 74 75 81 73 76 80 86 79 77 72 64 67 68 71 78 82 83 84 85 91 92 96 97 101 102 93 89 90 98 99 100 95 94 88 87 66 65 61 60 39 38 35 34 14 13 4 5 9 8 3 
1 2 6 7 10 11 15 103 21 22 29 30 31 32 33 28 23 20 12 19 24 27 16 17 18 25 26 36 37 42 41 115 110 111 109 107 113 106 112 108 114 43 46 52 53 58 57 54 51 47 44 104 40 49 45 48 50 55 56 59 105 62 63 70 69 74 75 81 73 76 80 86 79 77 72 64 67 68 71 78 82 83 84 85 91 92 96 97 101 102 93 89 90 98 99 100 95 94 88 87 66 65 61 60 39 38 35 34 14 13 4 5 9 8 3 
1 2 6 7 10 11 15 103 21 22 29 30 31 32 33 28 23 20 12 19 24 27 16 17 18 25 26 36 37 42 41 115 110 113 107 109 111 106 112 108 114 43 46 52 53 58 57 54 51 47 44 104 40 49 45 48 50 55 56 59 105 62 63 70 69 74 75 81 73 76 80 86 79 77 72 64 67 68 71 78 82 83 84 85 91 92 96 97 101 102 93 89 90 98 99 100 95 94 88 87 66 65 61 60 39 38 35 34 14 13 4 5 9 8 3 
1 2 6 7 10 11 15 103 21 22 29 30 31 32 33 28 23 20 12 19 24 27 16 17 18 25 26 36 37 42 41 115 110 107 109 113 106 111 112 108 114 43 46 52 53 58 57 54 51 47 44 104 40 49 45 48 50 55 56 59 105 62 63 70 69 74 75 81 73 76 80 86 79 77 72 64 67 68 71 78 82 83 84 85 91 92 96 97 101 102 93 89 90 98 99 100 95 94 88 87 66 65 61 60 39 38 35 34 14 13 4 5 9 8 3 
1 2 6 7 10 11 15 103 21 22 29 30 31 32 33 28 23 20 12 19 24 27 16 17 18 25 26 36 37 42 41 115 110 106 109 111 112 108 107 113 114 43 46 52 53 58 57 54 51 47 44 104 40 49 45 48 50 55 56 59 105 62 63 70 69 74 75 81 73 76 80 86 79 77 72 64 67 68 71 78 82 83 84 85 91 92 96 97 101 102 93 89 90 98 99 100 95 94 88 87 66 65 61 60 39 38 35 34 14 13 4 5 9 8 3 
1 2 6 7 10 11 15 103 21 22 29 30 31 32 33 28 23 20 12 19 24 27 16 17 18 25 26 36 37 42 41 115 110 107 109 111 113 106 112 108 114 43 46 52 53 58 57 54 51 47 44 104 40 49 45 48 50 55 56 59 105 62 63 70 69 74 75 81 73 76 80 86 79 77 72 64 67 68 71 78 82 83 84 85 91 92 96 97 101 102 93 89 90 98 99 100 95 94 88 87 66 65 61 60 39 38 35 34 14 13 4 5 9 8 3 
1 2 6 7 10 11 15 103 21 22 29 30 31 32 33 28 23 20 12 19 24 27 16 17 18 25 26 36 37 42 41 115 110 106 112 111 109 113 107 108 114 43 46 52 53 58 57 54 51 47 44 104 40 49 45 48 50 55 56 59 105 62 63 70 69 74 75 81 73 76 80 86 79 77 72 64 67 68 71 78 82 83 84 85 91 92 96 97 101 102 93 89 90 98 99 100 95 94 88 87 66 65 61 60 39 38 35 34 14 13 4 5 9 8 3 
1 2 6 7 10 11 15 103 21 22 29 30 31 32 33 28 23 20 12 19 24 27 16 17 18 25 26 36 37 42 41 115 110 109 111 112 106 113 107 108 114 43 46 52 53 58 57 54 51 47 44 104 40 49 45 48 50 55 56 59 105 62 63 70 69 74 75 81 73 76 80 86 79 77 72 64 67 68 71 78 82 83 84 85 91 92 96 97 101 102 93 89 90 98 99 100 95 94 88 87 66 65 61 60 39 38 35 34 14 13 4 5 9 8 3 
1 2 6 7 10 11 15 103 21 22 29 30 31 32 33 28 23 20 12 19 24 27 16 17 18 25 26 36 37 42 41 115 110 106 112 108 107 113 109 111 114 43 46 52 53 58 57 54 51 47 44 104 40 49 45 48 50 55 56 59 105 62 63 70 69 74 75 81 73 76 80 86 79 77 72 64 67 68 71 78 82 83 84 85 91 92 96 97 101 102 93 89 90 98 99 100 95 94 88 87 66 65 61 60 39 38 35 34 14 13 4 5 9 8 3 
1 2 6 7 10 11 15 103 21 22 29 30 31 32 33 28 23 20 12 19 24 27 16 17 18 25 26 36 37 42 41 115 110 107 108 112 111 109 106 113 114 43 46 52 53 58 57 54 51 47 44 104 40 49 45 48 50 55 56 59 105 62 63 70 69 74 75 81 73 76 80 86 79 77 72 64 67 68 71 78 82 83 84 85 91 92 96 97 101 102 93 89 90 98 99 100 95 94 88 87 66 65 61 60 39 38 35 34 14 13 4 5 9 8 3 
1 2 6 7 10 11 15 103 21 22 29 30 31 32 33 28 23 20 12 19 24 27 16 17 18 25 26 36 37 42 41 115 110 108 112 106 113 107 109 111 114 43 46 52 53 58 57 54 51 47 44 104 40 49 45 48 50 55 56 59 105 62 63 70 69 74 75 81 73 76 80 86 79 77 72 64 67 68 71 78 82 83 84 85 91 92 96 97 101 102 93 89 90 98 99 100 95 94 88 87 66 65 61 60 39 38 35 34 14 13 4 5 9 8 3 
1 2 6 7 10 11 15 103 21 22 29 30 31 32 33 28 23 20 12 19 24 27 16 17 18 25 26 36 37 42 41 115 110 107 108 112 106 113 109 111 114 43 46 52 53 58 57 54 51 47 44 104 40 49 45 48 50 55 56 59 105 62 63 70 69 74 75 81 73 76 80 86 79 77 72 64 67 68 71 78 82 83 84 85 91 92 96 97 101 102 93 89 90 98 99 100 95 94 88 87 66 65 61 60 39 38 35 34 14 13 4 5 9 8 3 
1 2 6 7 10 11 15 103 21 22 29 30 31 32 33 28 23 20 12 19 24 27 16 17 18 25 26 36 37 42 41 115 110 106 109 107 113 111 112 108 114 43 46 52 53 58 57 54 51 47 44 104 40 49 45 48 50 55 56 59 105 62 63 70 69 74 75 81 73 76 80 86 79 77 72 64 67 68 71 78 82 83 84 85 91 92 96 97 101 102 93 89 90 98 99 100 95 94 88 87 66 65 61 60 39 38 35 34 14 13 4 5 9 8 3 
1 2 6 7 10 11 15 103 21 22 29 30 31 32 33 28 23 20 12 19 24 27 16 17 18 25 26 36 37 42 41 115 110 113 107 109 106 111 112 108 114 43 46 52 53 58 57 54 51 47 44 104 40 49 45 48 50 55 56 59 105 62 63 70 69 74 75 81 73 76 80 86 79 77 72 64 67 68 71 78 82 83 84 85 91 92 96 97 101 102 93 89 90 98 99 100 95 94 88 87 66 65 61 60 39 38 35 34 14 13 4 5 9 8 3 
1 2 6 7 10 11 15 103 21 22 29 30 31 32 33 28 23 20 12 19 24 27 16 17 18 25 26 36 37 42 41 115 110 106 113 107 108 112 111 109 114 43 46 52 53 58 57 54 51 47 44 104 40 49 45 48 50 55 56 59 105 62 63 70 69 74 75 81 73 76 80 86 79 77 72 64 67 68 71 78 82 83 84 85 91 92 96 97 101 102 93 89 90 98 99 100 95 94 88 87 66 65 61 60 39 38 35 34 14 13 4 5 9 8 3 
1 2 6 7 10 11 15 103 21 22 29 30 31 32 33 28 23 20 12 19 24 27 16 17 18 25 26 36 37 42 41 115 110 106 111 112 108 109 107 113 114 43 46 52 53 58 57 54 51 47 44 104 40 49 45 48 50 55 56 59 105 62 63 70 69 74 75 81 73 76 80 86 79 77 72 64 67 68 71 78 82 83 84 85 91 92 96 97 101 102 93 89 90 98 99 100 95 94 88 87 66 65 61 60 39 38 35 34 14 13 4 5 9 8 3 
1 2 6 7 10 11 15 103 21 22 29 30 31 32 33 28 23 20 12 19 24 27 16 17 18 25 26 36 37 42 41 115 110 107 113 109 108 112 106 111 114 43 46 52 53 58 57 54 51 47 44 104 40 49 45 48 50 55 56 59 105 62 63 70 69 74 75 81 73 76 80 86 79 77 72 64 67 68 71 78 82 83 84 85 91 92 96 97 101 102 93 89 90 98 99 100 95 94 88 87 66 65 61 60 39 38 35 34 14 13 4 5 9 8 3 
1 2 6 7 10 11 15 103 21 22 29 30 31 32 33 28 23 20 12 19 24 27 16 17 18 25 26 36 37 42 41 115 110 108 112 111 109 106 113 107 114 43 46 52 53 58 57 54 51 47 44 104 40 49 45 48 50 55 56 59 105 62 63 70 69 74 75 81 73 76 80 86 79 77 72 64 67 68 71 78 82 83 84 85 91 92 96 97 101 102 93 89 90 98 99 100 95 94 88 87 66 65 61 60 39 38 35 34 14 13 4 5 9 8 3 
1 2 6 7 10 11 15 103 21 22 29 30 31 32 33 28 23 20 12 19 24 27 16 17 18 25 26 36 37 42 41 115 110 107 109 106 113 111 112 108 114 43 46 52 53 58 57 54 51 47 44 104 40 49 45 48 50 55 56 59 105 62 63 70 69 74 75 81 73 76 80 86 79 77 72 64 67 68 71 78 82 83 84 85 91 92 96 97 101 102 93 89 90 98 99 100 95 94 88 87 66 65 61 60 39 38 35 34 14 13 4 5 9 8 3 
1 2 6 7 10 11 15 103 21 22 29 30 31 32 33 28 23 20 12 19 24 27 16 17 18 25 26 36 37 42 41 115 110 106 109 113 107 108 112 111 114 43 46 52 53 58 57 54 51 47 44 104 40 49 45 48 50 55 56 59 105 62 63 70 69 74 75 81 73 76 80 86 79 77 72 64 67 68 71 78 82 83 84 85 91 92 96 97 101 102 93 89 90 98 99 100 95 94 88 87 66 65 61 60 39 38 35 34 14 13 4 5 9 8 3 
1 2 6 7 10 11 15 103 21 22 29 30 31 32 33 28 23 20 12 19 24 27 16 17 18 25 26 36 37 42 41 115 110 109 106 113 107 108 112 111 114 43 46 52 53 58 57 54 51 47 44 104 40 49 45 48 50 55 56 59 105 62 63 70 69 74 75 81 73 76 80 86 79 77 72 64 67 68 71 78 82 83 84 85 91 92 96 97 101 102 93 89 90 98 99 100 95 94 88 87 66 65 61 60 39 38 35 34 14 13 4 5 9 8 3 
1 2 6 7 10 11 15 103 21 22 29 30 31 32 33 28 23 20 12 19 24 27 16 17 18 25 26 36 37 42 41 115 110 106 113 109 111 112 108 107 114 43 46 52 53 58 57 54 51 47 44 104 40 49 45 48 50 55 56 59 105 62 63 70 69 74 75 81 73 76 80 86 79 77 72 64 67 68 71 78 82 83 84 85 91 92 96 97 101 102 93 89 90 98 99 100 95 94 88 87 66 65 61 60 39 38 35 34 14 13 4 5 9 8 3 
1 2 6 7 10 11 15 103 21 22 29 30 31 32 33 28 23 20 12 19 24 27 16 17 18 25 26 36 37 42 41 115 110 107 109 108 112 111 106 113 114 43 46 52 53 58 57 54 51 47 44 104 40 49 45 48 50 55 56 59 105 62 63 70 69 74 75 81 73 76 80 86 79 77 72 64 67 68 71 78 82 83 84 85 91 92 96 97 101 102 93 89 90 98 99 100 95 94 88 87 66 65 61 60 39 38 35 34 14 13 4 5 9 8 3 
1 2 6 7 10 11 15 103 21 22 29 30 31 32 33 28 23 20 12 19 24 27 16 17 18 25 26 36 37 42 41 115 110 107 113 106 111 112 108 109 114 43 46 52 53 58 57 54 51 47 44 104 40 49 45 48 50 55 56 59 105 62 63 70 69 74 75 81 73 76 80 86 79 77 72 64 67 68 71 78 82 83 84 85 91 92 96 97 101 102 93 89 90 98 99 100 95 94 88 87 66 65 61 60 39 38 35 34 14 13 4 5 9 8 3 
1 2 6 7 10 11 15 103 21 22 29 30 31 32 33 28 23 20 12 19 24 27 16 17 18 25 26 36 37 42 41 115 110 113 107 108 112 106 109 111 114 43 46 52 53 58 57 54 51 47 44 104 40 49 45 48 50 55 56 59 105 62 63 70 69 74 75 81 73 76 80 86 79 77 72 64 67 68 71 78 82 83 84 85 91 92 96 97 101 102 93 89 90 98 99 100 95 94 88 87 66 65 61 60 39 38 35 34 14 13 4 5 9 8 3 
1 2 6 7 10 11 15 103 21 22 29 30 31 32 33 28 23 20 12 19 24 27 16 17 18 25 26 36 37 42 41 115 110 106 111 112 108 109 113 107 114 43 46 52 53 58 57 54 51 47 44 104 40 49 45 48 50 55 56 59 105 62 63 70 69 74 75 81 73 76 80 86 79 77 72 64 67 68 71 78 82 83 84 85 91 92 96 97 101 102 93 89 90 98 99 100 95 94 88 87 66 65 61 60 39 38 35 34 14 13 4 5 9 8 3 
1 2 6 7 10 11 15 103 21 22 29 30 31 32 33 28 23 20 12 19 24 27 16 17 18 25 26 36 37 42 41 115 110 109 108 112 111 106 113 107 114 43 46 52 53 58 57 54 51 47 44 104 40 49 45 48 50 55 56 59 105 62 63 70 69 74 75 81 73 76 80 86 79 77 72 64 67 68 71 78 82 83 84 85 91 92 96 97 101 102 93 89 90 98 99 100 95 94 88 87 66 65 61 60 39 38 35 34 14 13 4 5 9 8 3 
1 2 6 7 10 11 15 103 21 22 29 30 31 32 33 28 23 20 12 19 24 27 16 17 18 25 26 36 37 42 41 115 110 106 112 111 109 108 107 113 114 43 46 52 53 58 57 54 51 47 44 104 40 49 45 48 50 55 56 59 105 62 63 70 69 74 75 81 73 76 80 86 79 77 72 64 67 68 71 78 82 83 84 85 91 92 96 97 101 102 93 89 90 98 99 100 95 94 88 87 66 65 61 60 39 38 35 34 14 13 4 5 9 8 3 
1 2 6 7 10 11 15 103 21 22 29 30 31 32 33 28 23 20 12 19 24 27 16 17 18 25 26 36 37 42 41 115 110 106 113 109 107 108 112 111 114 43 46 52 53 58 57 54 51 47 44 104 40 49 45 48 50 55 56 59 105 62 63 70 69 74 75 81 73 76 80 86 79 77 72 64 67 68 71 78 82 83 84 85 91 92 96 97 101 102 93 89 90 98 99 100 95 94 88 87 66 65 61 60 39 38 35 34 14 13 4 5 9 8 3 
1 2 6 7 10 11 15 103 21 22 29 30 31 32 33 28 23 20 12 19 24 27 16 17 18 25 26 36 37 42 41 115 110 109 111 106 112 108 107 113 114 43 46 52 53 58 57 54 51 47 44 104 40 49 45 48 50 55 56 59 105 62 63 70 69 74 75 81 73 76 80 86 79 77 72 64 67 68 71 78 82 83 84 85 91 92 96 97 101 102 93 89 90 98 99 100 95 94 88 87 66 65 61 60 39 38 35 34 14 13 4 5 9 8 3 
1 2 6 7 10 11 15 103 21 22 29 30 31 32 33 28 23 20 12 19 24 27 16 17 18 25 26 36 37 42 41 115 110 106 112 108 109 111 113 107 114 43 46 52 53 58 57 54 51 47 44 104 40 49 45 48 50 55 56 59 105 62 63 70 69 74 75 81 73 76 80 86 79 77 72 64 67 68 71 78 82 83 84 85 91 92 96 97 101 102 93 89 90 98 99 100 95 94 88 87 66 65 61 60 39 38 35 34 14 13 4 5 9 8 3 
1 2 6 7 10 11 15 103 21 22 29 30 31 32 33 28 23 20 12 19 24 27 16 17 18 25 26 36 37 42 41 115 110 111 109 108 112 106 113 107 114 43 46 52 53 58 57 54 51 47 44 104 40 49 45 48 50 55 56 59 105 62 63 70 69 74 75 81 73 76 80 86 79 77 72 64 67 68 71 78 82 83 84 85 91 92 96 97 101 102 93 89 90 98 99 100 95 94 88 87 66 65 61 60 39 38 35 34 14 13 4 5 9 8 3 
1 2 6 7 10 11 15 103 21 22 29 30 31 32 33 28 23 20 12 19 24 27 16 17 18 25 26 36 37 42 41 115 110 108 112 106 111 109 107 113 114 43 46 52 53 58 57 54 51 47 44 104 40 49 45 48 50 55 56 59 105 62 63 70 69 74 75 81 73 76 80 86 79 77 72 64 67 68 71 78 82 83 84 85 91 92 96 97 101 102 93 89 90 98 99 100 95 94 88 87 66 65 61 60 39 38 35 34 14 13 4 5 9 8 3 
1 2 6 7 10 11 15 103 21 22 29 30 31 32 33 28 23 20 12 19 24 27 16 17 18 25 26 36 37 42 41 115 110 113 106 112 111 109 107 108 114 43 46 52 53 58 57 54 51 47 44 104 40 49 45 48 50 55 56 59 105 62 63 70 69 74 75 81 73 76 80 86 79 77 72 64 67 68 71 78 82 83 84 85 91 92 96 97 101 102 93 89 90 98 99 100 95 94 88 87 66 65 61 60 39 38 35 34 14 13 4 5 9 8 3 
1 2 6 7 10 11 15 103 21 22 29 30 31 32 33 28 23 20 12 19 24 27 16 17 18 25 26 36 37 42 41 115 110 113 106 112 108 107 109 111 114 43 46 52 53 58 57 54 51 47 44 104 40 49 45 48 50 55 56 59 105 62 63 70 69 74 75 81 73 76 80 86 79 77 72 64 67 68 71 78 82 83 84 85 91 92 96 97 101 102 93 89 90 98 99 100 95 94 88 87 66 65 61 60 39 38 35 34 14 13 4 5 9 8 3 
1 2 6 7 10 11 15 103 21 22 29 30 31 32 33 28 23 20 12 19 24 27 16 17 18 25 26 36 37 42 41 115 110 107 108 109 111 112 106 113 114 43 46 52 53 58 57 54 51 47 44 104 40 49 45 48 50 55 56 59 105 62 63 70 69 74 75 81 73 76 80 86 79 77 72 64 67 68 71 78 82 83 84 85 91 92 96 97 101 102 93 89 90 98 99 100 95 94 88 87 66 65 61 60 39 38 35 34 14 13 4 5 9 8 3 
1 2 6 7 10 11 15 103 21 22 29 30 31 32 33 28 23 20 12 19 24 27 16 17 18 25 26 36 37 42 41 115 110 107 108 112 106 111 109 113 114 43 46 52 53 58 57 54 51 47 44 104 40 49 45 48 50 55 56 59 105 62 63 70 69 74 75 81 73 76 80 86 79 77 72 64 67 68 71 78 82 83 84 85 91 92 96 97 101 102 93 89 90 98 99 100 95 94 88 87 66 65 61 60 39 38 35 34 14 13 4 5 9 8 3 
1 2 6 7 10 11 15 103 21 22 29 30 31 32 33 28 23 20 12 19 24 27 16 17 18 25 26 36 37 42 41 115 110 107 113 111 112 106 109 108 114 43 46 52 53 58 57 54 51 47 44 104 40 49 45 48 50 55 56 59 105 62 63 70 69 74 75 81 73 76 80 86 79 77 72 64 67 68 71 78 82 83 84 85 91 92 96 97 101 102 93 89 90 98 99 100 95 94 88 87 66 65 61 60 39 38 35 34 14 13 4 5 9 8 3 
1 2 6 7 10 11 15 103 21 22 29 30 31 32 33 28 23 20 12 19 24 27 16 17 18 25 26 36 37 42 41 115 110 106 112 111 113 107 109 108 114 43 46 52 53 58 57 54 51 47 44 104 40 49 45 48 50 55 56 59 105 62 63 70 69 74 75 81 73 76 80 86 79 77 72 64 67 68 71 78 82 83 84 85 91 92 96 97 101 102 93 89 90 98 99 100 95 94 88 87 66 65 61 60 39 38 35 34 14 13 4 5 9 8 3 
1 2 6 7 10 11 15 103 21 22 29 30 31 32 33 28 23 20 12 19 24 27 16 17 18 25 26 36 37 42 41 115 110 109 107 113 111 106 112 108 114 43 46 52 53 58 57 54 51 47 44 104 40 49 45 48 50 55 56 59 105 62 63 70 69 74 75 81 73 76 80 86 79 77 72 64 67 68 71 78 82 83 84 85 91 92 96 97 101 102 93 89 90 98 99 100 95 94 88 87 66 65 61 60 39 38 35 34 14 13 4 5 9 8 3 
1 2 6 7 10 11 15 103 21 22 29 30 31 32 33 28 23 20 12 19 24 27 16 17 18 25 26 36 37 42 41 115 110 111 112 106 113 107 109 108 114 43 46 52 53 58 57 54 51 47 44 104 40 49 45 48 50 55 56 59 105 62 63 70 69 74 75 81 73 76 80 86 79 77 72 64 67 68 71 78 82 83 84 85 91 92 96 97 101 102 93 89 90 98 99 100 95 94 88 87 66 65 61 60 39 38 35 34 14 13 4 5 9 8 3 
1 2 6 7 10 11 15 103 21 22 29 30 31 32 33 28 23 20 12 19 24 27 16 17 18 25 26 36 37 42 41 115 110 106 112 108 109 107 113 111 114 43 46 52 53 58 57 54 51 47 44 104 40 49 45 48 50 55 56 59 105 62 63 70 69 74 75 81 73 76 80 86 79 77 72 64 67 68 71 78 82 83 84 85 91 92 96 97 101 102 93 89 90 98 99 100 95 94 88 87 66 65 61 60 39 38 35 34 14 13 4 5 9 8 3 
1 2 6 7 10 11 15 103 21 22 29 30 31 32 33 28 23 20 12 19 24 27 16 17 18 25 26 36 37 42 41 115 110 113 107 109 108 112 106 111 114 43 46 52 53 58 57 54 51 47 44 104 40 49 45 48 50 55 56 59 105 62 63 70 69 74 75 81 73 76 80 86 79 77 72 64 67 68 71 78 82 83 84 85 91 92 96 97 101 102 93 89 90 98 99 100 95 94 88 87 66 65 61 60 39 38 35 34 14 13 4 5 9 8 3 
1 2 6 7 10 11 15 103 21 22 29 30 31 32 33 28 23 20 12 19 24 27 16 17 18 25 26 36 37 42 41 115 110 113 106 109 111 112 108 107 114 43 46 52 53 58 57 54 51 47 44 104 40 49 45 48 50 55 56 59 105 62 63 70 69 74 75 81 73 76 80 86 79 77 72 64 67 68 71 78 82 83 84 85 91 92 96 97 101 102 93 89 90 98 99 100 95 94 88 87 66 65 61 60 39 38 35 34 14 13 4 5 9 8 3 
1 2 6 7 10 11 15 103 21 22 29 30 31 32 33 28 23 20 12 19 24 27 16 17 18 25 26 36 37 42 41 115 110 109 106 111 112 108 107 113 114 43 46 52 53 58 57 54 51 47 44 104 40 49 45 48 50 55 56 59 105 62 63 70 69 74 75 81 73 76 80 86 79 77 72 64 67 68 71 78 82 83 84 85 91 92 96 97 101 102 93 89 90 98 99 100 95 94 88 87 66 65 61 60 39 38 35 34 14 13 4 5 9 8 3 
1 2 6 7 10 11 15 103 21 22 29 30 31 32 33 28 23 20 12 19 24 27 16 17 18 25 26 36 37 42 41 115 110 108 109 111 112 106 113 107 114 43 46 52 53 58 57 54 51 47 44 104 40 49 45 48 50 55 56 59 105 62 63 70 69 74 75 81 73 76 80 86 79 77 72 64 67 68 71 78 82 83 84 85 91 92 96 97 101 102 93 89 90 98 99 100 95 94 88 87 66 65 61 60 39 38 35 34 14 13 4 5 9 8 3 
1 2 6 7 10 11 15 103 21 22 29 30 31 32 33 28 23 20 12 19 24 27 16 17 18 25 26 36 37 42 41 115 110 108 112 106 111 109 113 107 114 43 46 52 53 58 57 54 51 47 44 104 40 49 45 48 50 55 56 59 105 62 63 70 69 74 75 81 73 76 80 86 79 77 72 64 67 68 71 78 82 83 84 85 91 92 96 97 101 102 93 89 90 98 99 100 95 94 88 87 66 65 61 60 39 38 35 34 14 13 4 5 9 8 3 
1 2 6 7 10 11 15 103 21 22 29 30 31 32 33 28 23 20 12 19 24 27 16 17 18 25 26 36 37 42 41 115 110 107 109 113 111 106 112 108 114 43 46 52 53 58 57 54 51 47 44 104 40 49 45 48 50 55 56 59 105 62 63 70 69 74 75 81 73 76 80 86 79 77 72 64 67 68 71 78 82 83 84 85 91 92 96 97 101 102 93 89 90 98 99 100 95 94 88 87 66 65 61 60 39 38 35 34 14 13 4 5 9 8 3 
1 2 6 7 10 11 15 103 21 22 29 30 31 32 33 28 23 20 12 19 24 27 16 17 18 25 26 36 37 42 41 115 110 107 109 108 112 106 113 111 114 43 46 52 53 58 57 54 51 47 44 104 40 49 45 48 50 55 56 59 105 62 63 70 69 74 75 81 73 76 80 86 79 77 72 64 67 68 71 78 82 83 84 85 91 92 96 97 101 102 93 89 90 98 99 100 95 94 88 87 66 65 61 60 39 38 35 34 14 13 4 5 9 8 3 
1 2 6 7 10 11 15 103 21 22 29 30 31 32 33 28 23 20 12 19 24 27 16 17 18 25 26 36 37 42 41 115 110 109 108 107 113 106 112 111 114 43 46 52 53 58 57 54 51 47 44 104 40 49 45 48 50 55 56 59 105 62 63 70 69 74 75 81 73 76 80 86 79 77 72 64 67 68 71 78 82 83 84 85 91 92 96 97 101 102 93 89 90 98 99 100 95 94 88 87 66 65 61 60 39 38 35 34 14 13 4 5 9 8 3 
1 2 6 7 10 11 15 103 21 22 29 30 31 32 33 28 23 20 12 19 24 27 16 17 18 25 26 36 37 42 41 115 110 109 113 107 108 112 106 111 114 43 46 52 53 58 57 54 51 47 44 104 40 49 45 48 50 55 56 59 105 62 63 70 69 74 75 81 73 76 80 86 79 77 72 64 67 68 71 78 82 83 84 85 91 92 96 97 101 102 93 89 90 98 99 100 95 94 88 87 66 65 61 60 39 38 35 34 14 13 4 5 9 8 3 
1 2 6 7 10 11 15 103 21 22 29 30 31 32 33 28 23 20 12 19 24 27 16 17 18 25 26 36 37 42 41 115 110 109 111 112 108 107 113 106 114 43 46 52 53 58 57 54 51 47 44 104 40 49 45 48 50 55 56 59 105 62 63 70 69 74 75 81 73 76 80 86 79 77 72 64 67 68 71 78 82 83 84 85 91 92 96 97 101 102 93 89 90 98 99 100 95 94 88 87 66 65 61 60 39 38 35 34 14 13 4 5 9 8 3 
1 2 6 7 10 11 15 103 21 22 29 30 31 32 33 28 23 20 12 19 24 27 16 17 18 25 26 36 37 42 41 115 110 106 109 108 112 111 113 107 114 43 46 52 53 58 57 54 51 47 44 104 40 49 45 48 50 55 56 59 105 62 63 70 69 74 75 81 73 76 80 86 79 77 72 64 67 68 71 78 82 83 84 85 91 92 96 97 101 102 93 89 90 98 99 100 95 94 88 87 66 65 61 60 39 38 35 34 14 13 4 5 9 8 3 
1 2 6 7 10 11 15 103 21 22 29 30 31 32 33 28 23 20 12 19 24 27 16 17 18 25 26 36 37 42 41 115 110 111 112 108 109 106 113 107 114 43 46 52 53 58 57 54 51 47 44 104 40 49 45 48 50 55 56 59 105 62 63 70 69 74 75 81 73 76 80 86 79 77 72 64 67 68 71 78 82 83 84 85 91 92 96 97 101 102 93 89 90 98 99 100 95 94 88 87 66 65 61 60 39 38 35 34 14 13 4 5 9 8 3 
1 2 6 7 10 11 15 103 21 22 29 30 31 32 33 28 23 20 12 19 24 27 16 17 18 25 26 36 37 42 41 115 110 108 112 111 106 109 107 113 114 43 46 52 53 58 57 54 51 47 44 104 40 49 45 48 50 55 56 59 105 62 63 70 69 74 75 81 73 76 80 86 79 77 72 64 67 68 71 78 82 83 84 85 91 92 96 97 101 102 93 89 90 98 99 100 95 94 88 87 66 65 61 60 39 38 35 34 14 13 4 5 9 8 3 
1 2 6 7 10 11 15 103 21 22 29 30 31 32 33 28 23 20 12 19 24 27 16 17 18 25 26 36 37 42 41 115 110 111 109 106 112 108 107 113 114 43 46 52 53 58 57 54 51 47 44 104 40 49 45 48 50 55 56 59 105 62 63 70 69 74 75 81 73 76 80 86 79 77 72 64 67 68 71 78 82 83 84 85 91 92 96 97 101 102 93 89 90 98 99 100 95 94 88 87 66 65 61 60 39 38 35 34 14 13 4 5 9 8 3 
1 2 6 7 10 11 15 103 21 22 29 30 31 32 33 28 23 20 12 19 24 27 16 17 18 25 26 36 37 42 41 115 110 113 106 109 107 108 112 111 114 43 46 52 53 58 57 54 51 47 44 104 40 49 45 48 50 55 56 59 105 62 63 70 69 74 75 81 73 76 80 86 79 77 72 64 67 68 71 78 82 83 84 85 91 92 96 97 101 102 93 89 90 98 99 100 95 94 88 87 66 65 61 60 39 38 35 34 14 13 4 5 9 8 3 
1 2 6 7 10 11 15 103 21 22 29 30 31 32 33 28 23 20 12 19 24 27 16 17 18 25 26 36 37 42 41 115 110 107 108 112 111 106 109 113 114 43 46 52 53 58 57 54 51 47 44 104 40 49 45 48 50 55 56 59 105 62 63 70 69 74 75 81 73 76 80 86 79 77 72 64 67 68 71 78 82 83 84 85 91 92 96 97 101 102 93 89 90 98 99 100 95 94 88 87 66 65 61 60 39 38 35 34 14 13 4 5 9 8 3 
1 2 6 7 10 11 15 103 21 22 29 30 31 32 33 28 23 20 12 19 24 27 16 17 18 25 26 36 37 42 41 115 110 108 109 107 113 106 112 111 114 43 46 52 53 58 57 54 51 47 44 104 40 49 45 48 50 55 56 59 105 62 63 70 69 74 75 81 73 76 80 86 79 77 72 64 67 68 71 78 82 83 84 85 91 92 96 97 101 102 93 89 90 98 99 100 95 94 88 87 66 65 61 60 39 38 35 34 14 13 4 5 9 8 3 
1 2 6 7 10 11 15 103 21 22 29 30 31 32 33 28 23 20 12 19 24 27 16 17 18 25 26 36 37 42 41 115 110 106 111 112 108 107 109 113 114 43 46 52 53 58 57 54 51 47 44 104 40 49 45 48 50 55 56 59 105 62 63 70 69 74 75 81 73 76 80 86 79 77 72 64 67 68 71 78 82 83 84 85 91 92 96 97 101 102 93 89 90 98 99 100 95 94 88 87 66 65 61 60 39 38 35 34 14 13 4 5 9 8 3 
1 2 6 7 10 11 15 103 21 22 29 30 31 32 33 28 23 20 12 19 24 27 16 17 18 25 26 36 37 42 41 115 110 109 107 108 112 111 106 113 114 43 46 52 53 58 57 54 51 47 44 104 40 49 45 48 50 55 56 59 105 62 63 70 69 74 75 81 73 76 80 86 79 77 72 64 67 68 71 78 82 83 84 85 91 92 96 97 101 102 93 89 90 98 99 100 95 94 88 87 66 65 61 60 39 38 35 34 14 13 4 5 9 8 3 
1 2 6 7 10 11 15 103 21 22 29 30 31 32 33 28 23 20 12 19 24 27 16 17 18 25 26 36 37 42 41 115 110 107 108 109 113 106 112 111 114 43 46 52 53 58 57 54 51 47 44 104 40 49 45 48 50 55 56 59 105 62 63 70 69 74 75 81 73 76 80 86 79 77 72 64 67 68 71 78 82 83 84 85 91 92 96 97 101 102 93 89 90 98 99 100 95 94 88 87 66 65 61 60 39 38 35 34 14 13 4 5 9 8 3 
1 2 6 7 10 11 15 103 21 22 29 30 31 32 33 28 23 20 12 19 24 27 16 17 18 25 26 36 37 42 41 115 110 108 112 111 109 107 113 106 114 43 46 52 53 58 57 54 51 47 44 104 40 49 45 48 50 55 56 59 105 62 63 70 69 74 75 81 73 76 80 86 79 77 72 64 67 68 71 78 82 83 84 85 91 92 96 97 101 102 93 89 90 98 99 100 95 94 88 87 66 65 61 60 39 38 35 34 14 13 4 5 9 8 3 
1 2 6 7 10 11 15 103 21 22 29 30 31 32 33 28 23 20 12 19 24 27 16 17 18 25 26 36 37 42 41 115 110 107 108 112 111 109 113 106 114 43 46 52 53 58 57 54 51 47 44 104 40 49 45 48 50 55 56 59 105 62 63 70 69 74 75 81 73 76 80 86 79 77 72 64 67 68 71 78 82 83 84 85 91 92 96 97 101 102 93 89 90 98 99 100 95 94 88 87 66 65 61 60 39 38 35 34 14 13 4 5 9 8 3 
1 2 6 7 10 11 15 103 21 22 29 30 31 32 33 28 23 20 12 19 24 27 16 17 18 25 26 36 37 42 41 115 110 106 111 112 108 107 113 109 114 43 46 52 53 58 57 54 51 47 44 104 40 49 45 48 50 55 56 59 105 62 63 70 69 74 75 81 73 76 80 86 79 77 72 64 67 68 71 78 82 83 84 85 91 92 96 97 101 102 93 89 90 98 99 100 95 94 88 87 66 65 61 60 39 38 35 34 14 13 4 5 9 8 3 
1 2 6 7 10 11 15 103 21 22 29 30 31 32 33 28 23 20 12 19 24 27 16 17 18 25 26 36 37 42 41 115 110 106 113 111 112 108 109 107 114 43 46 52 53 58 57 54 51 47 44 104 40 49 45 48 50 55 56 59 105 62 63 70 69 74 75 81 73 76 80 86 79 77 72 64 67 68 71 78 82 83 84 85 91 92 96 97 101 102 93 89 90 98 99 100 95 94 88 87 66 65 61 60 39 38 35 34 14 13 4 5 9 8 3 
1 2 6 7 10 11 15 103 21 22 29 30 31 32 33 28 23 20 12 19 24 27 16 17 18 25 26 36 37 42 41 115 110 107 108 112 106 109 111 113 114 43 46 52 53 58 57 54 51 47 44 104 40 49 45 48 50 55 56 59 105 62 63 70 69 74 75 81 73 76 80 86 79 77 72 64 67 68 71 78 82 83 84 85 91 92 96 97 101 102 93 89 90 98 99 100 95 94 88 87 66 65 61 60 39 38 35 34 14 13 4 5 9 8 3 
1 2 6 7 10 11 15 103 21 22 29 30 31 32 33 28 23 20 12 19 24 27 16 17 18 25 26 36 37 42 41 115 110 113 106 111 112 108 109 107 114 43 46 52 53 58 57 54 51 47 44 104 40 49 45 48 50 55 56 59 105 62 63 70 69 74 75 81 73 76 80 86 79 77 72 64 67 68 71 78 82 83 84 85 91 92 96 97 101 102 93 89 90 98 99 100 95 94 88 87 66 65 61 60 39 38 35 34 14 13 4 5 9 8 3 
1 2 6 7 10 11 15 103 21 22 29 30 31 32 33 28 23 20 12 19 24 27 16 17 18 25 26 36 37 42 41 115 110 106 112 108 107 109 111 113 114 43 46 52 53 58 57 54 51 47 44 104 40 49 45 48 50 55 56 59 105 62 63 70 69 74 75 81 73 76 80 86 79 77 72 64 67 68 71 78 82 83 84 85 91 92 96 97 101 102 93 89 90 98 99 100 95 94 88 87 66 65 61 60 39 38 35 34 14 13 4 5 9 8 3 
1 2 6 7 10 11 15 103 21 22 29 30 31 32 33 28 23 20 12 19 24 27 16 17 18 25 26 36 37 42 41 115 110 111 109 107 108 112 106 113 114 43 46 52 53 58 57 54 51 47 44 104 40 49 45 48 50 55 56 59 105 62 63 70 69 74 75 81 73 76 80 86 79 77 72 64 67 68 71 78 82 83 84 85 91 92 96 97 101 102 93 89 90 98 99 100 95 94 88 87 66 65 61 60 39 38 35 34 14 13 4 5 9 8 3 
1 2 6 7 10 11 15 103 21 22 29 30 31 32 33 28 23 20 12 19 24 27 16 17 18 25 26 36 37 42 41 115 110 107 113 109 108 112 111 106 114 43 46 52 53 58 57 54 51 47 44 104 40 49 45 48 50 55 56 59 105 62 63 70 69 74 75 81 73 76 80 86 79 77 72 64 67 68 71 78 82 83 84 85 91 92 96 97 101 102 93 89 90 98 99 100 95 94 88 87 66 65 61 60 39 38 35 34 14 13 4 5 9 8 3 
1 2 6 7 10 11 15 103 21 22 29 30 31 32 33 28 23 20 12 19 24 27 16 17 18 25 26 36 37 42 41 115 110 108 112 111 106 113 107 109 114 43 46 52 53 58 57 54 51 47 44 104 40 49 45 48 50 55 56 59 105 62 63 70 69 74 75 81 73 76 80 86 79 77 72 64 67 68 71 78 82 83 84 85 91 92 96 97 101 102 93 89 90 98 99 100 95 94 88 87 66 65 61 60 39 38 35 34 14 13 4 5 9 8 3 
1 2 6 7 10 11 15 103 21 22 29 30 31 32 33 28 23 20 12 19 24 27 16 17 18 25 26 36 37 42 41 115 110 108 112 111 106 109 113 107 114 43 46 52 53 58 57 54 51 47 44 104 40 49 45 48 50 55 56 59 105 62 63 70 69 74 75 81 73 76 80 86 79 77 72 64 67 68 71 78 82 83 84 85 91 92 96 97 101 102 93 89 90 98 99 100 95 94 88 87 66 65 61 60 39 38 35 34 14 13 4 5 9 8 3 
1 2 6 7 10 11 15 103 21 22 29 30 31 32 33 28 23 20 12 19 24 27 16 17 18 25 26 36 37 42 41 115 110 111 113 107 109 106 112 108 114 43 46 52 53 58 57 54 51 47 44 104 40 49 45 48 50 55 56 59 105 62 63 70 69 74 75 81 73 76 80 86 79 77 72 64 67 68 71 78 82 83 84 85 91 92 96 97 101 102 93 89 90 98 99 100 95 94 88 87 66 65 61 60 39 38 35 34 14 13 4 5 9 8 3 
1 2 6 7 10 11 15 103 21 22 29 30 31 32 33 28 23 20 12 19 24 27 16 17 18 25 26 36 37 42 41 115 110 106 112 108 107 113 111 109 114 43 46 52 53 58 57 54 51 47 44 104 40 49 45 48 50 55 56 59 105 62 63 70 69 74 75 81 73 76 80 86 79 77 72 64 67 68 71 78 82 83 84 85 91 92 96 97 101 102 93 89 90 98 99 100 95 94 88 87 66 65 61 60 39 38 35 34 14 13 4 5 9 8 3 
1 2 6 7 10 11 15 103 21 22 29 30 31 32 33 28 23 20 12 19 24 27 16 17 18 25 26 36 37 42 41 115 110 113 107 108 112 106 111 109 114 43 46 52 53 58 57 54 51 47 44 104 40 49 45 48 50 55 56 59 105 62 63 70 69 74 75 81 73 76 80 86 79 77 72 64 67 68 71 78 82 83 84 85 91 92 96 97 101 102 93 89 90 98 99 100 95 94 88 87 66 65 61 60 39 38 35 34 14 13 4 5 9 8 3 
1 2 6 7 10 11 15 103 21 22 29 30 31 32 33 28 23 20 12 19 24 27 16 17 18 25 26 36 37 42 41 115 110 107 108 112 111 106 113 109 114 43 46 52 53 58 57 54 51 47 44 104 40 49 45 48 50 55 56 59 105 62 63 70 69 74 75 81 73 76 80 86 79 77 72 64 67 68 71 78 82 83 84 85 91 92 96 97 101 102 93 89 90 98 99 100 95 94 88 87 66 65 61 60 39 38 35 34 14 13 4 5 9 8 3 
1 2 6 7 10 11 15 103 21 22 29 30 31 32 33 28 23 20 12 19 24 27 16 17 18 25 26 36 37 42 41 115 110 109 113 106 111 112 108 107 114 43 46 52 53 58 57 54 51 47 44 104 40 49 45 48 50 55 56 59 105 62 63 70 69 74 75 81 73 76 80 86 79 77 72 64 67 68 71 78 82 83 84 85 91 92 96 97 101 102 93 89 90 98 99 100 95 94 88 87 66 65 61 60 39 38 35 34 14 13 4 5 9 8 3 
1 2 6 7 10 11 15 103 21 22 29 30 31 32 33 28 23 20 12 19 24 27 16 17 18 25 26 36 37 42 41 115 110 111 106 112 108 109 107 113 114 43 46 52 53 58 57 54 51 47 44 104 40 49 45 48 50 55 56 59 105 62 63 70 69 74 75 81 73 76 80 86 79 77 72 64 67 68 71 78 82 83 84 85 91 92 96 97 101 102 93 89 90 98 99 100 95 94 88 87 66 65 61 60 39 38 35 34 14 13 4 5 9 8 3 
1 2 6 7 10 11 15 103 21 22 29 30 31 32 33 28 23 20 12 19 24 27 16 17 18 25 26 36 37 42 41 115 110 107 113 111 109 108 112 106 114 43 46 52 53 58 57 54 51 47 44 104 40 49 45 48 50 55 56 59 105 62 63 70 69 74 75 81 73 76 80 86 79 77 72 64 67 68 71 78 82 83 84 85 91 92 96 97 101 102 93 89 90 98 99 100 95 94 88 87 66 65 61 60 39 38 35 34 14 13 4 5 9 8 3 
1 2 6 7 10 11 15 103 21 22 29 30 31 32 33 28 23 20 12 19 24 27 16 17 18 25 26 36 37 42 41 115 110 108 112 106 109 111 113 107 114 43 46 52 53 58 57 54 51 47 44 104 40 49 45 48 50 55 56 59 105 62 63 70 69 74 75 81 73 76 80 86 79 77 72 64 67 68 71 78 82 83 84 85 91 92 96 97 101 102 93 89 90 98 99 100 95 94 88 87 66 65 61 60 39 38 35 34 14 13 4 5 9 8 3 
1 2 6 7 10 11 15 103 21 22 29 30 31 32 33 28 23 20 12 19 24 27 16 17 18 25 26 36 37 42 41 115 110 107 108 112 106 113 111 109 114 43 46 52 53 58 57 54 51 47 44 104 40 49 45 48 50 55 56 59 105 62 63 70 69 74 75 81 73 76 80 86 79 77 72 64 67 68 71 78 82 83 84 85 91 92 96 97 101 102 93 89 90 98 99 100 95 94 88 87 66 65 61 60 39 38 35 34 14 13 4 5 9 8 3 
1 2 6 7 10 11 15 103 21 22 29 30 31 32 33 28 23 20 12 19 24 27 16 17 18 25 26 36 37 42 41 115 110 109 106 112 111 113 107 108 114 43 46 52 53 58 57 54 51 47 44 104 40 49 45 48 50 55 56 59 105 62 63 70 69 74 75 81 73 76 80 86 79 77 72 64 67 68 71 78 82 83 84 85 91 92 96 97 101 102 93 89 90 98 99 100 95 94 88 87 66 65 61 60 39 38 35 34 14 13 4 5 9 8 3 
1 2 6 7 10 11 15 103 21 22 29 30 31 32 33 28 23 20 12 19 24 27 16 17 18 25 26 36 37 42 41 115 110 111 112 106 109 113 107 108 114 43 46 52 53 58 57 54 51 47 44 104 40 49 45 48 50 55 56 59 105 62 63 70 69 74 75 81 73 76 80 86 79 77 72 64 67 68 71 78 82 83 84 85 91 92 96 97 101 102 93 89 90 98 99 100 95 94 88 87 66 65 61 60 39 38 35 34 14 13 4 5 9 8 3 
1 2 6 7 10 11 15 103 21 22 29 30 31 32 33 28 23 20 12 19 24 27 16 17 18 25 26 36 37 42 41 115 110 108 112 111 106 113 109 107 114 43 46 52 53 58 57 54 51 47 44 104 40 49 45 48 50 55 56 59 105 62 63 70 69 74 75 81 73 76 80 86 79 77 72 64 67 68 71 78 82 83 84 85 91 92 96 97 101 102 93 89 90 98 99 100 95 94 88 87 66 65 61 60 39 38 35 34 14 13 4 5 9 8 3 
1 2 6 7 10 11 15 103 21 22 29 30 31 32 33 28 23 20 12 19 24 27 16 17 18 25 26 36 37 42 41 115 110 109 106 112 108 107 113 111 114 43 46 52 53 58 57 54 51 47 44 104 40 49 45 48 50 55 56 59 105 62 63 70 69 74 75 81 73 76 80 86 79 77 72 64 67 68 71 78 82 83 84 85 91 92 96 97 101 102 93 89 90 98 99 100 95 94 88 87 66 65 61 60 39 38 35 34 14 13 4 5 9 8 3 
1 2 6 7 10 11 15 103 21 22 29 30 31 32 33 28 23 20 12 19 24 27 16 17 18 25 26 36 37 42 41 115 110 113 107 108 109 106 112 111 114 43 46 52 53 58 57 54 51 47 44 104 40 49 45 48 50 55 56 59 105 62 63 70 69 74 75 81 73 76 80 86 79 77 72 64 67 68 71 78 82 83 84 85 91 92 96 97 101 102 93 89 90 98 99 100 95 94 88 87 66 65 61 60 39 38 35 34 14 13 4 5 9 8 3 
1 2 6 7 10 11 15 103 21 22 29 30 31 32 33 28 23 20 12 19 24 27 16 17 18 25 26 36 37 42 41 115 110 109 111 113 106 112 108 107 114 43 46 52 53 58 57 54 51 47 44 104 40 49 45 48 50 55 56 59 105 62 63 70 69 74 75 81 73 76 80 86 79 77 72 64 67 68 71 78 82 83 84 85 91 92 96 97 101 102 93 89 90 98 99 100 95 94 88 87 66 65 61 60 39 38 35 34 14 13 4 5 9 8 3 
1 2 6 7 10 11 15 103 21 22 29 30 31 32 33 28 23 20 12 19 24 27 16 17 18 25 26 36 37 42 41 115 110 111 109 113 106 112 108 107 114 43 46 52 53 58 57 54 51 47 44 104 40 49 45 48 50 55 56 59 105 62 63 70 69 74 75 81 73 76 80 86 79 77 72 64 67 68 71 78 82 83 84 85 91 92 96 97 101 102 93 89 90 98 99 100 95 94 88 87 66 65 61 60 39 38 35 34 14 13 4 5 9 8 3 
1 2 6 7 10 11 15 103 21 22 29 30 31 32 33 28 23 20 12 19 24 27 16 17 18 25 26 36 37 42 41 115 110 113 106 112 111 109 108 107 114 43 46 52 53 58 57 54 51 47 44 104 40 49 45 48 50 55 56 59 105 62 63 70 69 74 75 81 73 76 80 86 79 77 72 64 67 68 71 78 82 83 84 85 91 92 96 97 101 102 93 89 90 98 99 100 95 94 88 87 66 65 61 60 39 38 35 34 14 13 4 5 9 8 3 
1 2 6 7 10 11 15 103 21 22 29 30 31 32 33 28 23 20 12 19 24 27 16 17 18 25 26 36 37 42 41 115 110 113 109 111 106 112 108 107 114 43 46 52 53 58 57 54 51 47 44 104 40 49 45 48 50 55 56 59 105 62 63 70 69 74 75 81 73 76 80 86 79 77 72 64 67 68 71 78 82 83 84 85 91 92 96 97 101 102 93 89 90 98 99 100 95 94 88 87 66 65 61 60 39 38 35 34 14 13 4 5 9 8 3 
1 2 6 7 10 11 15 103 21 22 29 30 31 32 33 28 23 20 12 19 24 27 16 17 18 25 26 36 37 42 41 115 110 107 109 108 112 106 111 113 114 43 46 52 53 58 57 54 51 47 44 104 40 49 45 48 50 55 56 59 105 62 63 70 69 74 75 81 73 76 80 86 79 77 72 64 67 68 71 78 82 83 84 85 91 92 96 97 101 102 93 89 90 98 99 100 95 94 88 87 66 65 61 60 39 38 35 34 14 13 4 5 9 8 3 
1 2 6 7 10 11 15 103 21 22 29 30 31 32 33 28 23 20 12 19 24 27 16 17 18 25 26 36 37 42 41 115 110 108 107 109 111 112 106 113 114 43 46 52 53 58 57 54 51 47 44 104 40 49 45 48 50 55 56 59 105 62 63 70 69 74 75 81 73 76 80 86 79 77 72 64 67 68 71 78 82 83 84 85 91 92 96 97 101 102 93 89 90 98 99 100 95 94 88 87 66 65 61 60 39 38 35 34 14 13 4 5 9 8 3 
1 2 6 7 10 11 15 103 21 22 29 30 31 32 33 28 23 20 12 19 24 27 16 17 18 25 26 36 37 42 41 115 110 113 107 108 112 111 109 106 114 43 46 52 53 58 57 54 51 47 44 104 40 49 45 48 50 55 56 59 105 62 63 70 69 74 75 81 73 76 80 86 79 77 72 64 67 68 71 78 82 83 84 85 91 92 96 97 101 102 93 89 90 98 99 100 95 94 88 87 66 65 61 60 39 38 35 34 14 13 4 5 9 8 3 
1 2 6 7 10 11 15 103 21 22 29 30 31 32 33 28 23 20 12 19 24 27 16 17 18 25 26 36 37 42 41 115 110 107 113 111 106 112 108 109 114 43 46 52 53 58 57 54 51 47 44 104 40 49 45 48 50 55 56 59 105 62 63 70 69 74 75 81 73 76 80 86 79 77 72 64 67 68 71 78 82 83 84 85 91 92 96 97 101 102 93 89 90 98 99 100 95 94 88 87 66 65 61 60 39 38 35 34 14 13 4 5 9 8 3 
1 2 6 7 10 11 15 103 21 22 29 30 31 32 33 28 23 20 12 19 24 27 16 17 18 25 26 36 37 42 41 115 110 108 107 113 106 112 111 109 114 43 46 52 53 58 57 54 51 47 44 104 40 49 45 48 50 55 56 59 105 62 63 70 69 74 75 81 73 76 80 86 79 77 72 64 67 68 71 78 82 83 84 85 91 92 96 97 101 102 93 89 90 98 99 100 95 94 88 87 66 65 61 60 39 38 35 34 14 13 4 5 9 8 3 
1 2 6 7 10 11 15 103 21 22 29 30 31 32 33 28 23 20 12 19 24 27 16 17 18 25 26 36 37 42 41 115 110 108 112 106 109 107 113 111 114 43 46 52 53 58 57 54 51 47 44 104 40 49 45 48 50 55 56 59 105 62 63 70 69 74 75 81 73 76 80 86 79 77 72 64 67 68 71 78 82 83 84 85 91 92 96 97 101 102 93 89 90 98 99 100 95 94 88 87 66 65 61 60 39 38 35 34 14 13 4 5 9 8 3 
1 2 6 7 10 11 15 103 21 22 29 30 31 32 33 28 23 20 12 19 24 27 16 17 18 25 26 36 37 42 41 115 110 106 109 107 108 112 111 113 114 43 46 52 53 58 57 54 51 47 44 104 40 49 45 48 50 55 56 59 105 62 63 70 69 74 75 81 73 76 80 86 79 77 72 64 67 68 71 78 82 83 84 85 91 92 96 97 101 102 93 89 90 98 99 100 95 94 88 87 66 65 61 60 39 38 35 34 14 13 4 5 9 8 3 
1 2 6 7 10 11 15 103 21 22 29 30 31 32 33 28 23 20 12 19 24 27 16 17 18 25 26 36 37 42 41 115 110 111 112 108 107 109 106 113 114 43 46 52 53 58 57 54 51 47 44 104 40 49 45 48 50 55 56 59 105 62 63 70 69 74 75 81 73 76 80 86 79 77 72 64 67 68 71 78 82 83 84 85 91 92 96 97 101 102 93 89 90 98 99 100 95 94 88 87 66 65 61 60 39 38 35 34 14 13 4 5 9 8 3 
1 2 6 7 10 11 15 103 21 22 29 30 31 32 33 28 23 20 12 19 24 27 16 17 18 25 26 36 37 42 41 115 110 108 112 106 113 111 109 107 114 43 46 52 53 58 57 54 51 47 44 104 40 49 45 48 50 55 56 59 105 62 63 70 69 74 75 81 73 76 80 86 79 77 72 64 67 68 71 78 82 83 84 85 91 92 96 97 101 102 93 89 90 98 99 100 95 94 88 87 66 65 61 60 39 38 35 34 14 13 4 5 9 8 3 
1 2 6 7 10 11 15 103 21 22 29 30 31 32 33 28 23 20 12 19 24 27 16 17 18 25 26 36 37 42 41 115 110 107 108 112 106 109 113 111 114 43 46 52 53 58 57 54 51 47 44 104 40 49 45 48 50 55 56 59 105 62 63 70 69 74 75 81 73 76 80 86 79 77 72 64 67 68 71 78 82 83 84 85 91 92 96 97 101 102 93 89 90 98 99 100 95 94 88 87 66 65 61 60 39 38 35 34 14 13 4 5 9 8 3 
1 2 6 7 10 11 15 103 21 22 29 30 31 32 33 28 23 20 12 19 24 27 16 17 18 25 26 36 37 42 41 115 110 109 108 112 106 111 113 107 114 43 46 52 53 58 57 54 51 47 44 104 40 49 45 48 50 55 56 59 105 62 63 70 69 74 75 81 73 76 80 86 79 77 72 64 67 68 71 78 82 83 84 85 91 92 96 97 101 102 93 89 90 98 99 100 95 94 88 87 66 65 61 60 39 38 35 34 14 13 4 5 9 8 3 
1 2 6 7 10 11 15 103 21 22 29 30 31 32 33 28 23 20 12 19 24 27 16 17 18 25 26 36 37 42 41 115 110 111 106 112 108 109 113 107 114 43 46 52 53 58 57 54 51 47 44 104 40 49 45 48 50 55 56 59 105 62 63 70 69 74 75 81 73 76 80 86 79 77 72 64 67 68 71 78 82 83 84 85 91 92 96 97 101 102 93 89 90 98 99 100 95 94 88 87 66 65 61 60 39 38 35 34 14 13 4 5 9 8 3 
1 2 6 7 10 11 15 103 21 22 29 30 31 32 33 28 23 20 12 19 24 27 16 17 18 25 26 36 37 42 41 115 110 106 112 111 113 109 107 108 114 43 46 52 53 58 57 54 51 47 44 104 40 49 45 48 50 55 56 59 105 62 63 70 69 74 75 81 73 76 80 86 79 77 72 64 67 68 71 78 82 83 84 85 91 92 96 97 101 102 93 89 90 98 99 100 95 94 88 87 66 65 61 60 39 38 35 34 14 13 4 5 9 8 3 
1 2 6 7 10 11 15 103 21 22 29 30 31 32 33 28 23 20 12 19 24 27 16 17 18 25 26 36 37 42 41 115 110 111 112 106 113 109 107 108 114 43 46 52 53 58 57 54 51 47 44 104 40 49 45 48 50 55 56 59 105 62 63 70 69 74 75 81 73 76 80 86 79 77 72 64 67 68 71 78 82 83 84 85 91 92 96 97 101 102 93 89 90 98 99 100 95 94 88 87 66 65 61 60 39 38 35 34 14 13 4 5 9 8 3 
1 2 6 7 10 11 15 103 21 22 29 30 31 32 33 28 23 20 12 19 24 27 16 17 18 25 26 36 37 42 41 115 110 106 112 108 107 109 113 111 114 43 46 52 53 58 57 54 51 47 44 104 40 49 45 48 50 55 56 59 105 62 63 70 69 74 75 81 73 76 80 86 79 77 72 64 67 68 71 78 82 83 84 85 91 92 96 97 101 102 93 89 90 98 99 100 95 94 88 87 66 65 61 60 39 38 35 34 14 13 4 5 9 8 3 
1 2 6 7 10 11 15 103 21 22 29 30 31 32 33 28 23 20 12 19 24 27 16 17 18 25 26 36 37 42 41 115 110 109 107 108 112 106 113 111 114 43 46 52 53 58 57 54 51 47 44 104 40 49 45 48 50 55 56 59 105 62 63 70 69 74 75 81 73 76 80 86 79 77 72 64 67 68 71 78 82 83 84 85 91 92 96 97 101 102 93 89 90 98 99 100 95 94 88 87 66 65 61 60 39 38 35 34 14 13 4 5 9 8 3 
1 2 6 7 10 11 15 103 21 22 29 30 31 32 33 28 23 20 12 19 24 27 16 17 18 25 26 36 37 42 41 115 110 113 109 107 108 112 106 111 114 43 46 52 53 58 57 54 51 47 44 104 40 49 45 48 50 55 56 59 105 62 63 70 69 74 75 81 73 76 80 86 79 77 72 64 67 68 71 78 82 83 84 85 91 92 96 97 101 102 93 89 90 98 99 100 95 94 88 87 66 65 61 60 39 38 35 34 14 13 4 5 9 8 3 
1 2 6 7 10 11 15 103 21 22 29 30 31 32 33 28 23 20 12 19 24 27 16 17 18 25 26 36 37 42 41 115 110 111 112 108 107 113 106 109 114 43 46 52 53 58 57 54 51 47 44 104 40 49 45 48 50 55 56 59 105 62 63 70 69 74 75 81 73 76 80 86 79 77 72 64 67 68 71 78 82 83 84 85 91 92 96 97 101 102 93 89 90 98 99 100 95 94 88 87 66 65 61 60 39 38 35 34 14 13 4 5 9 8 3 
1 2 6 7 10 11 15 103 21 22 29 30 31 32 33 28 23 20 12 19 24 27 16 17 18 25 26 36 37 42 41 115 110 113 107 108 112 111 106 109 114 43 46 52 53 58 57 54 51 47 44 104 40 49 45 48 50 55 56 59 105 62 63 70 69 74 75 81 73 76 80 86 79 77 72 64 67 68 71 78 82 83 84 85 91 92 96 97 101 102 93 89 90 98 99 100 95 94 88 87 66 65 61 60 39 38 35 34 14 13 4 5 9 8 3 
1 2 6 7 10 11 15 103 21 22 29 30 31 32 33 28 23 20 12 19 24 27 16 17 18 25 26 36 37 42 41 115 110 108 107 113 109 106 112 111 114 43 46 52 53 58 57 54 51 47 44 104 40 49 45 48 50 55 56 59 105 62 63 70 69 74 75 81 73 76 80 86 79 77 72 64 67 68 71 78 82 83 84 85 91 92 96 97 101 102 93 89 90 98 99 100 95 94 88 87 66 65 61 60 39 38 35 34 14 13 4 5 9 8 3 
1 2 6 7 10 11 15 103 21 22 29 30 31 32 33 28 23 20 12 19 24 27 16 17 18 25 26 36 37 42 41 115 110 107 113 111 112 108 109 106 114 43 46 52 53 58 57 54 51 47 44 104 40 49 45 48 50 55 56 59 105 62 63 70 69 74 75 81 73 76 80 86 79 77 72 64 67 68 71 78 82 83 84 85 91 92 96 97 101 102 93 89 90 98 99 100 95 94 88 87 66 65 61 60 39 38 35 34 14 13 4 5 9 8 3 
1 2 6 7 10 11 15 103 21 22 29 30 31 32 33 28 23 20 12 19 24 27 16 17 18 25 26 36 37 42 41 115 110 107 108 112 111 113 106 109 114 43 46 52 53 58 57 54 51 47 44 104 40 49 45 48 50 55 56 59 105 62 63 70 69 74 75 81 73 76 80 86 79 77 72 64 67 68 71 78 82 83 84 85 91 92 96 97 101 102 93 89 90 98 99 100 95 94 88 87 66 65 61 60 39 38 35 34 14 13 4 5 9 8 3 
1 2 6 7 10 11 15 103 21 22 29 30 31 32 33 28 23 20 12 19 24 27 16 17 18 25 26 36 37 42 41 115 110 111 112 108 109 107 113 106 114 43 46 52 53 58 57 54 51 47 44 104 40 49 45 48 50 55 56 59 105 62 63 70 69 74 75 81 73 76 80 86 79 77 72 64 67 68 71 78 82 83 84 85 91 92 96 97 101 102 93 89 90 98 99 100 95 94 88 87 66 65 61 60 39 38 35 34 14 13 4 5 9 8 3 
1 2 6 7 10 11 15 103 21 22 29 30 31 32 33 28 23 20 12 19 24 27 16 17 18 25 26 36 37 42 41 115 110 113 107 109 108 112 111 106 114 43 46 52 53 58 57 54 51 47 44 104 40 49 45 48 50 55 56 59 105 62 63 70 69 74 75 81 73 76 80 86 79 77 72 64 67 68 71 78 82 83 84 85 91 92 96 97 101 102 93 89 90 98 99 100 95 94 88 87 66 65 61 60 39 38 35 34 14 13 4 5 9 8 3 
1 2 6 7 10 11 15 103 21 22 29 30 31 32 33 28 23 20 12 19 24 27 16 17 18 25 26 36 37 42 41 115 110 106 113 111 112 108 107 109 114 43 46 52 53 58 57 54 51 47 44 104 40 49 45 48 50 55 56 59 105 62 63 70 69 74 75 81 73 76 80 86 79 77 72 64 67 68 71 78 82 83 84 85 91 92 96 97 101 102 93 89 90 98 99 100 95 94 88 87 66 65 61 60 39 38 35 34 14 13 4 5 9 8 3 
1 2 6 7 10 11 15 103 21 22 29 30 31 32 33 28 23 20 12 19 24 27 16 17 18 25 26 36 37 42 41 115 110 113 106 111 112 108 107 109 114 43 46 52 53 58 57 54 51 47 44 104 40 49 45 48 50 55 56 59 105 62 63 70 69 74 75 81 73 76 80 86 79 77 72 64 67 68 71 78 82 83 84 85 91 92 96 97 101 102 93 89 90 98 99 100 95 94 88 87 66 65 61 60 39 38 35 34 14 13 4 5 9 8 3 
1 2 6 7 10 11 15 103 21 22 29 30 31 32 33 28 23 20 12 19 24 27 16 17 18 25 26 36 37 42 41 115 110 106 109 113 111 112 108 107 114 43 46 52 53 58 57 54 51 47 44 104 40 49 45 48 50 55 56 59 105 62 63 70 69 74 75 81 73 76 80 86 79 77 72 64 67 68 71 78 82 83 84 85 91 92 96 97 101 102 93 89 90 98 99 100 95 94 88 87 66 65 61 60 39 38 35 34 14 13 4 5 9 8 3 
1 2 6 7 10 11 15 103 21 22 29 30 31 32 33 28 23 20 12 19 24 27 16 17 18 25 26 36 37 42 41 115 110 109 106 113 111 112 108 107 114 43 46 52 53 58 57 54 51 47 44 104 40 49 45 48 50 55 56 59 105 62 63 70 69 74 75 81 73 76 80 86 79 77 72 64 67 68 71 78 82 83 84 85 91 92 96 97 101 102 93 89 90 98 99 100 95 94 88 87 66 65 61 60 39 38 35 34 14 13 4 5 9 8 3 
1 2 6 7 10 11 15 103 21 22 29 30 31 32 33 28 23 20 12 19 24 27 16 17 18 25 26 36 37 42 41 115 110 113 109 106 111 112 108 107 114 43 46 52 53 58 57 54 51 47 44 104 40 49 45 48 50 55 56 59 105 62 63 70 69 74 75 81 73 76 80 86 79 77 72 64 67 68 71 78 82 83 84 85 91 92 96 97 101 102 93 89 90 98 99 100 95 94 88 87 66 65 61 60 39 38 35 34 14 13 4 5 9 8 3 
1 2 6 7 10 11 15 103 21 22 29 30 31 32 33 28 23 20 12 19 24 27 16 17 18 25 26 36 37 42 41 115 110 108 107 109 113 106 112 111 114 43 46 52 53 58 57 54 51 47 44 104 40 49 45 48 50 55 56 59 105 62 63 70 69 74 75 81 73 76 80 86 79 77 72 64 67 68 71 78 82 83 84 85 91 92 96 97 101 102 93 89 90 98 99 100 95 94 88 87 66 65 61 60 39 38 35 34 14 13 4 5 9 8 3 
1 2 6 7 10 11 15 103 21 22 29 30 31 32 33 28 23 20 12 19 24 27 16 17 18 25 26 36 37 42 41 115 110 107 109 108 112 111 113 106 114 43 46 52 53 58 57 54 51 47 44 104 40 49 45 48 50 55 56 59 105 62 63 70 69 74 75 81 73 76 80 86 79 77 72 64 67 68 71 78 82 83 84 85 91 92 96 97 101 102 93 89 90 98 99 100 95 94 88 87 66 65 61 60 39 38 35 34 14 13 4 5 9 8 3 
1 2 6 7 10 11 15 103 21 22 29 30 31 32 33 28 23 20 12 19 24 27 16 17 18 25 26 36 37 42 41 115 110 108 112 111 113 106 109 107 114 43 46 52 53 58 57 54 51 47 44 104 40 49 45 48 50 55 56 59 105 62 63 70 69 74 75 81 73 76 80 86 79 77 72 64 67 68 71 78 82 83 84 85 91 92 96 97 101 102 93 89 90 98 99 100 95 94 88 87 66 65 61 60 39 38 35 34 14 13 4 5 9 8 3 
1 2 6 7 10 11 15 103 21 22 29 30 31 32 33 28 23 20 12 19 24 27 16 17 18 25 26 36 37 42 41 115 110 109 113 107 108 112 111 106 114 43 46 52 53 58 57 54 51 47 44 104 40 49 45 48 50 55 56 59 105 62 63 70 69 74 75 81 73 76 80 86 79 77 72 64 67 68 71 78 82 83 84 85 91 92 96 97 101 102 93 89 90 98 99 100 95 94 88 87 66 65 61 60 39 38 35 34 14 13 4 5 9 8 3 
1 2 6 7 10 11 15 103 21 22 29 30 31 32 33 28 23 20 12 19 24 27 16 17 18 25 26 36 37 42 41 115 110 113 111 109 106 112 108 107 114 43 46 52 53 58 57 54 51 47 44 104 40 49 45 48 50 55 56 59 105 62 63 70 69 74 75 81 73 76 80 86 79 77 72 64 67 68 71 78 82 83 84 85 91 92 96 97 101 102 93 89 90 98 99 100 95 94 88 87 66 65 61 60 39 38 35 34 14 13 4 5 9 8 3 
1 2 6 7 10 11 15 103 21 22 29 30 31 32 33 28 23 20 12 19 24 27 16 17 18 25 26 36 37 42 41 115 110 111 112 106 109 108 107 113 114 43 46 52 53 58 57 54 51 47 44 104 40 49 45 48 50 55 56 59 105 62 63 70 69 74 75 81 73 76 80 86 79 77 72 64 67 68 71 78 82 83 84 85 91 92 96 97 101 102 93 89 90 98 99 100 95 94 88 87 66 65 61 60 39 38 35 34 14 13 4 5 9 8 3 
1 2 6 7 10 11 15 103 21 22 29 30 31 32 33 28 23 20 12 19 24 27 16 17 18 25 26 36 37 42 41 115 110 109 111 113 107 108 112 106 114 43 46 52 53 58 57 54 51 47 44 104 40 49 45 48 50 55 56 59 105 62 63 70 69 74 75 81 73 76 80 86 79 77 72 64 67 68 71 78 82 83 84 85 91 92 96 97 101 102 93 89 90 98 99 100 95 94 88 87 66 65 61 60 39 38 35 34 14 13 4 5 9 8 3 
1 2 6 7 10 11 15 103 21 22 29 30 31 32 33 28 23 20 12 19 24 27 16 17 18 25 26 36 37 42 41 115 110 111 109 113 107 108 112 106 114 43 46 52 53 58 57 54 51 47 44 104 40 49 45 48 50 55 56 59 105 62 63 70 69 74 75 81 73 76 80 86 79 77 72 64 67 68 71 78 82 83 84 85 91 92 96 97 101 102 93 89 90 98 99 100 95 94 88 87 66 65 61 60 39 38 35 34 14 13 4 5 9 8 3 
1 2 6 7 10 11 15 103 21 22 29 30 31 32 33 28 23 20 12 19 24 27 16 17 18 25 26 36 37 42 41 115 110 113 107 108 109 111 112 106 114 43 46 52 53 58 57 54 51 47 44 104 40 49 45 48 50 55 56 59 105 62 63 70 69 74 75 81 73 76 80 86 79 77 72 64 67 68 71 78 82 83 84 85 91 92 96 97 101 102 93 89 90 98 99 100 95 94 88 87 66 65 61 60 39 38 35 34 14 13 4 5 9 8 3 
1 2 6 7 10 11 15 103 21 22 29 30 31 32 33 28 23 20 12 19 24 27 16 17 18 25 26 36 37 42 41 115 110 113 111 112 106 109 107 108 114 43 46 52 53 58 57 54 51 47 44 104 40 49 45 48 50 55 56 59 105 62 63 70 69 74 75 81 73 76 80 86 79 77 72 64 67 68 71 78 82 83 84 85 91 92 96 97 101 102 93 89 90 98 99 100 95 94 88 87 66 65 61 60 39 38 35 34 14 13 4 5 9 8 3 
1 2 6 7 10 11 15 103 21 22 29 30 31 32 33 28 23 20 12 19 24 27 16 17 18 25 26 36 37 42 41 115 110 107 108 109 106 112 111 113 114 43 46 52 53 58 57 54 51 47 44 104 40 49 45 48 50 55 56 59 105 62 63 70 69 74 75 81 73 76 80 86 79 77 72 64 67 68 71 78 82 83 84 85 91 92 96 97 101 102 93 89 90 98 99 100 95 94 88 87 66 65 61 60 39 38 35 34 14 13 4 5 9 8 3 
1 2 6 7 10 11 15 103 21 22 29 30 31 32 33 28 23 20 12 19 24 27 16 17 18 25 26 36 37 42 41 115 110 109 107 108 112 106 111 113 114 43 46 52 53 58 57 54 51 47 44 104 40 49 45 48 50 55 56 59 105 62 63 70 69 74 75 81 73 76 80 86 79 77 72 64 67 68 71 78 82 83 84 85 91 92 96 97 101 102 93 89 90 98 99 100 95 94 88 87 66 65 61 60 39 38 35 34 14 13 4 5 9 8 3 
1 2 6 7 10 11 15 103 21 22 29 30 31 32 33 28 23 20 12 19 24 27 16 17 18 25 26 36 37 42 41 115 110 111 106 112 108 107 109 113 114 43 46 52 53 58 57 54 51 47 44 104 40 49 45 48 50 55 56 59 105 62 63 70 69 74 75 81 73 76 80 86 79 77 72 64 67 68 71 78 82 83 84 85 91 92 96 97 101 102 93 89 90 98 99 100 95 94 88 87 66 65 61 60 39 38 35 34 14 13 4 5 9 8 3 
1 2 6 7 10 11 15 103 21 22 29 30 31 32 33 28 23 20 12 19 24 27 16 17 18 25 26 36 37 42 41 115 110 106 112 111 113 107 108 109 114 43 46 52 53 58 57 54 51 47 44 104 40 49 45 48 50 55 56 59 105 62 63 70 69 74 75 81 73 76 80 86 79 77 72 64 67 68 71 78 82 83 84 85 91 92 96 97 101 102 93 89 90 98 99 100 95 94 88 87 66 65 61 60 39 38 35 34 14 13 4 5 9 8 3 
1 2 6 7 10 11 15 103 21 22 29 30 31 32 33 28 23 20 12 19 24 27 16 17 18 25 26 36 37 42 41 115 110 111 106 112 108 107 113 109 114 43 46 52 53 58 57 54 51 47 44 104 40 49 45 48 50 55 56 59 105 62 63 70 69 74 75 81 73 76 80 86 79 77 72 64 67 68 71 78 82 83 84 85 91 92 96 97 101 102 93 89 90 98 99 100 95 94 88 87 66 65 61 60 39 38 35 34 14 13 4 5 9 8 3 
1 2 6 7 10 11 15 103 21 22 29 30 31 32 33 28 23 20 12 19 24 27 16 17 18 25 26 36 37 42 41 115 110 111 112 106 113 107 108 109 114 43 46 52 53 58 57 54 51 47 44 104 40 49 45 48 50 55 56 59 105 62 63 70 69 74 75 81 73 76 80 86 79 77 72 64 67 68 71 78 82 83 84 85 91 92 96 97 101 102 93 89 90 98 99 100 95 94 88 87 66 65 61 60 39 38 35 34 14 13 4 5 9 8 3 
1 2 6 7 10 11 15 103 21 22 29 30 31 32 33 28 23 20 12 19 24 27 16 17 18 25 26 36 37 42 41 115 110 111 113 106 112 108 109 107 114 43 46 52 53 58 57 54 51 47 44 104 40 49 45 48 50 55 56 59 105 62 63 70 69 74 75 81 73 76 80 86 79 77 72 64 67 68 71 78 82 83 84 85 91 92 96 97 101 102 93 89 90 98 99 100 95 94 88 87 66 65 61 60 39 38 35 34 14 13 4 5 9 8 3 
1 2 6 7 10 11 15 103 21 22 29 30 31 32 33 28 23 20 12 19 24 27 16 17 18 25 26 36 37 42 41 115 110 113 111 106 112 108 109 107 114 43 46 52 53 58 57 54 51 47 44 104 40 49 45 48 50 55 56 59 105 62 63 70 69 74 75 81 73 76 80 86 79 77 72 64 67 68 71 78 82 83 84 85 91 92 96 97 101 102 93 89 90 98 99 100 95 94 88 87 66 65 61 60 39 38 35 34 14 13 4 5 9 8 3 
1 2 6 7 10 11 15 103 21 22 29 30 31 32 33 28 23 20 12 19 24 27 16 17 18 25 26 36 37 42 41 115 110 108 107 113 109 111 112 106 114 43 46 52 53 58 57 54 51 47 44 104 40 49 45 48 50 55 56 59 105 62 63 70 69 74 75 81 73 76 80 86 79 77 72 64 67 68 71 78 82 83 84 85 91 92 96 97 101 102 93 89 90 98 99 100 95 94 88 87 66 65 61 60 39 38 35 34 14 13 4 5 9 8 3 
1 2 6 7 10 11 15 103 21 22 29 30 31 32 33 28 23 20 12 19 24 27 16 17 18 25 26 36 37 42 41 115 110 108 112 106 111 113 107 109 114 43 46 52 53 58 57 54 51 47 44 104 40 49 45 48 50 55 56 59 105 62 63 70 69 74 75 81 73 76 80 86 79 77 72 64 67 68 71 78 82 83 84 85 91 92 96 97 101 102 93 89 90 98 99 100 95 94 88 87 66 65 61 60 39 38 35 34 14 13 4 5 9 8 3 
1 2 6 7 10 11 15 103 21 22 29 30 31 32 33 28 23 20 12 19 24 27 16 17 18 25 26 36 37 42 41 115 110 108 109 106 112 111 113 107 114 43 46 52 53 58 57 54 51 47 44 104 40 49 45 48 50 55 56 59 105 62 63 70 69 74 75 81 73 76 80 86 79 77 72 64 67 68 71 78 82 83 84 85 91 92 96 97 101 102 93 89 90 98 99 100 95 94 88 87 66 65 61 60 39 38 35 34 14 13 4 5 9 8 3 
1 2 6 7 10 11 15 103 21 22 29 30 31 32 33 28 23 20 12 19 24 27 16 17 18 25 26 36 37 42 41 115 110 107 108 112 106 111 113 109 114 43 46 52 53 58 57 54 51 47 44 104 40 49 45 48 50 55 56 59 105 62 63 70 69 74 75 81 73 76 80 86 79 77 72 64 67 68 71 78 82 83 84 85 91 92 96 97 101 102 93 89 90 98 99 100 95 94 88 87 66 65 61 60 39 38 35 34 14 13 4 5 9 8 3 
1 2 6 7 10 11 15 103 21 22 29 30 31 32 33 28 23 20 12 19 24 27 16 17 18 25 26 36 37 42 41 115 110 106 112 111 113 109 108 107 114 43 46 52 53 58 57 54 51 47 44 104 40 49 45 48 50 55 56 59 105 62 63 70 69 74 75 81 73 76 80 86 79 77 72 64 67 68 71 78 82 83 84 85 91 92 96 97 101 102 93 89 90 98 99 100 95 94 88 87 66 65 61 60 39 38 35 34 14 13 4 5 9 8 3 
1 2 6 7 10 11 15 103 21 22 29 30 31 32 33 28 23 20 12 19 24 27 16 17 18 25 26 36 37 42 41 115 110 109 113 111 106 112 108 107 114 43 46 52 53 58 57 54 51 47 44 104 40 49 45 48 50 55 56 59 105 62 63 70 69 74 75 81 73 76 80 86 79 77 72 64 67 68 71 78 82 83 84 85 91 92 96 97 101 102 93 89 90 98 99 100 95 94 88 87 66 65 61 60 39 38 35 34 14 13 4 5 9 8 3 
1 2 6 7 10 11 15 103 21 22 29 30 31 32 33 28 23 20 12 19 24 27 16 17 18 25 26 36 37 42 41 115 110 111 112 106 113 109 108 107 114 43 46 52 53 58 57 54 51 47 44 104 40 49 45 48 50 55 56 59 105 62 63 70 69 74 75 81 73 76 80 86 79 77 72 64 67 68 71 78 82 83 84 85 91 92 96 97 101 102 93 89 90 98 99 100 95 94 88 87 66 65 61 60 39 38 35 34 14 13 4 5 9 8 3 
1 2 6 7 10 11 15 103 21 22 29 30 31 32 33 28 23 20 12 19 24 27 16 17 18 25 26 36 37 42 41 115 110 111 112 108 107 113 109 106 114 43 46 52 53 58 57 54 51 47 44 104 40 49 45 48 50 55 56 59 105 62 63 70 69 74 75 81 73 76 80 86 79 77 72 64 67 68 71 78 82 83 84 85 91 92 96 97 101 102 93 89 90 98 99 100 95 94 88 87 66 65 61 60 39 38 35 34 14 13 4 5 9 8 3 
1 2 6 7 10 11 15 103 21 22 29 30 31 32 33 28 23 20 12 19 24 27 16 17 18 25 26 36 37 42 41 115 110 108 112 106 111 113 109 107 114 43 46 52 53 58 57 54 51 47 44 104 40 49 45 48 50 55 56 59 105 62 63 70 69 74 75 81 73 76 80 86 79 77 72 64 67 68 71 78 82 83 84 85 91 92 96 97 101 102 93 89 90 98 99 100 95 94 88 87 66 65 61 60 39 38 35 34 14 13 4 5 9 8 3 
1 2 6 7 10 11 15 103 21 22 29 30 31 32 33 28 23 20 12 19 24 27 16 17 18 25 26 36 37 42 41 115 110 108 112 111 113 107 109 106 114 43 46 52 53 58 57 54 51 47 44 104 40 49 45 48 50 55 56 59 105 62 63 70 69 74 75 81 73 76 80 86 79 77 72 64 67 68 71 78 82 83 84 85 91 92 96 97 101 102 93 89 90 98 99 100 95 94 88 87 66 65 61 60 39 38 35 34 14 13 4 5 9 8 3 
1 2 6 7 10 11 15 103 21 22 29 30 31 32 33 28 23 20 12 19 24 27 16 17 18 25 26 36 37 42 41 115 110 107 108 112 111 113 109 106 114 43 46 52 53 58 57 54 51 47 44 104 40 49 45 48 50 55 56 59 105 62 63 70 69 74 75 81 73 76 80 86 79 77 72 64 67 68 71 78 82 83 84 85 91 92 96 97 101 102 93 89 90 98 99 100 95 94 88 87 66 65 61 60 39 38 35 34 14 13 4 5 9 8 3 
1 2 6 7 10 11 15 103 21 22 29 30 31 32 33 28 23 20 12 19 24 27 16 17 18 25 26 36 37 42 41 115 110 109 107 108 112 111 113 106 114 43 46 52 53 58 57 54 51 47 44 104 40 49 45 48 50 55 56 59 105 62 63 70 69 74 75 81 73 76 80 86 79 77 72 64 67 68 71 78 82 83 84 85 91 92 96 97 101 102 93 89 90 98 99 100 95 94 88 87 66 65 61 60 39 38 35 34 14 13 4 5 9 8 3 
1 2 6 7 10 11 15 103 21 22 29 30 31 32 33 28 23 20 12 19 24 27 16 17 18 25 26 36 37 42 41 115 110 111 112 108 107 109 113 106 114 43 46 52 53 58 57 54 51 47 44 104 40 49 45 48 50 55 56 59 105 62 63 70 69 74 75 81 73 76 80 86 79 77 72 64 67 68 71 78 82 83 84 85 91 92 96 97 101 102 93 89 90 98 99 100 95 94 88 87 66 65 61 60 39 38 35 34 14 13 4 5 9 8 3 
1 2 6 7 10 11 15 103 21 22 29 30 31 32 33 28 23 20 12 19 24 27 16 17 18 25 26 36 37 42 41 115 110 113 109 107 108 112 111 106 114 43 46 52 53 58 57 54 51 47 44 104 40 49 45 48 50 55 56 59 105 62 63 70 69 74 75 81 73 76 80 86 79 77 72 64 67 68 71 78 82 83 84 85 91 92 96 97 101 102 93 89 90 98 99 100 95 94 88 87 66 65 61 60 39 38 35 34 14 13 4 5 9 8 3 
1 2 6 7 10 11 15 103 21 22 29 30 31 32 33 28 23 20 12 19 24 27 16 17 18 25 26 36 37 42 41 115 110 111 113 107 108 112 106 109 114 43 46 52 53 58 57 54 51 47 44 104 40 49 45 48 50 55 56 59 105 62 63 70 69 74 75 81 73 76 80 86 79 77 72 64 67 68 71 78 82 83 84 85 91 92 96 97 101 102 93 89 90 98 99 100 95 94 88 87 66 65 61 60 39 38 35 34 14 13 4 5 9 8 3 
1 2 6 7 10 11 15 103 21 22 29 30 31 32 33 28 23 20 12 19 24 27 16 17 18 25 26 36 37 42 41 115 110 113 111 109 107 108 112 106 114 43 46 52 53 58 57 54 51 47 44 104 40 49 45 48 50 55 56 59 105 62 63 70 69 74 75 81 73 76 80 86 79 77 72 64 67 68 71 78 82 83 84 85 91 92 96 97 101 102 93 89 90 98 99 100 95 94 88 87 66 65 61 60 39 38 35 34 14 13 4 5 9 8 3 
1 2 6 7 10 11 15 103 21 22 29 30 31 32 33 28 23 20 12 19 24 27 16 17 18 25 26 36 37 42 41 115 110 111 113 107 109 108 112 106 114 43 46 52 53 58 57 54 51 47 44 104 40 49 45 48 50 55 56 59 105 62 63 70 69 74 75 81 73 76 80 86 79 77 72 64 67 68 71 78 82 83 84 85 91 92 96 97 101 102 93 89 90 98 99 100 95 94 88 87 66 65 61 60 39 38 35 34 14 13 4 5 9 8 3 
1 2 6 7 10 11 15 103 21 22 29 30 31 32 33 28 23 20 12 19 24 27 16 17 18 25 26 36 37 42 41 115 110 111 113 106 112 108 107 109 114 43 46 52 53 58 57 54 51 47 44 104 40 49 45 48 50 55 56 59 105 62 63 70 69 74 75 81 73 76 80 86 79 77 72 64 67 68 71 78 82 83 84 85 91 92 96 97 101 102 93 89 90 98 99 100 95 94 88 87 66 65 61 60 39 38 35 34 14 13 4 5 9 8 3 
1 2 6 7 10 11 15 103 21 22 29 30 31 32 33 28 23 20 12 19 24 27 16 17 18 25 26 36 37 42 41 115 110 113 111 106 112 108 107 109 114 43 46 52 53 58 57 54 51 47 44 104 40 49 45 48 50 55 56 59 105 62 63 70 69 74 75 81 73 76 80 86 79 77 72 64 67 68 71 78 82 83 84 85 91 92 96 97 101 102 93 89 90 98 99 100 95 94 88 87 66 65 61 60 39 38 35 34 14 13 4 5 9 8 3 
1 2 6 7 10 11 15 103 21 22 29 30 31 32 33 28 23 20 12 19 24 27 16 17 18 25 26 36 37 42 41 115 110 111 113 109 106 112 108 107 114 43 46 52 53 58 57 54 51 47 44 104 40 49 45 48 50 55 56 59 105 62 63 70 69 74 75 81 73 76 80 86 79 77 72 64 67 68 71 78 82 83 84 85 91 92 96 97 101 102 93 89 90 98 99 100 95 94 88 87 66 65 61 60 39 38 35 34 14 13 4 5 9 8 3 
1 2 6 7 10 11 15 103 21 22 29 30 31 32 33 28 23 20 12 19 24 27 16 17 18 25 26 36 37 42 41 115 110 113 111 112 106 109 108 107 114 43 46 52 53 58 57 54 51 47 44 104 40 49 45 48 50 55 56 59 105 62 63 70 69 74 75 81 73 76 80 86 79 77 72 64 67 68 71 78 82 83 84 85 91 92 96 97 101 102 93 89 90 98 99 100 95 94 88 87 66 65 61 60 39 38 35 34 14 13 4 5 9 8 3 
1 2 6 7 10 11 15 103 21 22 29 30 31 32 33 28 23 20 12 19 24 27 16 17 18 25 26 36 37 42 41 115 110 108 107 109 106 112 111 113 114 43 46 52 53 58 57 54 51 47 44 104 40 49 45 48 50 55 56 59 105 62 63 70 69 74 75 81 73 76 80 86 79 77 72 64 67 68 71 78 82 83 84 85 91 92 96 97 101 102 93 89 90 98 99 100 95 94 88 87 66 65 61 60 39 38 35 34 14 13 4 5 9 8 3 
1 2 6 7 10 11 15 103 21 22 29 30 31 32 33 28 23 20 12 19 24 27 16 17 18 25 26 36 37 42 41 115 110 108 107 113 111 112 106 109 114 43 46 52 53 58 57 54 51 47 44 104 40 49 45 48 50 55 56 59 105 62 63 70 69 74 75 81 73 76 80 86 79 77 72 64 67 68 71 78 82 83 84 85 91 92 96 97 101 102 93 89 90 98 99 100 95 94 88 87 66 65 61 60 39 38 35 34 14 13 4 5 9 8 3 
1 2 6 7 10 11 15 103 21 22 29 30 31 32 33 28 23 20 12 19 24 27 16 17 18 25 26 36 37 42 41 115 110 109 108 107 113 111 112 106 114 43 46 52 53 58 57 54 51 47 44 104 40 49 45 48 50 55 56 59 105 62 63 70 69 74 75 81 73 76 80 86 79 77 72 64 67 68 71 78 82 83 84 85 91 92 96 97 101 102 93 89 90 98 99 100 95 94 88 87 66 65 61 60 39 38 35 34 14 13 4 5 9 8 3 
1 2 6 7 10 11 15 103 21 22 29 30 31 32 33 28 23 20 12 19 24 27 16 17 18 25 26 36 37 42 41 115 110 113 111 112 108 107 109 106 114 43 46 52 53 58 57 54 51 47 44 104 40 49 45 48 50 55 56 59 105 62 63 70 69 74 75 81 73 76 80 86 79 77 72 64 67 68 71 78 82 83 84 85 91 92 96 97 101 102 93 89 90 98 99 100 95 94 88 87 66 65 61 60 39 38 35 34 14 13 4 5 9 8 3 
1 2 6 7 10 11 15 103 21 22 29 30 31 32 33 28 23 20 12 19 24 27 16 17 18 25 26 36 37 42 41 115 110 108 109 107 113 111 112 106 114 43 46 52 53 58 57 54 51 47 44 104 40 49 45 48 50 55 56 59 105 62 63 70 69 74 75 81 73 76 80 86 79 77 72 64 67 68 71 78 82 83 84 85 91 92 96 97 101 102 93 89 90 98 99 100 95 94 88 87 66 65 61 60 39 38 35 34 14 13 4 5 9 8 3 
1 2 6 7 10 11 15 103 21 22 29 30 31 32 33 28 23 20 12 19 24 27 16 17 18 25 26 36 37 42 41 115 110 107 108 109 113 111 112 106 114 43 46 52 53 58 57 54 51 47 44 104 40 49 45 48 50 55 56 59 105 62 63 70 69 74 75 81 73 76 80 86 79 77 72 64 67 68 71 78 82 83 84 85 91 92 96 97 101 102 93 89 90 98 99 100 95 94 88 87 66 65 61 60 39 38 35 34 14 13 4 5 9 8 3 
1 2 6 7 10 11 15 103 21 22 29 30 31 32 33 28 23 20 12 19 24 27 16 17 18 25 26 36 37 42 41 115 106 111 112 108 107 109 113 110 114 43 46 52 53 58 57 54 51 47 44 104 40 49 45 48 50 55 56 59 105 62 63 70 69 74 75 81 73 76 80 86 79 77 72 64 67 68 71 78 82 83 84 85 91 92 96 97 101 102 93 89 90 98 99 100 95 94 88 87 66 65 61 60 39 38 35 34 14 13 4 5 9 8 3 
1 2 6 7 10 11 15 103 21 22 29 30 31 32 33 28 23 20 12 19 24 27 16 17 18 25 26 36 37 42 41 115 106 113 109 107 108 112 111 110 114 43 46 52 53 58 57 54 51 47 44 104 40 49 45 48 50 55 56 59 105 62 63 70 69 74 75 81 73 76 80 86 79 77 72 64 67 68 71 78 82 83 84 85 91 92 96 97 101 102 93 89 90 98 99 100 95 94 88 87 66 65 61 60 39 38 35 34 14 13 4 5 9 8 3 
1 2 6 7 10 11 15 103 21 22 29 30 31 32 33 28 23 20 12 19 24 27 16 17 18 25 26 36 37 42 41 115 106 113 111 112 108 107 109 110 114 43 46 52 53 58 57 54 51 47 44 104 40 49 45 48 50 55 56 59 105 62 63 70 69 74 75 81 73 76 80 86 79 77 72 64 67 68 71 78 82 83 84 85 91 92 96 97 101 102 93 89 90 98 99 100 95 94 88 87 66 65 61 60 39 38 35 34 14 13 4 5 9 8 3 
1 2 6 7 10 11 15 103 21 22 29 30 31 32 33 28 23 20 12 19 24 27 16 17 18 25 26 36 37 42 41 115 108 112 111 113 106 109 107 110 114 43 46 52 53 58 57 54 51 47 44 104 40 49 45 48 50 55 56 59 105 62 63 70 69 74 75 81 73 76 80 86 79 77 72 64 67 68 71 78 82 83 84 85 91 92 96 97 101 102 93 89 90 98 99 100 95 94 88 87 66 65 61 60 39 38 35 34 14 13 4 5 9 8 3 
1 2 6 7 10 11 15 103 21 22 29 30 31 32 33 28 23 20 12 19 24 27 16 17 18 25 26 36 37 42 41 115 109 106 113 111 112 108 107 110 114 43 46 52 53 58 57 54 51 47 44 104 40 49 45 48 50 55 56 59 105 62 63 70 69 74 75 81 73 76 80 86 79 77 72 64 67 68 71 78 82 83 84 85 91 92 96 97 101 102 93 89 90 98 99 100 95 94 88 87 66 65 61 60 39 38 35 34 14 13 4 5 9 8 3 
1 2 6 7 10 11 15 103 21 22 29 30 31 32 33 28 23 20 12 19 24 27 16 17 18 25 26 36 37 42 41 115 109 111 110 113 107 108 112 106 114 43 46 52 53 58 57 54 51 47 44 104 40 49 45 48 50 55 56 59 105 62 63 70 69 74 75 81 73 76 80 86 79 77 72 64 67 68 71 78 82 83 84 85 91 92 96 97 101 102 93 89 90 98 99 100 95 94 88 87 66 65 61 60 39 38 35 34 14 13 4 5 9 8 3 
1 2 6 7 10 11 15 103 21 22 29 30 31 32 33 28 23 20 12 19 24 27 16 17 18 25 26 36 37 42 41 115 108 112 111 110 107 109 113 106 114 43 46 52 53 58 57 54 51 47 44 104 40 49 45 48 50 55 56 59 105 62 63 70 69 74 75 81 73 76 80 86 79 77 72 64 67 68 71 78 82 83 84 85 91 92 96 97 101 102 93 89 90 98 99 100 95 94 88 87 66 65 61 60 39 38 35 34 14 13 4 5 9 8 3 
1 2 6 7 10 11 15 103 21 22 29 30 31 32 33 28 23 20 12 19 24 27 16 17 18 25 26 36 37 42 41 115 108 112 111 113 109 107 110 106 114 43 46 52 53 58 57 54 51 47 44 104 40 49 45 48 50 55 56 59 105 62 63 70 69 74 75 81 73 76 80 86 79 77 72 64 67 68 71 78 82 83 84 85 91 92 96 97 101 102 93 89 90 98 99 100 95 94 88 87 66 65 61 60 39 38 35 34 14 13 4 5 9 8 3 
1 2 6 7 10 11 15 103 21 22 29 30 31 32 33 28 23 20 12 19 24 27 16 17 18 25 26 36 37 42 41 115 109 110 107 108 112 111 113 106 114 43 46 52 53 58 57 54 51 47 44 104 40 49 45 48 50 55 56 59 105 62 63 70 69 74 75 81 73 76 80 86 79 77 72 64 67 68 71 78 82 83 84 85 91 92 96 97 101 102 93 89 90 98 99 100 95 94 88 87 66 65 61 60 39 38 35 34 14 13 4 5 9 8 3 
1 2 6 7 10 11 15 103 21 22 29 30 31 32 33 28 23 20 12 19 24 27 16 17 18 25 26 36 37 42 41 115 109 113 110 107 108 112 111 106 114 43 46 52 53 58 57 54 51 47 44 104 40 49 45 48 50 55 56 59 105 62 63 70 69 74 75 81 73 76 80 86 79 77 72 64 67 68 71 78 82 83 84 85 91 92 96 97 101 102 93 89 90 98 99 100 95 94 88 87 66 65 61 60 39 38 35 34 14 13 4 5 9 8 3 
1 2 6 7 10 11 15 103 21 22 29 30 31 32 33 28 23 20 12 19 24 27 16 17 18 25 26 36 37 42 41 115 109 113 111 112 108 107 110 106 114 43 46 52 53 58 57 54 51 47 44 104 40 49 45 48 50 55 56 59 105 62 63 70 69 74 75 81 73 76 80 86 79 77 72 64 67 68 71 78 82 83 84 85 91 92 96 97 101 102 93 89 90 98 99 100 95 94 88 87 66 65 61 60 39 38 35 34 14 13 4 5 9 8 3 
1 2 6 7 10 11 15 103 21 22 29 30 31 32 33 28 23 20 12 19 24 27 16 17 18 25 26 36 37 42 41 115 109 107 108 112 111 106 113 110 114 43 46 52 53 58 57 54 51 47 44 104 40 49 45 48 50 55 56 59 105 62 63 70 69 74 75 81 73 76 80 86 79 77 72 64 67 68 71 78 82 83 84 85 91 92 96 97 101 102 93 89 90 98 99 100 95 94 88 87 66 65 61 60 39 38 35 34 14 13 4 5 9 8 3 
1 2 6 7 10 11 15 103 21 22 29 30 31 32 33 28 23 20 12 19 24 27 16 17 18 25 26 36 37 42 41 115 109 107 108 112 111 113 106 110 114 43 46 52 53 58 57 54 51 47 44 104 40 49 45 48 50 55 56 59 105 62 63 70 69 74 75 81 73 76 80 86 79 77 72 64 67 68 71 78 82 83 84 85 91 92 96 97 101 102 93 89 90 98 99 100 95 94 88 87 66 65 61 60 39 38 35 34 14 13 4 5 9 8 3 
1 2 6 7 10 11 15 103 21 22 29 30 31 32 33 28 23 20 12 19 24 27 16 17 18 25 26 36 37 42 41 115 111 110 113 107 109 108 112 106 114 43 46 52 53 58 57 54 51 47 44 104 40 49 45 48 50 55 56 59 105 62 63 70 69 74 75 81 73 76 80 86 79 77 72 64 67 68 71 78 82 83 84 85 91 92 96 97 101 102 93 89 90 98 99 100 95 94 88 87 66 65 61 60 39 38 35 34 14 13 4 5 9 8 3 
1 2 6 7 10 11 15 103 21 22 29 30 31 32 33 28 23 20 12 19 24 27 16 17 18 25 26 36 37 42 41 115 111 113 110 107 108 112 106 109 114 43 46 52 53 58 57 54 51 47 44 104 40 49 45 48 50 55 56 59 105 62 63 70 69 74 75 81 73 76 80 86 79 77 72 64 67 68 71 78 82 83 84 85 91 92 96 97 101 102 93 89 90 98 99 100 95 94 88 87 66 65 61 60 39 38 35 34 14 13 4 5 9 8 3 
1 2 6 7 10 11 15 103 21 22 29 30 31 32 33 28 23 20 12 19 24 27 16 17 18 25 26 36 37 42 41 115 113 111 110 107 108 112 106 109 114 43 46 52 53 58 57 54 51 47 44 104 40 49 45 48 50 55 56 59 105 62 63 70 69 74 75 81 73 76 80 86 79 77 72 64 67 68 71 78 82 83 84 85 91 92 96 97 101 102 93 89 90 98 99 100 95 94 88 87 66 65 61 60 39 38 35 34 14 13 4 5 9 8 3 
1 2 6 7 10 11 15 103 21 22 29 30 31 32 33 28 23 20 12 19 24 27 16 17 18 25 26 36 37 42 41 115 111 110 113 106 112 108 107 109 114 43 46 52 53 58 57 54 51 47 44 104 40 49 45 48 50 55 56 59 105 62 63 70 69 74 75 81 73 76 80 86 79 77 72 64 67 68 71 78 82 83 84 85 91 92 96 97 101 102 93 89 90 98 99 100 95 94 88 87 66 65 61 60 39 38 35 34 14 13 4 5 9 8 3 
1 2 6 7 10 11 15 103 21 22 29 30 31 32 33 28 23 20 12 19 24 27 16 17 18 25 26 36 37 42 41 115 111 113 110 106 112 108 107 109 114 43 46 52 53 58 57 54 51 47 44 104 40 49 45 48 50 55 56 59 105 62 63 70 69 74 75 81 73 76 80 86 79 77 72 64 67 68 71 78 82 83 84 85 91 92 96 97 101 102 93 89 90 98 99 100 95 94 88 87 66 65 61 60 39 38 35 34 14 13 4 5 9 8 3 
1 2 6 7 10 11 15 103 21 22 29 30 31 32 33 28 23 20 12 19 24 27 16 17 18 25 26 36 37 42 41 115 113 110 111 106 112 108 107 109 114 43 46 52 53 58 57 54 51 47 44 104 40 49 45 48 50 55 56 59 105 62 63 70 69 74 75 81 73 76 80 86 79 77 72 64 67 68 71 78 82 83 84 85 91 92 96 97 101 102 93 89 90 98 99 100 95 94 88 87 66 65 61 60 39 38 35 34 14 13 4 5 9 8 3 
1 2 6 7 10 11 15 103 21 22 29 30 31 32 33 28 23 20 12 19 24 27 16 17 18 25 26 36 37 42 41 115 113 111 110 106 112 108 107 109 114 43 46 52 53 58 57 54 51 47 44 104 40 49 45 48 50 55 56 59 105 62 63 70 69 74 75 81 73 76 80 86 79 77 72 64 67 68 71 78 82 83 84 85 91 92 96 97 101 102 93 89 90 98 99 100 95 94 88 87 66 65 61 60 39 38 35 34 14 13 4 5 9 8 3 
1 2 6 7 10 11 15 103 21 22 29 30 31 32 33 28 23 20 12 19 24 27 16 17 18 25 26 36 37 42 41 115 111 110 113 109 106 112 108 107 114 43 46 52 53 58 57 54 51 47 44 104 40 49 45 48 50 55 56 59 105 62 63 70 69 74 75 81 73 76 80 86 79 77 72 64 67 68 71 78 82 83 84 85 91 92 96 97 101 102 93 89 90 98 99 100 95 94 88 87 66 65 61 60 39 38 35 34 14 13 4 5 9 8 3 
1 2 6 7 10 11 15 103 21 22 29 30 31 32 33 28 23 20 12 19 24 27 16 17 18 25 26 36 37 42 41 115 111 113 110 109 106 112 108 107 114 43 46 52 53 58 57 54 51 47 44 104 40 49 45 48 50 55 56 59 105 62 63 70 69 74 75 81 73 76 80 86 79 77 72 64 67 68 71 78 82 83 84 85 91 92 96 97 101 102 93 89 90 98 99 100 95 94 88 87 66 65 61 60 39 38 35 34 14 13 4 5 9 8 3 
1 2 6 7 10 11 15 103 21 22 29 30 31 32 33 28 23 20 12 19 24 27 16 17 18 25 26 36 37 42 41 115 113 110 111 112 106 109 108 107 114 43 46 52 53 58 57 54 51 47 44 104 40 49 45 48 50 55 56 59 105 62 63 70 69 74 75 81 73 76 80 86 79 77 72 64 67 68 71 78 82 83 84 85 91 92 96 97 101 102 93 89 90 98 99 100 95 94 88 87 66 65 61 60 39 38 35 34 14 13 4 5 9 8 3 
1 2 6 7 10 11 15 103 21 22 29 30 31 32 33 28 23 20 12 19 24 27 16 17 18 25 26 36 37 42 41 115 113 111 110 109 106 112 108 107 114 43 46 52 53 58 57 54 51 47 44 104 40 49 45 48 50 55 56 59 105 62 63 70 69 74 75 81 73 76 80 86 79 77 72 64 67 68 71 78 82 83 84 85 91 92 96 97 101 102 93 89 90 98 99 100 95 94 88 87 66 65 61 60 39 38 35 34 14 13 4 5 9 8 3 
1 2 6 7 10 11 15 103 21 22 29 30 31 32 33 28 23 20 12 19 24 27 16 17 18 25 26 36 37 42 41 115 111 112 106 109 107 108 110 113 114 43 46 52 53 58 57 54 51 47 44 104 40 49 45 48 50 55 56 59 105 62 63 70 69 74 75 81 73 76 80 86 79 77 72 64 67 68 71 78 82 83 84 85 91 92 96 97 101 102 93 89 90 98 99 100 95 94 88 87 66 65 61 60 39 38 35 34 14 13 4 5 9 8 3 
1 2 6 7 10 11 15 103 21 22 29 30 31 32 33 28 23 20 12 19 24 27 16 17 18 25 26 36 37 42 41 115 106 112 108 107 113 111 110 109 114 43 46 52 53 58 57 54 51 47 44 104 40 49 45 48 50 55 56 59 105 62 63 70 69 74 75 81 73 76 80 86 79 77 72 64 67 68 71 78 82 83 84 85 91 92 96 97 101 102 93 89 90 98 99 100 95 94 88 87 66 65 61 60 39 38 35 34 14 13 4 5 9 8 3 
1 2 6 7 10 11 15 103 21 22 29 30 31 32 33 28 23 20 12 19 24 27 16 17 18 25 26 36 37 42 41 115 106 112 111 110 113 107 108 109 114 43 46 52 53 58 57 54 51 47 44 104 40 49 45 48 50 55 56 59 105 62 63 70 69 74 75 81 73 76 80 86 79 77 72 64 67 68 71 78 82 83 84 85 91 92 96 97 101 102 93 89 90 98 99 100 95 94 88 87 66 65 61 60 39 38 35 34 14 13 4 5 9 8 3 
1 2 6 7 10 11 15 103 21 22 29 30 31 32 33 28 23 20 12 19 24 27 16 17 18 25 26 36 37 42 41 115 109 107 110 108 112 111 113 106 114 43 46 52 53 58 57 54 51 47 44 104 40 49 45 48 50 55 56 59 105 62 63 70 69 74 75 81 73 76 80 86 79 77 72 64 67 68 71 78 82 83 84 85 91 92 96 97 101 102 93 89 90 98 99 100 95 94 88 87 66 65 61 60 39 38 35 34 14 13 4 5 9 8 3 
1 2 6 7 10 11 15 103 21 22 29 30 31 32 33 28 23 20 12 19 24 27 16 17 18 25 26 36 37 42 41 115 106 112 108 107 109 111 113 110 114 43 46 52 53 58 57 54 51 47 44 104 40 49 45 48 50 55 56 59 105 62 63 70 69 74 75 81 73 76 80 86 79 77 72 64 67 68 71 78 82 83 84 85 91 92 96 97 101 102 93 89 90 98 99 100 95 94 88 87 66 65 61 60 39 38 35 34 14 13 4 5 9 8 3 
1 2 6 7 10 11 15 103 21 22 29 30 31 32 33 28 23 20 12 19 24 27 16 17 18 25 26 36 37 42 41 115 109 111 113 110 107 108 112 106 114 43 46 52 53 58 57 54 51 47 44 104 40 49 45 48 50 55 56 59 105 62 63 70 69 74 75 81 73 76 80 86 79 77 72 64 67 68 71 78 82 83 84 85 91 92 96 97 101 102 93 89 90 98 99 100 95 94 88 87 66 65 61 60 39 38 35 34 14 13 4 5 9 8 3 
1 2 6 7 10 11 15 103 21 22 29 30 31 32 33 28 23 20 12 19 24 27 16 17 18 25 26 36 37 42 41 115 108 107 113 110 109 111 112 106 114 43 46 52 53 58 57 54 51 47 44 104 40 49 45 48 50 55 56 59 105 62 63 70 69 74 75 81 73 76 80 86 79 77 72 64 67 68 71 78 82 83 84 85 91 92 96 97 101 102 93 89 90 98 99 100 95 94 88 87 66 65 61 60 39 38 35 34 14 13 4 5 9 8 3 
1 2 6 7 10 11 15 103 21 22 29 30 31 32 33 28 23 20 12 19 24 27 16 17 18 25 26 36 37 42 41 115 108 112 106 110 111 113 107 109 114 43 46 52 53 58 57 54 51 47 44 104 40 49 45 48 50 55 56 59 105 62 63 70 69 74 75 81 73 76 80 86 79 77 72 64 67 68 71 78 82 83 84 85 91 92 96 97 101 102 93 89 90 98 99 100 95 94 88 87 66 65 61 60 39 38 35 34 14 13 4 5 9 8 3 
1 2 6 7 10 11 15 103 21 22 29 30 31 32 33 28 23 20 12 19 24 27 16 17 18 25 26 36 37 42 41 115 108 112 106 111 110 113 107 109 114 43 46 52 53 58 57 54 51 47 44 104 40 49 45 48 50 55 56 59 105 62 63 70 69 74 75 81 73 76 80 86 79 77 72 64 67 68 71 78 82 83 84 85 91 92 96 97 101 102 93 89 90 98 99 100 95 94 88 87 66 65 61 60 39 38 35 34 14 13 4 5 9 8 3 
1 2 6 7 10 11 15 103 21 22 29 30 31 32 33 28 23 20 12 19 24 27 16 17 18 25 26 36 37 42 41 115 113 107 108 110 111 112 106 109 114 43 46 52 53 58 57 54 51 47 44 104 40 49 45 48 50 55 56 59 105 62 63 70 69 74 75 81 73 76 80 86 79 77 72 64 67 68 71 78 82 83 84 85 91 92 96 97 101 102 93 89 90 98 99 100 95 94 88 87 66 65 61 60 39 38 35 34 14 13 4 5 9 8 3 
1 2 6 7 10 11 15 103 21 22 29 30 31 32 33 28 23 20 12 19 24 27 16 17 18 25 26 36 37 42 41 115 111 112 106 109 108 107 113 110 114 43 46 52 53 58 57 54 51 47 44 104 40 49 45 48 50 55 56 59 105 62 63 70 69 74 75 81 73 76 80 86 79 77 72 64 67 68 71 78 82 83 84 85 91 92 96 97 101 102 93 89 90 98 99 100 95 94 88 87 66 65 61 60 39 38 35 34 14 13 4 5 9 8 3 
1 2 6 7 10 11 15 103 21 22 29 30 31 32 33 28 23 20 12 19 24 27 16 17 18 25 26 36 37 42 41 115 111 113 107 108 112 106 109 110 114 43 46 52 53 58 57 54 51 47 44 104 40 49 45 48 50 55 56 59 105 62 63 70 69 74 75 81 73 76 80 86 79 77 72 64 67 68 71 78 82 83 84 85 91 92 96 97 101 102 93 89 90 98 99 100 95 94 88 87 66 65 61 60 39 38 35 34 14 13 4 5 9 8 3 
1 2 6 7 10 11 15 103 21 22 29 30 31 32 33 28 23 20 12 19 24 27 16 17 18 25 26 36 37 42 41 115 111 113 110 107 109 108 112 106 114 43 46 52 53 58 57 54 51 47 44 104 40 49 45 48 50 55 56 59 105 62 63 70 69 74 75 81 73 76 80 86 79 77 72 64 67 68 71 78 82 83 84 85 91 92 96 97 101 102 93 89 90 98 99 100 95 94 88 87 66 65 61 60 39 38 35 34 14 13 4 5 9 8 3 
1 2 6 7 10 11 15 103 21 22 29 30 31 32 33 28 23 20 12 19 24 27 16 17 18 25 26 36 37 42 41 115 113 107 108 109 106 112 111 110 114 43 46 52 53 58 57 54 51 47 44 104 40 49 45 48 50 55 56 59 105 62 63 70 69 74 75 81 73 76 80 86 79 77 72 64 67 68 71 78 82 83 84 85 91 92 96 97 101 102 93 89 90 98 99 100 95 94 88 87 66 65 61 60 39 38 35 34 14 13 4 5 9 8 3 
1 2 6 7 10 11 15 103 21 22 29 30 31 32 33 28 23 20 12 19 24 27 16 17 18 25 26 36 37 42 41 115 113 110 108 107 109 111 112 106 114 43 46 52 53 58 57 54 51 47 44 104 40 49 45 48 50 55 56 59 105 62 63 70 69 74 75 81 73 76 80 86 79 77 72 64 67 68 71 78 82 83 84 85 91 92 96 97 101 102 93 89 90 98 99 100 95 94 88 87 66 65 61 60 39 38 35 34 14 13 4 5 9 8 3 
1 2 6 7 10 11 15 103 21 22 29 30 31 32 33 28 23 20 12 19 24 27 16 17 18 25 26 36 37 42 41 115 113 111 110 107 109 108 112 106 114 43 46 52 53 58 57 54 51 47 44 104 40 49 45 48 50 55 56 59 105 62 63 70 69 74 75 81 73 76 80 86 79 77 72 64 67 68 71 78 82 83 84 85 91 92 96 97 101 102 93 89 90 98 99 100 95 94 88 87 66 65 61 60 39 38 35 34 14 13 4 5 9 8 3 
1 2 6 7 10 11 15 103 21 22 29 30 31 32 33 28 23 20 12 19 24 27 16 17 18 25 26 36 37 42 41 115 111 110 109 113 107 108 112 106 114 43 46 52 53 58 57 54 51 47 44 104 40 49 45 48 50 55 56 59 105 62 63 70 69 74 75 81 73 76 80 86 79 77 72 64 67 68 71 78 82 83 84 85 91 92 96 97 101 102 93 89 90 98 99 100 95 94 88 87 66 65 61 60 39 38 35 34 14 13 4 5 9 8 3 
1 2 6 7 10 11 15 103 21 22 29 30 31 32 33 28 23 20 12 19 24 27 16 17 18 25 26 36 37 42 41 115 111 113 110 108 112 106 109 107 114 43 46 52 53 58 57 54 51 47 44 104 40 49 45 48 50 55 56 59 105 62 63 70 69 74 75 81 73 76 80 86 79 77 72 64 67 68 71 78 82 83 84 85 91 92 96 97 101 102 93 89 90 98 99 100 95 94 88 87 66 65 61 60 39 38 35 34 14 13 4 5 9 8 3 
1 2 6 7 10 11 15 103 21 22 29 30 31 32 33 28 23 20 12 19 24 27 16 17 18 25 26 36 37 42 41 115 113 107 108 109 110 111 112 106 114 43 46 52 53 58 57 54 51 47 44 104 40 49 45 48 50 55 56 59 105 62 63 70 69 74 75 81 73 76 80 86 79 77 72 64 67 68 71 78 82 83 84 85 91 92 96 97 101 102 93 89 90 98 99 100 95 94 88 87 66 65 61 60 39 38 35 34 14 13 4 5 9 8 3 
1 2 6 7 10 11 15 103 21 22 29 30 31 32 33 28 23 20 12 19 24 27 16 17 18 25 26 36 37 42 41 115 113 111 110 108 112 106 109 107 114 43 46 52 53 58 57 54 51 47 44 104 40 49 45 48 50 55 56 59 105 62 63 70 69 74 75 81 73 76 80 86 79 77 72 64 67 68 71 78 82 83 84 85 91 92 96 97 101 102 93 89 90 98 99 100 95 94 88 87 66 65 61 60 39 38 35 34 14 13 4 5 9 8 3 
1 2 6 7 10 11 15 103 21 22 29 30 31 32 33 28 23 20 12 19 24 27 16 17 18 25 26 36 37 42 41 115 110 111 113 109 107 108 112 106 114 43 46 52 53 58 57 54 51 47 44 104 40 49 45 48 50 55 56 59 105 62 63 70 69 74 75 81 73 76 80 86 79 77 72 64 67 68 71 78 82 83 84 85 91 92 96 97 101 102 93 89 90 98 99 100 95 94 88 87 66 65 61 60 39 38 35 34 14 13 4 5 9 8 3 
1 2 6 7 10 11 15 103 21 22 29 30 31 32 33 28 23 20 12 19 24 27 16 17 18 25 26 36 37 42 41 115 110 108 107 109 113 111 112 106 114 43 46 52 53 58 57 54 51 47 44 104 40 49 45 48 50 55 56 59 105 62 63 70 69 74 75 81 73 76 80 86 79 77 72 64 67 68 71 78 82 83 84 85 91 92 96 97 101 102 93 89 90 98 99 100 95 94 88 87 66 65 61 60 39 38 35 34 14 13 4 5 9 8 3 
1 2 6 7 10 11 15 103 21 22 29 30 31 32 33 28 23 20 12 19 24 27 16 17 18 25 26 36 37 42 41 115 108 107 113 110 111 112 106 109 114 43 46 52 53 58 57 54 51 47 44 104 40 49 45 48 50 55 56 59 105 62 63 70 69 74 75 81 73 76 80 86 79 77 72 64 67 68 71 78 82 83 84 85 91 92 96 97 101 102 93 89 90 98 99 100 95 94 88 87 66 65 61 60 39 38 35 34 14 13 4 5 9 8 3 
1 2 6 7 10 11 15 103 21 22 29 30 31 32 33 28 23 20 12 19 24 27 16 17 18 25 26 36 37 42 41 115 111 110 113 109 107 108 112 106 114 43 46 52 53 58 57 54 51 47 44 104 40 49 45 48 50 55 56 59 105 62 63 70 69 74 75 81 73 76 80 86 79 77 72 64 67 68 71 78 82 83 84 85 91 92 96 97 101 102 93 89 90 98 99 100 95 94 88 87 66 65 61 60 39 38 35 34 14 13 4 5 9 8 3 
1 2 6 7 10 11 15 103 21 22 29 30 31 32 33 28 23 20 12 19 24 27 16 17 18 25 26 36 37 42 41 115 111 113 110 109 107 108 112 106 114 43 46 52 53 58 57 54 51 47 44 104 40 49 45 48 50 55 56 59 105 62 63 70 69 74 75 81 73 76 80 86 79 77 72 64 67 68 71 78 82 83 84 85 91 92 96 97 101 102 93 89 90 98 99 100 95 94 88 87 66 65 61 60 39 38 35 34 14 13 4 5 9 8 3 
1 2 6 7 10 11 15 103 21 22 29 30 31 32 33 28 23 20 12 19 24 27 16 17 18 25 26 36 37 42 41 115 113 111 110 109 107 108 112 106 114 43 46 52 53 58 57 54 51 47 44 104 40 49 45 48 50 55 56 59 105 62 63 70 69 74 75 81 73 76 80 86 79 77 72 64 67 68 71 78 82 83 84 85 91 92 96 97 101 102 93 89 90 98 99 100 95 94 88 87 66 65 61 60 39 38 35 34 14 13 4 5 9 8 3 
1 2 6 7 10 11 15 103 21 22 29 30 31 32 33 28 23 20 12 19 24 27 16 17 18 25 26 36 37 42 41 115 108 112 106 109 107 113 111 110 114 43 46 52 53 58 57 54 51 47 44 104 40 49 45 48 50 55 56 59 105 62 63 70 69 74 75 81 73 76 80 86 79 77 72 64 67 68 71 78 82 83 84 85 91 92 96 97 101 102 93 89 90 98 99 100 95 94 88 87 66 65 61 60 39 38 35 34 14 13 4 5 9 8 3 
1 2 6 7 10 11 15 103 21 22 29 30 31 32 33 28 23 20 12 19 24 27 16 17 18 25 26 36 37 42 41 115 109 106 112 108 107 113 111 110 114 43 46 52 53 58 57 54 51 47 44 104 40 49 45 48 50 55 56 59 105 62 63 70 69 74 75 81 73 76 80 86 79 77 72 64 67 68 71 78 82 83 84 85 91 92 96 97 101 102 93 89 90 98 99 100 95 94 88 87 66 65 61 60 39 38 35 34 14 13 4 5 9 8 3 
1 2 6 7 10 11 15 103 21 22 29 30 31 32 33 28 23 20 12 19 24 27 16 17 18 25 26 36 37 42 41 115 108 107 110 113 111 112 106 109 114 43 46 52 53 58 57 54 51 47 44 104 40 49 45 48 50 55 56 59 105 62 63 70 69 74 75 81 73 76 80 86 79 77 72 64 67 68 71 78 82 83 84 85 91 92 96 97 101 102 93 89 90 98 99 100 95 94 88 87 66 65 61 60 39 38 35 34 14 13 4 5 9 8 3 
1 2 6 7 10 11 15 103 21 22 29 30 31 32 33 28 23 20 12 19 24 27 16 17 18 25 26 36 37 42 41 115 108 109 107 113 110 111 112 106 114 43 46 52 53 58 57 54 51 47 44 104 40 49 45 48 50 55 56 59 105 62 63 70 69 74 75 81 73 76 80 86 79 77 72 64 67 68 71 78 82 83 84 85 91 92 96 97 101 102 93 89 90 98 99 100 95 94 88 87 66 65 61 60 39 38 35 34 14 13 4 5 9 8 3 
1 2 6 7 10 11 15 103 21 22 29 30 31 32 33 28 23 20 12 19 24 27 16 17 18 25 26 36 37 42 41 115 109 108 107 113 110 111 112 106 114 43 46 52 53 58 57 54 51 47 44 104 40 49 45 48 50 55 56 59 105 62 63 70 69 74 75 81 73 76 80 86 79 77 72 64 67 68 71 78 82 83 84 85 91 92 96 97 101 102 93 89 90 98 99 100 95 94 88 87 66 65 61 60 39 38 35 34 14 13 4 5 9 8 3 
1 2 6 7 10 11 15 103 21 22 29 30 31 32 33 28 23 20 12 19 24 27 16 17 18 25 26 36 37 42 41 115 109 110 111 113 107 108 112 106 114 43 46 52 53 58 57 54 51 47 44 104 40 49 45 48 50 55 56 59 105 62 63 70 69 74 75 81 73 76 80 86 79 77 72 64 67 68 71 78 82 83 84 85 91 92 96 97 101 102 93 89 90 98 99 100 95 94 88 87 66 65 61 60 39 38 35 34 14 13 4 5 9 8 3 
1 2 6 7 10 11 15 103 21 22 29 30 31 32 33 28 23 20 12 19 24 27 16 17 18 25 26 36 37 42 41 115 106 112 111 113 110 108 107 109 114 43 46 52 53 58 57 54 51 47 44 104 40 49 45 48 50 55 56 59 105 62 63 70 69 74 75 81 73 76 80 86 79 77 72 64 67 68 71 78 82 83 84 85 91 92 96 97 101 102 93 89 90 98 99 100 95 94 88 87 66 65 61 60 39 38 35 34 14 13 4 5 9 8 3 
1 2 6 7 10 11 15 103 21 22 29 30 31 32 33 28 23 20 12 19 24 27 16 17 18 25 26 36 37 42 41 115 109 107 113 111 110 108 112 106 114 43 46 52 53 58 57 54 51 47 44 104 40 49 45 48 50 55 56 59 105 62 63 70 69 74 75 81 73 76 80 86 79 77 72 64 67 68 71 78 82 83 84 85 91 92 96 97 101 102 93 89 90 98 99 100 95 94 88 87 66 65 61 60 39 38 35 34 14 13 4 5 9 8 3 
1 2 6 7 10 11 15 103 21 22 29 30 31 32 33 28 23 20 12 19 24 27 16 17 18 25 26 36 37 42 41 115 106 112 108 107 109 113 111 110 114 43 46 52 53 58 57 54 51 47 44 104 40 49 45 48 50 55 56 59 105 62 63 70 69 74 75 81 73 76 80 86 79 77 72 64 67 68 71 78 82 83 84 85 91 92 96 97 101 102 93 89 90 98 99 100 95 94 88 87 66 65 61 60 39 38 35 34 14 13 4 5 9 8 3 
1 2 6 7 10 11 15 103 21 22 29 30 31 32 33 28 23 20 12 19 24 27 16 17 18 25 26 36 37 42 41 115 108 107 113 109 106 112 111 110 114 43 46 52 53 58 57 54 51 47 44 104 40 49 45 48 50 55 56 59 105 62 63 70 69 74 75 81 73 76 80 86 79 77 72 64 67 68 71 78 82 83 84 85 91 92 96 97 101 102 93 89 90 98 99 100 95 94 88 87 66 65 61 60 39 38 35 34 14 13 4 5 9 8 3 
1 2 6 7 10 11 15 103 21 22 29 30 31 32 33 28 23 20 12 19 24 27 16 17 18 25 26 36 37 42 41 115 108 107 113 111 112 106 109 110 114 43 46 52 53 58 57 54 51 47 44 104 40 49 45 48 50 55 56 59 105 62 63 70 69 74 75 81 73 76 80 86 79 77 72 64 67 68 71 78 82 83 84 85 91 92 96 97 101 102 93 89 90 98 99 100 95 94 88 87 66 65 61 60 39 38 35 34 14 13 4 5 9 8 3 
1 2 6 7 10 11 15 103 21 22 29 30 31 32 33 28 23 20 12 19 24 27 16 17 18 25 26 36 37 42 41 115 108 109 107 110 113 111 112 106 114 43 46 52 53 58 57 54 51 47 44 104 40 49 45 48 50 55 56 59 105 62 63 70 69 74 75 81 73 76 80 86 79 77 72 64 67 68 71 78 82 83 84 85 91 92 96 97 101 102 93 89 90 98 99 100 95 94 88 87 66 65 61 60 39 38 35 34 14 13 4 5 9 8 3 
1 2 6 7 10 11 15 103 21 22 29 30 31 32 33 28 23 20 12 19 24 27 16 17 18 25 26 36 37 42 41 115 109 108 107 110 113 111 112 106 114 43 46 52 53 58 57 54 51 47 44 104 40 49 45 48 50 55 56 59 105 62 63 70 69 74 75 81 73 76 80 86 79 77 72 64 67 68 71 78 82 83 84 85 91 92 96 97 101 102 93 89 90 98 99 100 95 94 88 87 66 65 61 60 39 38 35 34 14 13 4 5 9 8 3 
1 2 6 7 10 11 15 103 21 22 29 30 31 32 33 28 23 20 12 19 24 27 16 17 18 25 26 36 37 42 41 115 109 113 111 110 107 108 112 106 114 43 46 52 53 58 57 54 51 47 44 104 40 49 45 48 50 55 56 59 105 62 63 70 69 74 75 81 73 76 80 86 79 77 72 64 67 68 71 78 82 83 84 85 91 92 96 97 101 102 93 89 90 98 99 100 95 94 88 87 66 65 61 60 39 38 35 34 14 13 4 5 9 8 3 
1 2 6 7 10 11 15 103 21 22 29 30 31 32 33 28 23 20 12 19 24 27 16 17 18 25 26 36 37 42 41 115 108 107 113 109 110 111 112 106 114 43 46 52 53 58 57 54 51 47 44 104 40 49 45 48 50 55 56 59 105 62 63 70 69 74 75 81 73 76 80 86 79 77 72 64 67 68 71 78 82 83 84 85 91 92 96 97 101 102 93 89 90 98 99 100 95 94 88 87 66 65 61 60 39 38 35 34 14 13 4 5 9 8 3 
1 2 6 7 10 11 15 103 21 22 29 30 31 32 33 28 23 20 12 19 24 27 16 17 18 25 26 36 37 42 41 115 108 110 113 111 112 106 109 107 114 43 46 52 53 58 57 54 51 47 44 104 40 49 45 48 50 55 56 59 105 62 63 70 69 74 75 81 73 76 80 86 79 77 72 64 67 68 71 78 82 83 84 85 91 92 96 97 101 102 93 89 90 98 99 100 95 94 88 87 66 65 61 60 39 38 35 34 14 13 4 5 9 8 3 
1 2 6 7 10 11 15 103 21 22 29 30 31 32 33 28 23 20 12 19 24 27 16 17 18 25 26 36 37 42 41 115 109 106 112 111 113 110 108 107 114 43 46 52 53 58 57 54 51 47 44 104 40 49 45 48 50 55 56 59 105 62 63 70 69 74 75 81 73 76 80 86 79 77 72 64 67 68 71 78 82 83 84 85 91 92 96 97 101 102 93 89 90 98 99 100 95 94 88 87 66 65 61 60 39 38 35 34 14 13 4 5 9 8 3 
1 2 6 7 10 11 15 103 21 22 29 30 31 32 33 28 23 20 12 19 24 27 16 17 18 25 26 36 37 42 41 115 109 107 108 112 106 111 113 110 114 43 46 52 53 58 57 54 51 47 44 104 40 49 45 48 50 55 56 59 105 62 63 70 69 74 75 81 73 76 80 86 79 77 72 64 67 68 71 78 82 83 84 85 91 92 96 97 101 102 93 89 90 98 99 100 95 94 88 87 66 65 61 60 39 38 35 34 14 13 4 5 9 8 3 
1 2 6 7 10 11 15 103 21 22 29 30 31 32 33 28 23 20 12 19 24 27 16 17 18 25 26 36 37 42 41 115 109 107 108 112 106 113 111 110 114 43 46 52 53 58 57 54 51 47 44 104 40 49 45 48 50 55 56 59 105 62 63 70 69 74 75 81 73 76 80 86 79 77 72 64 67 68 71 78 82 83 84 85 91 92 96 97 101 102 93 89 90 98 99 100 95 94 88 87 66 65 61 60 39 38 35 34 14 13 4 5 9 8 3 
1 2 6 7 10 11 15 103 21 22 29 30 31 32 33 28 23 20 12 19 24 27 16 17 18 25 26 36 37 42 41 115 113 111 112 106 109 107 108 110 114 43 46 52 53 58 57 54 51 47 44 104 40 49 45 48 50 55 56 59 105 62 63 70 69 74 75 81 73 76 80 86 79 77 72 64 67 68 71 78 82 83 84 85 91 92 96 97 101 102 93 89 90 98 99 100 95 94 88 87 66 65 61 60 39 38 35 34 14 13 4 5 9 8 3 
1 2 6 7 10 11 15 103 21 22 29 30 31 32 33 28 23 20 12 19 24 27 16 17 18 25 26 36 37 42 41 115 113 109 107 108 110 111 112 106 114 43 46 52 53 58 57 54 51 47 44 104 40 49 45 48 50 55 56 59 105 62 63 70 69 74 75 81 73 76 80 86 79 77 72 64 67 68 71 78 82 83 84 85 91 92 96 97 101 102 93 89 90 98 99 100 95 94 88 87 66 65 61 60 39 38 35 34 14 13 4 5 9 8 3 
1 2 6 7 10 11 15 103 21 22 29 30 31 32 33 28 23 20 12 19 24 27 16 17 18 25 26 36 37 42 41 115 109 106 112 111 113 107 108 110 114 43 46 52 53 58 57 54 51 47 44 104 40 49 45 48 50 55 56 59 105 62 63 70 69 74 75 81 73 76 80 86 79 77 72 64 67 68 71 78 82 83 84 85 91 92 96 97 101 102 93 89 90 98 99 100 95 94 88 87 66 65 61 60 39 38 35 34 14 13 4 5 9 8 3 
1 2 6 7 10 11 15 103 21 22 29 30 31 32 33 28 23 20 12 19 24 27 16 17 18 25 26 36 37 42 41 115 108 110 109 107 113 111 112 106 114 43 46 52 53 58 57 54 51 47 44 104 40 49 45 48 50 55 56 59 105 62 63 70 69 74 75 81 73 76 80 86 79 77 72 64 67 68 71 78 82 83 84 85 91 92 96 97 101 102 93 89 90 98 99 100 95 94 88 87 66 65 61 60 39 38 35 34 14 13 4 5 9 8 3 
1 2 6 7 10 11 15 103 21 22 29 30 31 32 33 28 23 20 12 19 24 27 16 17 18 25 26 36 37 42 41 115 109 110 108 107 113 111 112 106 114 43 46 52 53 58 57 54 51 47 44 104 40 49 45 48 50 55 56 59 105 62 63 70 69 74 75 81 73 76 80 86 79 77 72 64 67 68 71 78 82 83 84 85 91 92 96 97 101 102 93 89 90 98 99 100 95 94 88 87 66 65 61 60 39 38 35 34 14 13 4 5 9 8 3 
1 2 6 7 10 11 15 103 21 22 29 30 31 32 33 28 23 20 12 19 24 27 16 17 18 25 26 36 37 42 41 115 109 113 107 108 110 111 112 106 114 43 46 52 53 58 57 54 51 47 44 104 40 49 45 48 50 55 56 59 105 62 63 70 69 74 75 81 73 76 80 86 79 77 72 64 67 68 71 78 82 83 84 85 91 92 96 97 101 102 93 89 90 98 99 100 95 94 88 87 66 65 61 60 39 38 35 34 14 13 4 5 9 8 3 
1 2 6 7 10 11 15 103 21 22 29 30 31 32 33 28 23 20 12 19 24 27 16 17 18 25 26 36 37 42 41 115 108 107 110 109 113 111 112 106 114 43 46 52 53 58 57 54 51 47 44 104 40 49 45 48 50 55 56 59 105 62 63 70 69 74 75 81 73 76 80 86 79 77 72 64 67 68 71 78 82 83 84 85 91 92 96 97 101 102 93 89 90 98 99 100 95 94 88 87 66 65 61 60 39 38 35 34 14 13 4 5 9 8 3 
1 2 6 7 10 11 15 103 21 22 29 30 31 32 33 28 23 20 12 19 24 27 16 17 18 25 26 36 37 42 41 115 108 107 109 113 106 112 111 110 114 43 46 52 53 58 57 54 51 47 44 104 40 49 45 48 50 55 56 59 105 62 63 70 69 74 75 81 73 76 80 86 79 77 72 64 67 68 71 78 82 83 84 85 91 92 96 97 101 102 93 89 90 98 99 100 95 94 88 87 66 65 61 60 39 38 35 34 14 13 4 5 9 8 3 
1 2 6 7 10 11 15 103 21 22 29 30 31 32 33 28 23 20 12 19 24 27 16 17 18 25 26 36 37 42 41 115 108 107 109 113 111 112 106 110 114 43 46 52 53 58 57 54 51 47 44 104 40 49 45 48 50 55 56 59 105 62 63 70 69 74 75 81 73 76 80 86 79 77 72 64 67 68 71 78 82 83 84 85 91 92 96 97 101 102 93 89 90 98 99 100 95 94 88 87 66 65 61 60 39 38 35 34 14 13 4 5 9 8 3 
1 2 6 7 10 11 15 103 21 22 29 30 31 32 33 28 23 20 12 19 24 27 16 17 18 25 26 36 37 42 41 115 106 112 111 113 109 107 108 110 114 43 46 52 53 58 57 54 51 47 44 104 40 49 45 48 50 55 56 59 105 62 63 70 69 74 75 81 73 76 80 86 79 77 72 64 67 68 71 78 82 83 84 85 91 92 96 97 101 102 93 89 90 98 99 100 95 94 88 87 66 65 61 60 39 38 35 34 14 13 4 5 9 8 3 
1 2 6 7 10 11 15 103 21 22 29 30 31 32 33 28 23 20 12 19 24 27 16 17 18 25 26 36 37 42 41 115 108 110 107 109 113 111 112 106 114 43 46 52 53 58 57 54 51 47 44 104 40 49 45 48 50 55 56 59 105 62 63 70 69 74 75 81 73 76 80 86 79 77 72 64 67 68 71 78 82 83 84 85 91 92 96 97 101 102 93 89 90 98 99 100 95 94 88 87 66 65 61 60 39 38 35 34 14 13 4 5 9 8 3 
1 2 6 7 10 11 15 103 21 22 29 30 31 32 33 28 23 20 12 19 24 27 16 17 18 25 26 36 37 42 41 115 108 107 109 106 112 111 113 110 114 43 46 52 53 58 57 54 51 47 44 104 40 49 45 48 50 55 56 59 105 62 63 70 69 74 75 81 73 76 80 86 79 77 72 64 67 68 71 78 82 83 84 85 91 92 96 97 101 102 93 89 90 98 99 100 95 94 88 87 66 65 61 60 39 38 35 34 14 13 4 5 9 8 3 
1 2 6 7 10 11 15 103 21 22 29 30 31 32 33 28 23 20 12 19 24 27 16 17 18 25 26 36 37 42 41 115 108 107 109 110 113 111 112 106 114 43 46 52 53 58 57 54 51 47 44 104 40 49 45 48 50 55 56 59 105 62 63 70 69 74 75 81 73 76 80 86 79 77 72 64 67 68 71 78 82 83 84 85 91 92 96 97 101 102 93 89 90 98 99 100 95 94 88 87 66 65 61 60 39 38 35 34 14 13 4 5 9 8 3 
1 2 6 7 10 11 15 103 21 22 29 30 31 32 33 28 23 20 12 19 24 27 16 17 18 25 26 36 37 42 41 115 108 107 109 113 110 111 112 106 114 43 46 52 53 58 57 54 51 47 44 104 40 49 45 48 50 55 56 59 105 62 63 70 69 74 75 81 73 76 80 86 79 77 72 64 67 68 71 78 82 83 84 85 91 92 96 97 101 102 93 89 90 98 99 100 95 94 88 87 66 65 61 60 39 38 35 34 14 13 4 5 9 8 3 
1 2 6 7 10 11 15 103 21 22 29 30 31 32 33 28 23 20 12 19 24 27 16 17 18 25 26 36 37 42 41 115 109 107 108 110 113 111 112 106 114 43 46 52 53 58 57 54 51 47 44 104 40 49 45 48 50 55 56 59 105 62 63 70 69 74 75 81 73 76 80 86 79 77 72 64 67 68 71 78 82 83 84 85 91 92 96 97 101 102 93 89 90 98 99 100 95 94 88 87 66 65 61 60 39 38 35 34 14 13 4 5 9 8 3 
0
15953 17310 
15962 17301 
16124 17139 
16124 17139 
16130 17133 
16229 17034 
16235 17028 
16238 17025 
16244 17019 
16268 16995 
16277 16986 
16277 16986 
16280 16983 
16313 16950 
16319 16944 
16322 16941 
16322 16941 
16328 16935 
16355 16908 
16361 16902 
16370 16893 
16382 16881 
16382 16881 
16385 16878 
16400 16863 
16406 16857 
16421 16842 
16424 16839 
16433 16830 
16433 16830 
16439 16824 
16442 16821 
16463 16800 
16472 16791 
16475 16788 
16475 16788 
16484 16779 
16484 16779 
16484 16779 
16514 16749 
16514 16749 
16517 16746 
16517 16746 
16523 16740 
16526 16737 
16526 16737 
16544 16719 
16553 16710 
16553 16710 
16553 16710 
16559 16704 
16559 16704 
16583 16680 
16589 16674 
16592 16671 
16592 16671 
16595 16668 
16601 16662 
16604 16659 
16604 16659 
16616 16647 
16619 16644 
16619 16644 
16622 16641 
16628 16635 
16628 16635 
16631 16632 
16637 16626 
16640 16623 
16640 16623 
16646 16617 
16649 16614 
16658 16605 
16661 16602 
16670 16593 
16670 16593 
16670 16593 
16679 16584 
16679 16584 
16694 16569 
16694 16569 
16697 16566 
16697 16566 
16700 16563 
16700 16563 
16703 16560 
16715 16548 
16715 16548 
16733 16530 
16736 16527 
16742 16521 
16742 16521 
16742 16521 
16748 16515 
16748 16515 
16748 16515 
16754 16509 
16754 16509 
16754 16509 
16754 16509 
16757 16506 
16757 16506 
16760 16503 
16778 16485 
16778 16485 
16781 16482 
16784 16479 
16784 16479 
16787 16476 
16790 16473 
16790 16473 
16790 16473 
16793 16470 
16793 16470 
16799 16464 
16799 16464 
16799 16464 
16805 16458 
16805 16458 
16826 16437 
16838 16425 
16847 16416 
16847 16416 
16847 16416 
16856 16407 
16856 16407 
16859 16404 
16859 16404 
16859 16404 
16877 16386 
16889 16374 
16892 16371 
16892 16371 
16898 16365 
16904 16359 
16931 16332 
16931 16332 
16931 16332 
16937 16326 
16946 16317 
16955 16308 
16955 16308 
16976 16287 
16976 16287 
16976 16287 
16985 16278 
16985 16278 
17009 16254 
17009 16254 
17012 16251 
17018 16245 
17030 16233 
17030 16233 
17030 16233 
17036 16227 
17063 16200 
17069 16194 
17078 16185 
17087 16176 
17087 16176 
17087 16176 
17120 16143 
17126 16137 
17162 16101 
17171 16092 
17171 16092 
17174 16089 
17174 16089 
17177 16086 
17198 16065 
17207 16056 
17231 16032 
17240 16023 
17249 16014 
17342 16008 
17342 16008 
17342 16008 
17342 16008 
17342 16008 
17342 16008 
17345 16005 
17345 16005 
17345 16005 
17345 16005 
17345 16005 
17351 15999 
17351 15999 
17354 15993 
17354 15993 
17354 15993 
17363 15984 
17363 15984 
17363 15984 
17363 15984 
17366 15981 
17366 15981 
17366 15981 
17366 15981 
17369 15978 
17378 15972 
17378 15972 
17378 15972 
17381 15969 
17384 15966 
17387 15963 
17387 15963 
17387 15963 
17390 15957 
17396 15951 
17396 15951 
17396 15951 
17396 15951 
17396 15951 
17396 15951 
17399 15948 
17399 15948 
17399 15948 
17399 15948 
17402 15861 
17480 15783 
17576 15774 
17594 15753 
17594 15753 
17594 15753 
17615 15735 
17615 15735 
17618 15732 
17618 15732 
17618 15732 
17618 15732 
17651 15699 
17651 15699 
17657 15693 
17660 15690 
17660 15690 
17660 15690 
17660 15690 
17660 15690 
17663 15687 
17663 15687 
17663 15687 
17666 15684 
17666 15684 
17669 15678 
17672 15675 
17693 15657 
17696 15654 
17696 15654 
17696 15654 
17705 15645 
17711 15639 
17711 15639 
17735 15615 
17738 15612 
17855 15495 
17858 15492 
17858 15492 
17891 15459 
