1 2 6 7 10 11 15 103 21 22 29 30 31 32 33 28 23 20 12 19 24 27 16 17 18 25 26 36 37 42 41 43 46 52 53 58 57 54 51 47 44 104 40 49 45 48 50 55 56 59 105 62 63 70 69 74 75 81 110 108 114 106 113 109 115 107 112 111 73 76 80 86 79 77 72 64 67 68 71 78 82 83 84 85 91 92 96 97 101 102 93 89 90 98 99 100 95 94 88 87 66 65 61 60 39 38 35 34 14 13 4 5 9 8 3 
1 2 6 7 10 11 15 103 21 22 29 30 31 32 33 28 23 20 12 19 24 27 16 17 18 25 26 36 37 42 41 43 46 52 53 58 57 54 51 47 44 104 40 49 45 48 50 55 56 59 105 62 63 70 69 74 75 81 110 108 114 106 113 112 107 115 109 111 73 76 80 86 79 77 72 64 67 68 71 78 82 83 84 85 91 92 96 97 101 102 93 89 90 98 99 100 95 94 88 87 66 65 61 60 39 38 35 34 14 13 4 5 9 8 3 
1 2 6 7 10 11 15 103 21 22 29 30 31 32 33 28 23 20 12 19 24 27 16 17 18 25 26 36 37 42 41 43 46 52 53 58 57 54 51 47 44 104 40 49 45 48 50 55 56 59 105 62 63 70 69 74 75 81 110 108 114 106 113 115 107 112 109 111 73 76 80 86 79 77 72 64 67 68 71 78 82 83 84 85 91 92 96 97 101 102 93 89 90 98 99 100 95 94 88 87 66 65 61 60 39 38 35 34 14 13 4 5 9 8 3 
1 2 6 7 10 11 15 103 21 22 29 30 31 32 33 28 23 20 12 19 24 27 16 17 18 25 26 36 37 42 41 43 46 52 53 58 57 54 51 47 44 104 40 49 45 48 50 55 56 59 105 62 63 70 69 74 75 81 110 108 114 106 113 109 112 115 107 111 73 76 80 86 79 77 72 64 67 68 71 78 82 83 84 85 91 92 96 97 101 102 93 89 90 98 99 100 95 94 88 87 66 65 61 60 39 38 35 34 14 13 4 5 9 8 3 
1 2 6 7 10 11 15 103 21 22 29 30 31 32 33 28 23 20 12 19 24 27 16 17 18 25 26 36 37 42 41 43 46 52 53 58 57 54 51 47 44 104 40 49 45 48 50 55 56 59 105 62 63 70 69 74 75 81 110 108 114 106 113 112 109 115 107 111 73 76 80 86 79 77 72 64 67 68 71 78 82 83 84 85 91 92 96 97 101 102 93 89 90 98 99 100 95 94 88 87 66 65 61 60 39 38 35 34 14 13 4 5 9 8 3 
1 2 6 7 10 11 15 103 21 22 29 30 31 32 33 28 23 20 12 19 24 27 16 17 18 25 26 36 37 42 41 43 46 52 53 58 57 54 51 47 44 104 40 49 45 48 50 55 56 59 105 62 63 70 69 74 75 81 110 108 114 106 113 109 115 112 107 111 73 76 80 86 79 77 72 64 67 68 71 78 82 83 84 85 91 92 96 97 101 102 93 89 90 98 99 100 95 94 88 87 66 65 61 60 39 38 35 34 14 13 4 5 9 8 3 
1 2 6 7 10 11 15 103 21 22 29 30 31 32 33 28 23 20 12 19 24 27 16 17 18 25 26 36 37 42 41 43 46 52 53 58 57 54 51 47 44 104 40 49 45 48 50 55 56 59 105 62 63 70 69 74 75 81 110 108 114 106 113 115 109 112 107 111 73 76 80 86 79 77 72 64 67 68 71 78 82 83 84 85 91 92 96 97 101 102 93 89 90 98 99 100 95 94 88 87 66 65 61 60 39 38 35 34 14 13 4 5 9 8 3 
1 2 6 7 10 11 15 103 21 22 29 30 31 32 33 28 23 20 12 19 24 27 16 17 18 25 26 36 37 42 41 43 46 52 53 58 57 54 51 47 44 104 40 49 45 48 50 55 56 59 105 62 63 70 69 74 75 81 110 108 107 115 109 114 106 113 112 111 73 76 80 86 79 77 72 64 67 68 71 78 82 83 84 85 91 92 96 97 101 102 93 89 90 98 99 100 95 94 88 87 66 65 61 60 39 38 35 34 14 13 4 5 9 8 3 
1 2 6 7 10 11 15 103 21 22 29 30 31 32 33 28 23 20 12 19 24 27 16 17 18 25 26 36 37 42 41 43 46 52 53 58 57 54 51 47 44 104 40 49 45 48 50 55 56 59 105 62 63 70 69 74 75 81 110 108 107 115 113 106 114 109 112 111 73 76 80 86 79 77 72 64 67 68 71 78 82 83 84 85 91 92 96 97 101 102 93 89 90 98 99 100 95 94 88 87 66 65 61 60 39 38 35 34 14 13 4 5 9 8 3 
1 2 6 7 10 11 15 103 21 22 29 30 31 32 33 28 23 20 12 19 24 27 16 17 18 25 26 36 37 42 41 43 46 52 53 58 57 54 51 47 44 104 40 49 45 48 50 55 56 59 105 62 63 70 69 74 75 81 110 108 114 106 113 107 115 109 112 111 73 76 80 86 79 77 72 64 67 68 71 78 82 83 84 85 91 92 96 97 101 102 93 89 90 98 99 100 95 94 88 87 66 65 61 60 39 38 35 34 14 13 4 5 9 8 3 
1 2 6 7 10 11 15 103 21 22 29 30 31 32 33 28 23 20 12 19 24 27 16 17 18 25 26 36 37 42 41 43 46 52 53 58 57 54 51 47 44 104 40 49 45 48 50 55 56 59 105 62 63 70 69 74 75 81 110 108 114 109 112 106 113 115 107 111 73 76 80 86 79 77 72 64 67 68 71 78 82 83 84 85 91 92 96 97 101 102 93 89 90 98 99 100 95 94 88 87 66 65 61 60 39 38 35 34 14 13 4 5 9 8 3 
1 2 6 7 10 11 15 103 21 22 29 30 31 32 33 28 23 20 12 19 24 27 16 17 18 25 26 36 37 42 41 43 46 52 53 58 57 54 51 47 44 104 40 49 45 48 50 55 56 59 105 62 63 70 69 74 75 81 110 108 114 109 113 106 112 115 107 111 73 76 80 86 79 77 72 64 67 68 71 78 82 83 84 85 91 92 96 97 101 102 93 89 90 98 99 100 95 94 88 87 66 65 61 60 39 38 35 34 14 13 4 5 9 8 3 
1 2 6 7 10 11 15 103 21 22 29 30 31 32 33 28 23 20 12 19 24 27 16 17 18 25 26 36 37 42 41 43 46 52 53 58 57 54 51 47 44 104 40 49 45 48 50 55 56 59 105 62 63 70 69 74 75 81 110 108 107 115 112 113 106 114 109 111 73 76 80 86 79 77 72 64 67 68 71 78 82 83 84 85 91 92 96 97 101 102 93 89 90 98 99 100 95 94 88 87 66 65 61 60 39 38 35 34 14 13 4 5 9 8 3 
1 2 6 7 10 11 15 103 21 22 29 30 31 32 33 28 23 20 12 19 24 27 16 17 18 25 26 36 37 42 41 43 46 52 53 58 57 54 51 47 44 104 40 49 45 48 50 55 56 59 105 62 63 70 69 74 75 81 110 108 114 106 113 107 115 112 109 111 73 76 80 86 79 77 72 64 67 68 71 78 82 83 84 85 91 92 96 97 101 102 93 89 90 98 99 100 95 94 88 87 66 65 61 60 39 38 35 34 14 13 4 5 9 8 3 
1 2 6 7 10 11 15 103 21 22 29 30 31 32 33 28 23 20 12 19 24 27 16 17 18 25 26 36 37 42 41 43 46 52 53 58 57 54 51 47 44 104 40 49 45 48 50 55 56 59 105 62 63 70 69 74 75 81 110 108 109 114 106 113 115 107 112 111 73 76 80 86 79 77 72 64 67 68 71 78 82 83 84 85 91 92 96 97 101 102 93 89 90 98 99 100 95 94 88 87 66 65 61 60 39 38 35 34 14 13 4 5 9 8 3 
1 2 6 7 10 11 15 103 21 22 29 30 31 32 33 28 23 20 12 19 24 27 16 17 18 25 26 36 37 42 41 43 46 52 53 58 57 54 51 47 44 104 40 49 45 48 50 55 56 59 105 62 63 70 69 74 75 81 110 108 114 109 106 113 115 107 112 111 73 76 80 86 79 77 72 64 67 68 71 78 82 83 84 85 91 92 96 97 101 102 93 89 90 98 99 100 95 94 88 87 66 65 61 60 39 38 35 34 14 13 4 5 9 8 3 
1 2 6 7 10 11 15 103 21 22 29 30 31 32 33 28 23 20 12 19 24 27 16 17 18 25 26 36 37 42 41 43 46 52 53 58 57 54 51 47 44 104 40 49 45 48 50 55 56 59 105 62 63 70 69 74 75 81 110 108 106 114 109 113 115 107 112 111 73 76 80 86 79 77 72 64 67 68 71 78 82 83 84 85 91 92 96 97 101 102 93 89 90 98 99 100 95 94 88 87 66 65 61 60 39 38 35 34 14 13 4 5 9 8 3 
1 2 6 7 10 11 15 103 21 22 29 30 31 32 33 28 23 20 12 19 24 27 16 17 18 25 26 36 37 42 41 43 46 52 53 58 57 54 51 47 44 104 40 49 45 48 50 55 56 59 105 62 63 70 69 74 75 81 110 108 114 106 109 113 115 107 112 111 73 76 80 86 79 77 72 64 67 68 71 78 82 83 84 85 91 92 96 97 101 102 93 89 90 98 99 100 95 94 88 87 66 65 61 60 39 38 35 34 14 13 4 5 9 8 3 
1 2 6 7 10 11 15 103 21 22 29 30 31 32 33 28 23 20 12 19 24 27 16 17 18 25 26 36 37 42 41 43 46 52 53 58 57 54 51 47 44 104 40 49 45 48 50 55 56 59 105 62 63 70 69 74 75 81 110 108 109 114 106 107 115 113 112 111 73 76 80 86 79 77 72 64 67 68 71 78 82 83 84 85 91 92 96 97 101 102 93 89 90 98 99 100 95 94 88 87 66 65 61 60 39 38 35 34 14 13 4 5 9 8 3 
1 2 6 7 10 11 15 103 21 22 29 30 31 32 33 28 23 20 12 19 24 27 16 17 18 25 26 36 37 42 41 43 46 52 53 58 57 54 51 47 44 104 40 49 45 48 50 55 56 59 105 62 63 70 69 74 75 81 110 108 114 109 106 107 115 113 112 111 73 76 80 86 79 77 72 64 67 68 71 78 82 83 84 85 91 92 96 97 101 102 93 89 90 98 99 100 95 94 88 87 66 65 61 60 39 38 35 34 14 13 4 5 9 8 3 
1 2 6 7 10 11 15 103 21 22 29 30 31 32 33 28 23 20 12 19 24 27 16 17 18 25 26 36 37 42 41 43 46 52 53 58 57 54 51 47 44 104 40 49 45 48 50 55 56 59 105 62 63 70 69 74 75 81 110 108 109 114 106 113 112 115 107 111 73 76 80 86 79 77 72 64 67 68 71 78 82 83 84 85 91 92 96 97 101 102 93 89 90 98 99 100 95 94 88 87 66 65 61 60 39 38 35 34 14 13 4 5 9 8 3 
1 2 6 7 10 11 15 103 21 22 29 30 31 32 33 28 23 20 12 19 24 27 16 17 18 25 26 36 37 42 41 43 46 52 53 58 57 54 51 47 44 104 40 49 45 48 50 55 56 59 105 62 63 70 69 74 75 81 110 108 114 109 106 113 112 115 107 111 73 76 80 86 79 77 72 64 67 68 71 78 82 83 84 85 91 92 96 97 101 102 93 89 90 98 99 100 95 94 88 87 66 65 61 60 39 38 35 34 14 13 4 5 9 8 3 
1 2 6 7 10 11 15 103 21 22 29 30 31 32 33 28 23 20 12 19 24 27 16 17 18 25 26 36 37 42 41 43 46 52 53 58 57 54 51 47 44 104 40 49 45 48 50 55 56 59 105 62 63 70 69 74 75 81 110 108 106 114 109 112 113 115 107 111 73 76 80 86 79 77 72 64 67 68 71 78 82 83 84 85 91 92 96 97 101 102 93 89 90 98 99 100 95 94 88 87 66 65 61 60 39 38 35 34 14 13 4 5 9 8 3 
1 2 6 7 10 11 15 103 21 22 29 30 31 32 33 28 23 20 12 19 24 27 16 17 18 25 26 36 37 42 41 43 46 52 53 58 57 54 51 47 44 104 40 49 45 48 50 55 56 59 105 62 63 70 69 74 75 81 110 108 106 114 109 113 112 115 107 111 73 76 80 86 79 77 72 64 67 68 71 78 82 83 84 85 91 92 96 97 101 102 93 89 90 98 99 100 95 94 88 87 66 65 61 60 39 38 35 34 14 13 4 5 9 8 3 
1 2 6 7 10 11 15 103 21 22 29 30 31 32 33 28 23 20 12 19 24 27 16 17 18 25 26 36 37 42 41 43 46 52 53 58 57 54 51 47 44 104 40 49 45 48 50 55 56 59 105 62 63 70 69 74 75 81 110 108 114 106 109 112 113 115 107 111 73 76 80 86 79 77 72 64 67 68 71 78 82 83 84 85 91 92 96 97 101 102 93 89 90 98 99 100 95 94 88 87 66 65 61 60 39 38 35 34 14 13 4 5 9 8 3 
1 2 6 7 10 11 15 103 21 22 29 30 31 32 33 28 23 20 12 19 24 27 16 17 18 25 26 36 37 42 41 43 46 52 53 58 57 54 51 47 44 104 40 49 45 48 50 55 56 59 105 62 63 70 69 74 75 81 110 108 114 106 109 113 112 115 107 111 73 76 80 86 79 77 72 64 67 68 71 78 82 83 84 85 91 92 96 97 101 102 93 89 90 98 99 100 95 94 88 87 66 65 61 60 39 38 35 34 14 13 4 5 9 8 3 
1 2 6 7 10 11 15 103 21 22 29 30 31 32 33 28 23 20 12 19 24 27 16 17 18 25 26 36 37 42 41 43 46 52 53 58 57 54 51 47 44 104 40 49 45 48 50 55 56 59 105 62 63 70 69 74 75 81 110 108 109 114 106 113 107 115 112 111 73 76 80 86 79 77 72 64 67 68 71 78 82 83 84 85 91 92 96 97 101 102 93 89 90 98 99 100 95 94 88 87 66 65 61 60 39 38 35 34 14 13 4 5 9 8 3 
1 2 6 7 10 11 15 103 21 22 29 30 31 32 33 28 23 20 12 19 24 27 16 17 18 25 26 36 37 42 41 43 46 52 53 58 57 54 51 47 44 104 40 49 45 48 50 55 56 59 105 62 63 70 69 74 75 81 110 108 114 109 106 113 107 115 112 111 73 76 80 86 79 77 72 64 67 68 71 78 82 83 84 85 91 92 96 97 101 102 93 89 90 98 99 100 95 94 88 87 66 65 61 60 39 38 35 34 14 13 4 5 9 8 3 
1 2 6 7 10 11 15 103 21 22 29 30 31 32 33 28 23 20 12 19 24 27 16 17 18 25 26 36 37 42 41 43 46 52 53 58 57 54 51 47 44 104 40 49 45 48 50 55 56 59 105 62 63 70 69 74 75 81 110 108 106 114 109 113 107 115 112 111 73 76 80 86 79 77 72 64 67 68 71 78 82 83 84 85 91 92 96 97 101 102 93 89 90 98 99 100 95 94 88 87 66 65 61 60 39 38 35 34 14 13 4 5 9 8 3 
1 2 6 7 10 11 15 103 21 22 29 30 31 32 33 28 23 20 12 19 24 27 16 17 18 25 26 36 37 42 41 43 46 52 53 58 57 54 51 47 44 104 40 49 45 48 50 55 56 59 105 62 63 70 69 74 75 81 110 108 106 114 109 115 107 113 112 111 73 76 80 86 79 77 72 64 67 68 71 78 82 83 84 85 91 92 96 97 101 102 93 89 90 98 99 100 95 94 88 87 66 65 61 60 39 38 35 34 14 13 4 5 9 8 3 
1 2 6 7 10 11 15 103 21 22 29 30 31 32 33 28 23 20 12 19 24 27 16 17 18 25 26 36 37 42 41 43 46 52 53 58 57 54 51 47 44 104 40 49 45 48 50 55 56 59 105 62 63 70 69 74 75 81 110 108 109 114 106 112 113 115 107 111 73 76 80 86 79 77 72 64 67 68 71 78 82 83 84 85 91 92 96 97 101 102 93 89 90 98 99 100 95 94 88 87 66 65 61 60 39 38 35 34 14 13 4 5 9 8 3 
1 2 6 7 10 11 15 103 21 22 29 30 31 32 33 28 23 20 12 19 24 27 16 17 18 25 26 36 37 42 41 43 46 52 53 58 57 54 51 47 44 104 40 49 45 48 50 55 56 59 105 62 63 70 69 74 75 81 110 108 114 106 109 113 107 115 112 111 73 76 80 86 79 77 72 64 67 68 71 78 82 83 84 85 91 92 96 97 101 102 93 89 90 98 99 100 95 94 88 87 66 65 61 60 39 38 35 34 14 13 4 5 9 8 3 
1 2 6 7 10 11 15 103 21 22 29 30 31 32 33 28 23 20 12 19 24 27 16 17 18 25 26 36 37 42 41 43 46 52 53 58 57 54 51 47 44 104 40 49 45 48 50 55 56 59 105 62 63 70 69 74 75 81 110 108 114 106 109 115 107 113 112 111 73 76 80 86 79 77 72 64 67 68 71 78 82 83 84 85 91 92 96 97 101 102 93 89 90 98 99 100 95 94 88 87 66 65 61 60 39 38 35 34 14 13 4 5 9 8 3 
1 2 6 7 10 11 15 103 21 22 29 30 31 32 33 28 23 20 12 19 24 27 16 17 18 25 26 36 37 42 41 43 46 52 53 58 57 54 51 47 44 104 40 49 45 48 50 55 56 59 105 62 63 70 69 74 75 81 110 108 114 109 106 112 113 115 107 111 73 76 80 86 79 77 72 64 67 68 71 78 82 83 84 85 91 92 96 97 101 102 93 89 90 98 99 100 95 94 88 87 66 65 61 60 39 38 35 34 14 13 4 5 9 8 3 
1 2 6 7 10 11 15 103 21 22 29 30 31 32 33 28 23 20 12 19 24 27 16 17 18 25 26 36 37 42 41 43 46 52 53 58 57 54 51 47 44 104 40 49 45 48 50 55 56 59 105 62 63 70 69 74 75 81 110 113 106 108 114 109 112 115 107 111 73 76 80 86 79 77 72 64 67 68 71 78 82 83 84 85 91 92 96 97 101 102 93 89 90 98 99 100 95 94 88 87 66 65 61 60 39 38 35 34 14 13 4 5 9 8 3 
1 2 6 7 10 11 15 103 21 22 29 30 31 32 33 28 23 20 12 19 24 27 16 17 18 25 26 36 37 42 41 43 46 52 53 58 57 54 51 47 44 104 40 49 45 48 50 55 56 59 105 62 63 70 69 74 75 81 110 113 106 114 108 109 112 115 107 111 73 76 80 86 79 77 72 64 67 68 71 78 82 83 84 85 91 92 96 97 101 102 93 89 90 98 99 100 95 94 88 87 66 65 61 60 39 38 35 34 14 13 4 5 9 8 3 
1 2 6 7 10 11 15 103 21 22 29 30 31 32 33 28 23 20 12 19 24 27 16 17 18 25 26 36 37 42 41 43 46 52 53 58 57 54 51 47 44 104 40 49 45 48 50 55 56 59 105 62 63 70 69 74 75 81 110 113 106 108 114 109 115 112 107 111 73 76 80 86 79 77 72 64 67 68 71 78 82 83 84 85 91 92 96 97 101 102 93 89 90 98 99 100 95 94 88 87 66 65 61 60 39 38 35 34 14 13 4 5 9 8 3 
1 2 6 7 10 11 15 103 21 22 29 30 31 32 33 28 23 20 12 19 24 27 16 17 18 25 26 36 37 42 41 43 46 52 53 58 57 54 51 47 44 104 40 49 45 48 50 55 56 59 105 62 63 70 69 74 75 81 110 113 106 114 108 109 115 112 107 111 73 76 80 86 79 77 72 64 67 68 71 78 82 83 84 85 91 92 96 97 101 102 93 89 90 98 99 100 95 94 88 87 66 65 61 60 39 38 35 34 14 13 4 5 9 8 3 
1 2 6 7 10 11 15 103 21 22 29 30 31 32 33 28 23 20 12 19 24 27 16 17 18 25 26 36 37 42 41 43 46 52 53 58 57 54 51 47 44 104 40 49 45 48 50 55 56 59 105 62 63 70 69 74 75 81 110 113 106 109 114 108 107 115 112 111 73 76 80 86 79 77 72 64 67 68 71 78 82 83 84 85 91 92 96 97 101 102 93 89 90 98 99 100 95 94 88 87 66 65 61 60 39 38 35 34 14 13 4 5 9 8 3 
1 2 6 7 10 11 15 103 21 22 29 30 31 32 33 28 23 20 12 19 24 27 16 17 18 25 26 36 37 42 41 43 46 52 53 58 57 54 51 47 44 104 40 49 45 48 50 55 56 59 105 62 63 70 69 74 75 81 110 113 106 114 109 108 107 115 112 111 73 76 80 86 79 77 72 64 67 68 71 78 82 83 84 85 91 92 96 97 101 102 93 89 90 98 99 100 95 94 88 87 66 65 61 60 39 38 35 34 14 13 4 5 9 8 3 
1 2 6 7 10 11 15 103 21 22 29 30 31 32 33 28 23 20 12 19 24 27 16 17 18 25 26 36 37 42 41 43 46 52 53 58 57 54 51 47 44 104 40 49 45 48 50 55 56 59 105 62 63 70 69 74 75 81 110 115 107 108 109 114 106 113 112 111 73 76 80 86 79 77 72 64 67 68 71 78 82 83 84 85 91 92 96 97 101 102 93 89 90 98 99 100 95 94 88 87 66 65 61 60 39 38 35 34 14 13 4 5 9 8 3 
1 2 6 7 10 11 15 103 21 22 29 30 31 32 33 28 23 20 12 19 24 27 16 17 18 25 26 36 37 42 41 43 46 52 53 58 57 54 51 47 44 104 40 49 45 48 50 55 56 59 105 62 63 70 69 74 75 81 110 115 107 108 114 109 106 113 112 111 73 76 80 86 79 77 72 64 67 68 71 78 82 83 84 85 91 92 96 97 101 102 93 89 90 98 99 100 95 94 88 87 66 65 61 60 39 38 35 34 14 13 4 5 9 8 3 
1 2 6 7 10 11 15 103 21 22 29 30 31 32 33 28 23 20 12 19 24 27 16 17 18 25 26 36 37 42 41 43 46 52 53 58 57 54 51 47 44 104 40 49 45 48 50 55 56 59 105 62 63 70 69 74 75 81 110 115 107 113 106 108 114 109 112 111 73 76 80 86 79 77 72 64 67 68 71 78 82 83 84 85 91 92 96 97 101 102 93 89 90 98 99 100 95 94 88 87 66 65 61 60 39 38 35 34 14 13 4 5 9 8 3 
1 2 6 7 10 11 15 103 21 22 29 30 31 32 33 28 23 20 12 19 24 27 16 17 18 25 26 36 37 42 41 43 46 52 53 58 57 54 51 47 44 104 40 49 45 48 50 55 56 59 105 62 63 70 69 74 75 81 110 115 107 113 106 114 108 109 112 111 73 76 80 86 79 77 72 64 67 68 71 78 82 83 84 85 91 92 96 97 101 102 93 89 90 98 99 100 95 94 88 87 66 65 61 60 39 38 35 34 14 13 4 5 9 8 3 
1 2 6 7 10 11 15 103 21 22 29 30 31 32 33 28 23 20 12 19 24 27 16 17 18 25 26 36 37 42 41 43 46 52 53 58 57 54 51 47 44 104 40 49 45 48 50 55 56 59 105 62 63 70 69 74 75 81 110 108 106 114 109 112 115 113 107 111 73 76 80 86 79 77 72 64 67 68 71 78 82 83 84 85 91 92 96 97 101 102 93 89 90 98 99 100 95 94 88 87 66 65 61 60 39 38 35 34 14 13 4 5 9 8 3 
1 2 6 7 10 11 15 103 21 22 29 30 31 32 33 28 23 20 12 19 24 27 16 17 18 25 26 36 37 42 41 43 46 52 53 58 57 54 51 47 44 104 40 49 45 48 50 55 56 59 105 62 63 70 69 74 75 81 110 108 106 114 109 115 112 113 107 111 73 76 80 86 79 77 72 64 67 68 71 78 82 83 84 85 91 92 96 97 101 102 93 89 90 98 99 100 95 94 88 87 66 65 61 60 39 38 35 34 14 13 4 5 9 8 3 
1 2 6 7 10 11 15 103 21 22 29 30 31 32 33 28 23 20 12 19 24 27 16 17 18 25 26 36 37 42 41 43 46 52 53 58 57 54 51 47 44 104 40 49 45 48 50 55 56 59 105 62 63 70 69 74 75 81 110 108 114 106 109 112 115 113 107 111 73 76 80 86 79 77 72 64 67 68 71 78 82 83 84 85 91 92 96 97 101 102 93 89 90 98 99 100 95 94 88 87 66 65 61 60 39 38 35 34 14 13 4 5 9 8 3 
1 2 6 7 10 11 15 103 21 22 29 30 31 32 33 28 23 20 12 19 24 27 16 17 18 25 26 36 37 42 41 43 46 52 53 58 57 54 51 47 44 104 40 49 45 48 50 55 56 59 105 62 63 70 69 74 75 81 110 108 114 106 109 115 112 113 107 111 73 76 80 86 79 77 72 64 67 68 71 78 82 83 84 85 91 92 96 97 101 102 93 89 90 98 99 100 95 94 88 87 66 65 61 60 39 38 35 34 14 13 4 5 9 8 3 
1 2 6 7 10 11 15 103 21 22 29 30 31 32 33 28 23 20 12 19 24 27 16 17 18 25 26 36 37 42 41 43 46 52 53 58 57 54 51 47 44 104 40 49 45 48 50 55 56 59 105 62 63 70 69 74 75 81 110 113 112 115 107 108 106 114 109 111 73 76 80 86 79 77 72 64 67 68 71 78 82 83 84 85 91 92 96 97 101 102 93 89 90 98 99 100 95 94 88 87 66 65 61 60 39 38 35 34 14 13 4 5 9 8 3 
1 2 6 7 10 11 15 103 21 22 29 30 31 32 33 28 23 20 12 19 24 27 16 17 18 25 26 36 37 42 41 43 46 52 53 58 57 54 51 47 44 104 40 49 45 48 50 55 56 59 105 62 63 70 69 74 75 81 110 113 112 115 107 108 114 106 109 111 73 76 80 86 79 77 72 64 67 68 71 78 82 83 84 85 91 92 96 97 101 102 93 89 90 98 99 100 95 94 88 87 66 65 61 60 39 38 35 34 14 13 4 5 9 8 3 
1 2 6 7 10 11 15 103 21 22 29 30 31 32 33 28 23 20 12 19 24 27 16 17 18 25 26 36 37 42 41 43 46 52 53 58 57 54 51 47 44 104 40 49 45 48 50 55 56 59 105 62 63 70 69 74 75 81 110 115 107 113 112 109 108 114 106 111 73 76 80 86 79 77 72 64 67 68 71 78 82 83 84 85 91 92 96 97 101 102 93 89 90 98 99 100 95 94 88 87 66 65 61 60 39 38 35 34 14 13 4 5 9 8 3 
1 2 6 7 10 11 15 103 21 22 29 30 31 32 33 28 23 20 12 19 24 27 16 17 18 25 26 36 37 42 41 43 46 52 53 58 57 54 51 47 44 104 40 49 45 48 50 55 56 59 105 62 63 70 69 74 75 81 110 115 107 113 112 109 114 108 106 111 73 76 80 86 79 77 72 64 67 68 71 78 82 83 84 85 91 92 96 97 101 102 93 89 90 98 99 100 95 94 88 87 66 65 61 60 39 38 35 34 14 13 4 5 9 8 3 
1 2 6 7 10 11 15 103 21 22 29 30 31 32 33 28 23 20 12 19 24 27 16 17 18 25 26 36 37 42 41 43 46 52 53 58 57 54 51 47 44 104 40 49 45 48 50 55 56 59 105 62 63 70 69 74 75 81 110 115 112 107 113 106 108 114 109 111 73 76 80 86 79 77 72 64 67 68 71 78 82 83 84 85 91 92 96 97 101 102 93 89 90 98 99 100 95 94 88 87 66 65 61 60 39 38 35 34 14 13 4 5 9 8 3 
1 2 6 7 10 11 15 103 21 22 29 30 31 32 33 28 23 20 12 19 24 27 16 17 18 25 26 36 37 42 41 43 46 52 53 58 57 54 51 47 44 104 40 49 45 48 50 55 56 59 105 62 63 70 69 74 75 81 110 115 112 107 113 106 114 108 109 111 73 76 80 86 79 77 72 64 67 68 71 78 82 83 84 85 91 92 96 97 101 102 93 89 90 98 99 100 95 94 88 87 66 65 61 60 39 38 35 34 14 13 4 5 9 8 3 
1 2 6 7 10 11 15 103 21 22 29 30 31 32 33 28 23 20 12 19 24 27 16 17 18 25 26 36 37 42 41 43 46 52 53 58 57 54 51 47 44 104 40 49 45 48 50 55 56 59 105 62 63 70 69 74 75 81 110 108 109 114 106 112 115 113 107 111 73 76 80 86 79 77 72 64 67 68 71 78 82 83 84 85 91 92 96 97 101 102 93 89 90 98 99 100 95 94 88 87 66 65 61 60 39 38 35 34 14 13 4 5 9 8 3 
1 2 6 7 10 11 15 103 21 22 29 30 31 32 33 28 23 20 12 19 24 27 16 17 18 25 26 36 37 42 41 43 46 52 53 58 57 54 51 47 44 104 40 49 45 48 50 55 56 59 105 62 63 70 69 74 75 81 110 108 114 109 106 112 115 113 107 111 73 76 80 86 79 77 72 64 67 68 71 78 82 83 84 85 91 92 96 97 101 102 93 89 90 98 99 100 95 94 88 87 66 65 61 60 39 38 35 34 14 13 4 5 9 8 3 
1 2 6 7 10 11 15 103 21 22 29 30 31 32 33 28 23 20 12 19 24 27 16 17 18 25 26 36 37 42 41 43 46 52 53 58 57 54 51 47 44 104 40 49 45 48 50 55 56 59 105 62 63 70 69 74 75 81 110 113 107 115 112 106 108 114 109 111 73 76 80 86 79 77 72 64 67 68 71 78 82 83 84 85 91 92 96 97 101 102 93 89 90 98 99 100 95 94 88 87 66 65 61 60 39 38 35 34 14 13 4 5 9 8 3 
1 2 6 7 10 11 15 103 21 22 29 30 31 32 33 28 23 20 12 19 24 27 16 17 18 25 26 36 37 42 41 43 46 52 53 58 57 54 51 47 44 104 40 49 45 48 50 55 56 59 105 62 63 70 69 74 75 81 110 113 107 115 112 106 114 108 109 111 73 76 80 86 79 77 72 64 67 68 71 78 82 83 84 85 91 92 96 97 101 102 93 89 90 98 99 100 95 94 88 87 66 65 61 60 39 38 35 34 14 13 4 5 9 8 3 
1 2 6 7 10 11 15 103 21 22 29 30 31 32 33 28 23 20 12 19 24 27 16 17 18 25 26 36 37 42 41 43 46 52 53 58 57 54 51 47 44 104 40 49 45 48 50 55 56 59 105 62 63 70 69 74 75 81 110 108 106 114 109 112 115 107 113 111 73 76 80 86 79 77 72 64 67 68 71 78 82 83 84 85 91 92 96 97 101 102 93 89 90 98 99 100 95 94 88 87 66 65 61 60 39 38 35 34 14 13 4 5 9 8 3 
1 2 6 7 10 11 15 103 21 22 29 30 31 32 33 28 23 20 12 19 24 27 16 17 18 25 26 36 37 42 41 43 46 52 53 58 57 54 51 47 44 104 40 49 45 48 50 55 56 59 105 62 63 70 69 74 75 81 110 108 114 106 109 112 115 107 113 111 73 76 80 86 79 77 72 64 67 68 71 78 82 83 84 85 91 92 96 97 101 102 93 89 90 98 99 100 95 94 88 87 66 65 61 60 39 38 35 34 14 13 4 5 9 8 3 
1 2 6 7 10 11 15 103 21 22 29 30 31 32 33 28 23 20 12 19 24 27 16 17 18 25 26 36 37 42 41 43 46 52 53 58 57 54 51 47 44 104 40 49 45 48 50 55 56 59 105 62 63 70 69 74 75 81 110 115 112 109 108 114 106 113 107 111 73 76 80 86 79 77 72 64 67 68 71 78 82 83 84 85 91 92 96 97 101 102 93 89 90 98 99 100 95 94 88 87 66 65 61 60 39 38 35 34 14 13 4 5 9 8 3 
1 2 6 7 10 11 15 103 21 22 29 30 31 32 33 28 23 20 12 19 24 27 16 17 18 25 26 36 37 42 41 43 46 52 53 58 57 54 51 47 44 104 40 49 45 48 50 55 56 59 105 62 63 70 69 74 75 81 110 115 112 109 114 108 106 113 107 111 73 76 80 86 79 77 72 64 67 68 71 78 82 83 84 85 91 92 96 97 101 102 93 89 90 98 99 100 95 94 88 87 66 65 61 60 39 38 35 34 14 13 4 5 9 8 3 
1 2 6 7 10 11 15 103 21 22 29 30 31 32 33 28 23 20 12 19 24 27 16 17 18 25 26 36 37 42 41 43 46 52 53 58 57 54 51 47 44 104 40 49 45 48 50 55 56 59 105 62 63 70 69 74 75 81 110 115 112 113 106 109 114 108 107 111 73 76 80 86 79 77 72 64 67 68 71 78 82 83 84 85 91 92 96 97 101 102 93 89 90 98 99 100 95 94 88 87 66 65 61 60 39 38 35 34 14 13 4 5 9 8 3 
1 2 6 7 10 11 15 103 21 22 29 30 31 32 33 28 23 20 12 19 24 27 16 17 18 25 26 36 37 42 41 43 46 52 53 58 57 54 51 47 44 104 40 49 45 48 50 55 56 59 105 62 63 70 69 74 75 81 110 115 112 113 106 114 109 108 107 111 73 76 80 86 79 77 72 64 67 68 71 78 82 83 84 85 91 92 96 97 101 102 93 89 90 98 99 100 95 94 88 87 66 65 61 60 39 38 35 34 14 13 4 5 9 8 3 
1 2 6 7 10 11 15 103 21 22 29 30 31 32 33 28 23 20 12 19 24 27 16 17 18 25 26 36 37 42 41 43 46 52 53 58 57 54 51 47 44 104 40 49 45 48 50 55 56 59 105 62 63 70 69 74 75 81 110 115 112 113 109 106 114 108 107 111 73 76 80 86 79 77 72 64 67 68 71 78 82 83 84 85 91 92 96 97 101 102 93 89 90 98 99 100 95 94 88 87 66 65 61 60 39 38 35 34 14 13 4 5 9 8 3 
1 2 6 7 10 11 15 103 21 22 29 30 31 32 33 28 23 20 12 19 24 27 16 17 18 25 26 36 37 42 41 43 46 52 53 58 57 54 51 47 44 104 40 49 45 48 50 55 56 59 105 62 63 70 69 74 75 81 110 115 112 113 109 114 106 108 107 111 73 76 80 86 79 77 72 64 67 68 71 78 82 83 84 85 91 92 96 97 101 102 93 89 90 98 99 100 95 94 88 87 66 65 61 60 39 38 35 34 14 13 4 5 9 8 3 
1 2 6 7 10 11 15 103 21 22 29 30 31 32 33 28 23 20 12 19 24 27 16 17 18 25 26 36 37 42 41 43 46 52 53 58 57 54 51 47 44 104 40 49 45 48 50 55 56 59 105 62 63 70 69 74 75 81 110 115 113 112 109 106 114 108 107 111 73 76 80 86 79 77 72 64 67 68 71 78 82 83 84 85 91 92 96 97 101 102 93 89 90 98 99 100 95 94 88 87 66 65 61 60 39 38 35 34 14 13 4 5 9 8 3 
1 2 6 7 10 11 15 103 21 22 29 30 31 32 33 28 23 20 12 19 24 27 16 17 18 25 26 36 37 42 41 43 46 52 53 58 57 54 51 47 44 104 40 49 45 48 50 55 56 59 105 62 63 70 69 74 75 81 110 115 113 112 109 114 106 108 107 111 73 76 80 86 79 77 72 64 67 68 71 78 82 83 84 85 91 92 96 97 101 102 93 89 90 98 99 100 95 94 88 87 66 65 61 60 39 38 35 34 14 13 4 5 9 8 3 
1 2 6 7 10 11 15 103 21 22 29 30 31 32 33 28 23 20 12 19 24 27 16 17 18 25 26 36 37 42 41 43 46 52 53 58 57 54 51 47 44 104 40 49 45 48 50 55 56 59 105 62 63 70 69 74 75 81 110 113 107 108 106 114 109 115 112 111 73 76 80 86 79 77 72 64 67 68 71 78 82 83 84 85 91 92 96 97 101 102 93 89 90 98 99 100 95 94 88 87 66 65 61 60 39 38 35 34 14 13 4 5 9 8 3 
1 2 6 7 10 11 15 103 21 22 29 30 31 32 33 28 23 20 12 19 24 27 16 17 18 25 26 36 37 42 41 43 46 52 53 58 57 54 51 47 44 104 40 49 45 48 50 55 56 59 105 62 63 70 69 74 75 81 110 113 107 108 114 106 109 115 112 111 73 76 80 86 79 77 72 64 67 68 71 78 82 83 84 85 91 92 96 97 101 102 93 89 90 98 99 100 95 94 88 87 66 65 61 60 39 38 35 34 14 13 4 5 9 8 3 
1 2 6 7 10 11 15 103 21 22 29 30 31 32 33 28 23 20 12 19 24 27 16 17 18 25 26 36 37 42 41 43 46 52 53 58 57 54 51 47 44 104 40 49 45 48 50 55 56 59 105 62 63 70 69 74 75 81 110 113 115 112 106 109 114 108 107 111 73 76 80 86 79 77 72 64 67 68 71 78 82 83 84 85 91 92 96 97 101 102 93 89 90 98 99 100 95 94 88 87 66 65 61 60 39 38 35 34 14 13 4 5 9 8 3 
1 2 6 7 10 11 15 103 21 22 29 30 31 32 33 28 23 20 12 19 24 27 16 17 18 25 26 36 37 42 41 43 46 52 53 58 57 54 51 47 44 104 40 49 45 48 50 55 56 59 105 62 63 70 69 74 75 81 110 113 115 112 106 114 109 108 107 111 73 76 80 86 79 77 72 64 67 68 71 78 82 83 84 85 91 92 96 97 101 102 93 89 90 98 99 100 95 94 88 87 66 65 61 60 39 38 35 34 14 13 4 5 9 8 3 
1 2 6 7 10 11 15 103 21 22 29 30 31 32 33 28 23 20 12 19 24 27 16 17 18 25 26 36 37 42 41 43 46 52 53 58 57 54 51 47 44 104 40 49 45 48 50 55 56 59 105 62 63 70 69 74 75 81 110 115 112 113 106 108 114 109 107 111 73 76 80 86 79 77 72 64 67 68 71 78 82 83 84 85 91 92 96 97 101 102 93 89 90 98 99 100 95 94 88 87 66 65 61 60 39 38 35 34 14 13 4 5 9 8 3 
1 2 6 7 10 11 15 103 21 22 29 30 31 32 33 28 23 20 12 19 24 27 16 17 18 25 26 36 37 42 41 43 46 52 53 58 57 54 51 47 44 104 40 49 45 48 50 55 56 59 105 62 63 70 69 74 75 81 110 115 112 113 106 114 108 109 107 111 73 76 80 86 79 77 72 64 67 68 71 78 82 83 84 85 91 92 96 97 101 102 93 89 90 98 99 100 95 94 88 87 66 65 61 60 39 38 35 34 14 13 4 5 9 8 3 
1 2 6 7 10 11 15 103 21 22 29 30 31 32 33 28 23 20 12 19 24 27 16 17 18 25 26 36 37 42 41 43 46 52 53 58 57 54 51 47 44 104 40 49 45 48 50 55 56 59 105 62 63 70 69 74 75 81 110 115 109 106 114 108 107 113 112 111 73 76 80 86 79 77 72 64 67 68 71 78 82 83 84 85 91 92 96 97 101 102 93 89 90 98 99 100 95 94 88 87 66 65 61 60 39 38 35 34 14 13 4 5 9 8 3 
1 2 6 7 10 11 15 103 21 22 29 30 31 32 33 28 23 20 12 19 24 27 16 17 18 25 26 36 37 42 41 43 46 52 53 58 57 54 51 47 44 104 40 49 45 48 50 55 56 59 105 62 63 70 69 74 75 81 110 115 109 108 114 106 112 113 107 111 73 76 80 86 79 77 72 64 67 68 71 78 82 83 84 85 91 92 96 97 101 102 93 89 90 98 99 100 95 94 88 87 66 65 61 60 39 38 35 34 14 13 4 5 9 8 3 
1 2 6 7 10 11 15 103 21 22 29 30 31 32 33 28 23 20 12 19 24 27 16 17 18 25 26 36 37 42 41 43 46 52 53 58 57 54 51 47 44 104 40 49 45 48 50 55 56 59 105 62 63 70 69 74 75 81 110 115 109 114 106 108 107 113 112 111 73 76 80 86 79 77 72 64 67 68 71 78 82 83 84 85 91 92 96 97 101 102 93 89 90 98 99 100 95 94 88 87 66 65 61 60 39 38 35 34 14 13 4 5 9 8 3 
1 2 6 7 10 11 15 103 21 22 29 30 31 32 33 28 23 20 12 19 24 27 16 17 18 25 26 36 37 42 41 43 46 52 53 58 57 54 51 47 44 104 40 49 45 48 50 55 56 59 105 62 63 70 69 74 75 81 110 115 109 114 108 106 112 113 107 111 73 76 80 86 79 77 72 64 67 68 71 78 82 83 84 85 91 92 96 97 101 102 93 89 90 98 99 100 95 94 88 87 66 65 61 60 39 38 35 34 14 13 4 5 9 8 3 
1 2 6 7 10 11 15 103 21 22 29 30 31 32 33 28 23 20 12 19 24 27 16 17 18 25 26 36 37 42 41 43 46 52 53 58 57 54 51 47 44 104 40 49 45 48 50 55 56 59 105 62 63 70 69 74 75 81 110 115 112 106 108 114 109 113 107 111 73 76 80 86 79 77 72 64 67 68 71 78 82 83 84 85 91 92 96 97 101 102 93 89 90 98 99 100 95 94 88 87 66 65 61 60 39 38 35 34 14 13 4 5 9 8 3 
1 2 6 7 10 11 15 103 21 22 29 30 31 32 33 28 23 20 12 19 24 27 16 17 18 25 26 36 37 42 41 43 46 52 53 58 57 54 51 47 44 104 40 49 45 48 50 55 56 59 105 62 63 70 69 74 75 81 110 115 112 106 114 108 109 113 107 111 73 76 80 86 79 77 72 64 67 68 71 78 82 83 84 85 91 92 96 97 101 102 93 89 90 98 99 100 95 94 88 87 66 65 61 60 39 38 35 34 14 13 4 5 9 8 3 
1 2 6 7 10 11 15 103 21 22 29 30 31 32 33 28 23 20 12 19 24 27 16 17 18 25 26 36 37 42 41 43 46 52 53 58 57 54 51 47 44 104 40 49 45 48 50 55 56 59 105 62 63 70 69 74 75 81 110 115 113 107 108 106 114 109 112 111 73 76 80 86 79 77 72 64 67 68 71 78 82 83 84 85 91 92 96 97 101 102 93 89 90 98 99 100 95 94 88 87 66 65 61 60 39 38 35 34 14 13 4 5 9 8 3 
1 2 6 7 10 11 15 103 21 22 29 30 31 32 33 28 23 20 12 19 24 27 16 17 18 25 26 36 37 42 41 43 46 52 53 58 57 54 51 47 44 104 40 49 45 48 50 55 56 59 105 62 63 70 69 74 75 81 110 115 113 107 108 114 106 109 112 111 73 76 80 86 79 77 72 64 67 68 71 78 82 83 84 85 91 92 96 97 101 102 93 89 90 98 99 100 95 94 88 87 66 65 61 60 39 38 35 34 14 13 4 5 9 8 3 
1 2 6 7 10 11 15 103 21 22 29 30 31 32 33 28 23 20 12 19 24 27 16 17 18 25 26 36 37 42 41 43 46 52 53 58 57 54 51 47 44 104 40 49 45 48 50 55 56 59 105 62 63 70 69 74 75 81 110 115 113 112 106 109 114 108 107 111 73 76 80 86 79 77 72 64 67 68 71 78 82 83 84 85 91 92 96 97 101 102 93 89 90 98 99 100 95 94 88 87 66 65 61 60 39 38 35 34 14 13 4 5 9 8 3 
1 2 6 7 10 11 15 103 21 22 29 30 31 32 33 28 23 20 12 19 24 27 16 17 18 25 26 36 37 42 41 43 46 52 53 58 57 54 51 47 44 104 40 49 45 48 50 55 56 59 105 62 63 70 69 74 75 81 110 115 113 112 106 114 109 108 107 111 73 76 80 86 79 77 72 64 67 68 71 78 82 83 84 85 91 92 96 97 101 102 93 89 90 98 99 100 95 94 88 87 66 65 61 60 39 38 35 34 14 13 4 5 9 8 3 
1 2 6 7 10 11 15 103 21 22 29 30 31 32 33 28 23 20 12 19 24 27 16 17 18 25 26 36 37 42 41 43 46 52 53 58 57 54 51 47 44 104 40 49 45 48 50 55 56 59 105 62 63 70 69 74 75 81 110 113 107 115 112 109 106 114 108 111 73 76 80 86 79 77 72 64 67 68 71 78 82 83 84 85 91 92 96 97 101 102 93 89 90 98 99 100 95 94 88 87 66 65 61 60 39 38 35 34 14 13 4 5 9 8 3 
1 2 6 7 10 11 15 103 21 22 29 30 31 32 33 28 23 20 12 19 24 27 16 17 18 25 26 36 37 42 41 43 46 52 53 58 57 54 51 47 44 104 40 49 45 48 50 55 56 59 105 62 63 70 69 74 75 81 110 113 107 115 112 109 114 106 108 111 73 76 80 86 79 77 72 64 67 68 71 78 82 83 84 85 91 92 96 97 101 102 93 89 90 98 99 100 95 94 88 87 66 65 61 60 39 38 35 34 14 13 4 5 9 8 3 
1 2 6 7 10 11 15 103 21 22 29 30 31 32 33 28 23 20 12 19 24 27 16 17 18 25 26 36 37 42 41 43 46 52 53 58 57 54 51 47 44 104 40 49 45 48 50 55 56 59 105 62 63 70 69 74 75 81 110 113 108 106 114 109 112 115 107 111 73 76 80 86 79 77 72 64 67 68 71 78 82 83 84 85 91 92 96 97 101 102 93 89 90 98 99 100 95 94 88 87 66 65 61 60 39 38 35 34 14 13 4 5 9 8 3 
1 2 6 7 10 11 15 103 21 22 29 30 31 32 33 28 23 20 12 19 24 27 16 17 18 25 26 36 37 42 41 43 46 52 53 58 57 54 51 47 44 104 40 49 45 48 50 55 56 59 105 62 63 70 69 74 75 81 110 113 108 114 106 109 112 115 107 111 73 76 80 86 79 77 72 64 67 68 71 78 82 83 84 85 91 92 96 97 101 102 93 89 90 98 99 100 95 94 88 87 66 65 61 60 39 38 35 34 14 13 4 5 9 8 3 
1 2 6 7 10 11 15 103 21 22 29 30 31 32 33 28 23 20 12 19 24 27 16 17 18 25 26 36 37 42 41 43 46 52 53 58 57 54 51 47 44 104 40 49 45 48 50 55 56 59 105 62 63 70 69 74 75 81 110 115 112 113 107 108 106 114 109 111 73 76 80 86 79 77 72 64 67 68 71 78 82 83 84 85 91 92 96 97 101 102 93 89 90 98 99 100 95 94 88 87 66 65 61 60 39 38 35 34 14 13 4 5 9 8 3 
1 2 6 7 10 11 15 103 21 22 29 30 31 32 33 28 23 20 12 19 24 27 16 17 18 25 26 36 37 42 41 43 46 52 53 58 57 54 51 47 44 104 40 49 45 48 50 55 56 59 105 62 63 70 69 74 75 81 110 115 112 113 107 108 114 106 109 111 73 76 80 86 79 77 72 64 67 68 71 78 82 83 84 85 91 92 96 97 101 102 93 89 90 98 99 100 95 94 88 87 66 65 61 60 39 38 35 34 14 13 4 5 9 8 3 
1 2 6 7 10 11 15 103 21 22 29 30 31 32 33 28 23 20 12 19 24 27 16 17 18 25 26 36 37 42 41 43 46 52 53 58 57 54 51 47 44 104 40 49 45 48 50 55 56 59 105 62 63 70 69 74 75 81 110 108 109 114 106 115 112 113 107 111 73 76 80 86 79 77 72 64 67 68 71 78 82 83 84 85 91 92 96 97 101 102 93 89 90 98 99 100 95 94 88 87 66 65 61 60 39 38 35 34 14 13 4 5 9 8 3 
1 2 6 7 10 11 15 103 21 22 29 30 31 32 33 28 23 20 12 19 24 27 16 17 18 25 26 36 37 42 41 43 46 52 53 58 57 54 51 47 44 104 40 49 45 48 50 55 56 59 105 62 63 70 69 74 75 81 110 108 114 109 106 115 112 113 107 111 73 76 80 86 79 77 72 64 67 68 71 78 82 83 84 85 91 92 96 97 101 102 93 89 90 98 99 100 95 94 88 87 66 65 61 60 39 38 35 34 14 13 4 5 9 8 3 
1 2 6 7 10 11 15 103 21 22 29 30 31 32 33 28 23 20 12 19 24 27 16 17 18 25 26 36 37 42 41 43 46 52 53 58 57 54 51 47 44 104 40 49 45 48 50 55 56 59 105 62 63 70 69 74 75 81 110 114 108 109 106 113 112 115 107 111 73 76 80 86 79 77 72 64 67 68 71 78 82 83 84 85 91 92 96 97 101 102 93 89 90 98 99 100 95 94 88 87 66 65 61 60 39 38 35 34 14 13 4 5 9 8 3 
1 2 6 7 10 11 15 103 21 22 29 30 31 32 33 28 23 20 12 19 24 27 16 17 18 25 26 36 37 42 41 43 46 52 53 58 57 54 51 47 44 104 40 49 45 48 50 55 56 59 105 62 63 70 69 74 75 81 110 114 109 108 106 113 112 115 107 111 73 76 80 86 79 77 72 64 67 68 71 78 82 83 84 85 91 92 96 97 101 102 93 89 90 98 99 100 95 94 88 87 66 65 61 60 39 38 35 34 14 13 4 5 9 8 3 
1 2 6 7 10 11 15 103 21 22 29 30 31 32 33 28 23 20 12 19 24 27 16 17 18 25 26 36 37 42 41 43 46 52 53 58 57 54 51 47 44 104 40 49 45 48 50 55 56 59 105 62 63 70 69 74 75 81 110 115 107 108 109 114 106 112 113 111 73 76 80 86 79 77 72 64 67 68 71 78 82 83 84 85 91 92 96 97 101 102 93 89 90 98 99 100 95 94 88 87 66 65 61 60 39 38 35 34 14 13 4 5 9 8 3 
1 2 6 7 10 11 15 103 21 22 29 30 31 32 33 28 23 20 12 19 24 27 16 17 18 25 26 36 37 42 41 43 46 52 53 58 57 54 51 47 44 104 40 49 45 48 50 55 56 59 105 62 63 70 69 74 75 81 110 115 107 108 114 109 106 112 113 111 73 76 80 86 79 77 72 64 67 68 71 78 82 83 84 85 91 92 96 97 101 102 93 89 90 98 99 100 95 94 88 87 66 65 61 60 39 38 35 34 14 13 4 5 9 8 3 
1 2 6 7 10 11 15 103 21 22 29 30 31 32 33 28 23 20 12 19 24 27 16 17 18 25 26 36 37 42 41 43 46 52 53 58 57 54 51 47 44 104 40 49 45 48 50 55 56 59 105 62 63 70 69 74 75 81 110 115 107 113 108 106 114 109 112 111 73 76 80 86 79 77 72 64 67 68 71 78 82 83 84 85 91 92 96 97 101 102 93 89 90 98 99 100 95 94 88 87 66 65 61 60 39 38 35 34 14 13 4 5 9 8 3 
1 2 6 7 10 11 15 103 21 22 29 30 31 32 33 28 23 20 12 19 24 27 16 17 18 25 26 36 37 42 41 43 46 52 53 58 57 54 51 47 44 104 40 49 45 48 50 55 56 59 105 62 63 70 69 74 75 81 110 115 107 113 108 114 106 109 112 111 73 76 80 86 79 77 72 64 67 68 71 78 82 83 84 85 91 92 96 97 101 102 93 89 90 98 99 100 95 94 88 87 66 65 61 60 39 38 35 34 14 13 4 5 9 8 3 
1 2 6 7 10 11 15 103 21 22 29 30 31 32 33 28 23 20 12 19 24 27 16 17 18 25 26 36 37 42 41 43 46 52 53 58 57 54 51 47 44 104 40 49 45 48 50 55 56 59 105 62 63 70 69 74 75 81 110 115 107 113 112 106 109 114 108 111 73 76 80 86 79 77 72 64 67 68 71 78 82 83 84 85 91 92 96 97 101 102 93 89 90 98 99 100 95 94 88 87 66 65 61 60 39 38 35 34 14 13 4 5 9 8 3 
1 2 6 7 10 11 15 103 21 22 29 30 31 32 33 28 23 20 12 19 24 27 16 17 18 25 26 36 37 42 41 43 46 52 53 58 57 54 51 47 44 104 40 49 45 48 50 55 56 59 105 62 63 70 69 74 75 81 110 115 107 113 112 106 114 109 108 111 73 76 80 86 79 77 72 64 67 68 71 78 82 83 84 85 91 92 96 97 101 102 93 89 90 98 99 100 95 94 88 87 66 65 61 60 39 38 35 34 14 13 4 5 9 8 3 
1 2 6 7 10 11 15 103 21 22 29 30 31 32 33 28 23 20 12 19 24 27 16 17 18 25 26 36 37 42 41 43 46 52 53 58 57 54 51 47 44 104 40 49 45 48 50 55 56 59 105 62 63 70 69 74 75 81 110 114 106 108 109 112 113 115 107 111 73 76 80 86 79 77 72 64 67 68 71 78 82 83 84 85 91 92 96 97 101 102 93 89 90 98 99 100 95 94 88 87 66 65 61 60 39 38 35 34 14 13 4 5 9 8 3 
1 2 6 7 10 11 15 103 21 22 29 30 31 32 33 28 23 20 12 19 24 27 16 17 18 25 26 36 37 42 41 43 46 52 53 58 57 54 51 47 44 104 40 49 45 48 50 55 56 59 105 62 63 70 69 74 75 81 110 114 106 108 109 113 112 115 107 111 73 76 80 86 79 77 72 64 67 68 71 78 82 83 84 85 91 92 96 97 101 102 93 89 90 98 99 100 95 94 88 87 66 65 61 60 39 38 35 34 14 13 4 5 9 8 3 
1 2 6 7 10 11 15 103 21 22 29 30 31 32 33 28 23 20 12 19 24 27 16 17 18 25 26 36 37 42 41 43 46 52 53 58 57 54 51 47 44 104 40 49 45 48 50 55 56 59 105 62 63 70 69 74 75 81 110 114 108 106 109 112 113 115 107 111 73 76 80 86 79 77 72 64 67 68 71 78 82 83 84 85 91 92 96 97 101 102 93 89 90 98 99 100 95 94 88 87 66 65 61 60 39 38 35 34 14 13 4 5 9 8 3 
1 2 6 7 10 11 15 103 21 22 29 30 31 32 33 28 23 20 12 19 24 27 16 17 18 25 26 36 37 42 41 43 46 52 53 58 57 54 51 47 44 104 40 49 45 48 50 55 56 59 105 62 63 70 69 74 75 81 110 114 108 106 109 113 112 115 107 111 73 76 80 86 79 77 72 64 67 68 71 78 82 83 84 85 91 92 96 97 101 102 93 89 90 98 99 100 95 94 88 87 66 65 61 60 39 38 35 34 14 13 4 5 9 8 3 
1 2 6 7 10 11 15 103 21 22 29 30 31 32 33 28 23 20 12 19 24 27 16 17 18 25 26 36 37 42 41 43 46 52 53 58 57 54 51 47 44 104 40 49 45 48 50 55 56 59 105 62 63 70 69 74 75 81 110 114 108 109 106 113 107 115 112 111 73 76 80 86 79 77 72 64 67 68 71 78 82 83 84 85 91 92 96 97 101 102 93 89 90 98 99 100 95 94 88 87 66 65 61 60 39 38 35 34 14 13 4 5 9 8 3 
1 2 6 7 10 11 15 103 21 22 29 30 31 32 33 28 23 20 12 19 24 27 16 17 18 25 26 36 37 42 41 43 46 52 53 58 57 54 51 47 44 104 40 49 45 48 50 55 56 59 105 62 63 70 69 74 75 81 110 114 109 108 106 113 107 115 112 111 73 76 80 86 79 77 72 64 67 68 71 78 82 83 84 85 91 92 96 97 101 102 93 89 90 98 99 100 95 94 88 87 66 65 61 60 39 38 35 34 14 13 4 5 9 8 3 
1 2 6 7 10 11 15 103 21 22 29 30 31 32 33 28 23 20 12 19 24 27 16 17 18 25 26 36 37 42 41 43 46 52 53 58 57 54 51 47 44 104 40 49 45 48 50 55 56 59 105 62 63 70 69 74 75 81 110 108 106 109 114 107 115 112 113 111 73 76 80 86 79 77 72 64 67 68 71 78 82 83 84 85 91 92 96 97 101 102 93 89 90 98 99 100 95 94 88 87 66 65 61 60 39 38 35 34 14 13 4 5 9 8 3 
1 2 6 7 10 11 15 103 21 22 29 30 31 32 33 28 23 20 12 19 24 27 16 17 18 25 26 36 37 42 41 43 46 52 53 58 57 54 51 47 44 104 40 49 45 48 50 55 56 59 105 62 63 70 69 74 75 81 110 108 109 106 114 107 115 112 113 111 73 76 80 86 79 77 72 64 67 68 71 78 82 83 84 85 91 92 96 97 101 102 93 89 90 98 99 100 95 94 88 87 66 65 61 60 39 38 35 34 14 13 4 5 9 8 3 
1 2 6 7 10 11 15 103 21 22 29 30 31 32 33 28 23 20 12 19 24 27 16 17 18 25 26 36 37 42 41 43 46 52 53 58 57 54 51 47 44 104 40 49 45 48 50 55 56 59 105 62 63 70 69 74 75 81 110 115 112 113 106 108 109 114 107 111 73 76 80 86 79 77 72 64 67 68 71 78 82 83 84 85 91 92 96 97 101 102 93 89 90 98 99 100 95 94 88 87 66 65 61 60 39 38 35 34 14 13 4 5 9 8 3 
1 2 6 7 10 11 15 103 21 22 29 30 31 32 33 28 23 20 12 19 24 27 16 17 18 25 26 36 37 42 41 43 46 52 53 58 57 54 51 47 44 104 40 49 45 48 50 55 56 59 105 62 63 70 69 74 75 81 110 115 112 113 106 109 108 114 107 111 73 76 80 86 79 77 72 64 67 68 71 78 82 83 84 85 91 92 96 97 101 102 93 89 90 98 99 100 95 94 88 87 66 65 61 60 39 38 35 34 14 13 4 5 9 8 3 
1 2 6 7 10 11 15 103 21 22 29 30 31 32 33 28 23 20 12 19 24 27 16 17 18 25 26 36 37 42 41 43 46 52 53 58 57 54 51 47 44 104 40 49 45 48 50 55 56 59 105 62 63 70 69 74 75 81 110 113 112 115 106 109 114 108 107 111 73 76 80 86 79 77 72 64 67 68 71 78 82 83 84 85 91 92 96 97 101 102 93 89 90 98 99 100 95 94 88 87 66 65 61 60 39 38 35 34 14 13 4 5 9 8 3 
1 2 6 7 10 11 15 103 21 22 29 30 31 32 33 28 23 20 12 19 24 27 16 17 18 25 26 36 37 42 41 43 46 52 53 58 57 54 51 47 44 104 40 49 45 48 50 55 56 59 105 62 63 70 69 74 75 81 110 113 112 115 106 114 109 108 107 111 73 76 80 86 79 77 72 64 67 68 71 78 82 83 84 85 91 92 96 97 101 102 93 89 90 98 99 100 95 94 88 87 66 65 61 60 39 38 35 34 14 13 4 5 9 8 3 
1 2 6 7 10 11 15 103 21 22 29 30 31 32 33 28 23 20 12 19 24 27 16 17 18 25 26 36 37 42 41 43 46 52 53 58 57 54 51 47 44 104 40 49 45 48 50 55 56 59 105 62 63 70 69 74 75 81 110 108 106 114 109 107 113 112 115 111 73 76 80 86 79 77 72 64 67 68 71 78 82 83 84 85 91 92 96 97 101 102 93 89 90 98 99 100 95 94 88 87 66 65 61 60 39 38 35 34 14 13 4 5 9 8 3 
1 2 6 7 10 11 15 103 21 22 29 30 31 32 33 28 23 20 12 19 24 27 16 17 18 25 26 36 37 42 41 43 46 52 53 58 57 54 51 47 44 104 40 49 45 48 50 55 56 59 105 62 63 70 69 74 75 81 110 108 114 106 109 107 113 112 115 111 73 76 80 86 79 77 72 64 67 68 71 78 82 83 84 85 91 92 96 97 101 102 93 89 90 98 99 100 95 94 88 87 66 65 61 60 39 38 35 34 14 13 4 5 9 8 3 
1 2 6 7 10 11 15 103 21 22 29 30 31 32 33 28 23 20 12 19 24 27 16 17 18 25 26 36 37 42 41 43 46 52 53 58 57 54 51 47 44 104 40 49 45 48 50 55 56 59 105 62 63 70 69 74 75 81 110 115 106 108 114 109 112 113 107 111 73 76 80 86 79 77 72 64 67 68 71 78 82 83 84 85 91 92 96 97 101 102 93 89 90 98 99 100 95 94 88 87 66 65 61 60 39 38 35 34 14 13 4 5 9 8 3 
1 2 6 7 10 11 15 103 21 22 29 30 31 32 33 28 23 20 12 19 24 27 16 17 18 25 26 36 37 42 41 43 46 52 53 58 57 54 51 47 44 104 40 49 45 48 50 55 56 59 105 62 63 70 69 74 75 81 110 115 106 114 108 109 112 113 107 111 73 76 80 86 79 77 72 64 67 68 71 78 82 83 84 85 91 92 96 97 101 102 93 89 90 98 99 100 95 94 88 87 66 65 61 60 39 38 35 34 14 13 4 5 9 8 3 
1 2 6 7 10 11 15 103 21 22 29 30 31 32 33 28 23 20 12 19 24 27 16 17 18 25 26 36 37 42 41 43 46 52 53 58 57 54 51 47 44 104 40 49 45 48 50 55 56 59 105 62 63 70 69 74 75 81 110 115 112 109 106 114 108 107 113 111 73 76 80 86 79 77 72 64 67 68 71 78 82 83 84 85 91 92 96 97 101 102 93 89 90 98 99 100 95 94 88 87 66 65 61 60 39 38 35 34 14 13 4 5 9 8 3 
1 2 6 7 10 11 15 103 21 22 29 30 31 32 33 28 23 20 12 19 24 27 16 17 18 25 26 36 37 42 41 43 46 52 53 58 57 54 51 47 44 104 40 49 45 48 50 55 56 59 105 62 63 70 69 74 75 81 110 115 112 109 106 114 108 113 107 111 73 76 80 86 79 77 72 64 67 68 71 78 82 83 84 85 91 92 96 97 101 102 93 89 90 98 99 100 95 94 88 87 66 65 61 60 39 38 35 34 14 13 4 5 9 8 3 
1 2 6 7 10 11 15 103 21 22 29 30 31 32 33 28 23 20 12 19 24 27 16 17 18 25 26 36 37 42 41 43 46 52 53 58 57 54 51 47 44 104 40 49 45 48 50 55 56 59 105 62 63 70 69 74 75 81 110 115 112 109 114 106 108 107 113 111 73 76 80 86 79 77 72 64 67 68 71 78 82 83 84 85 91 92 96 97 101 102 93 89 90 98 99 100 95 94 88 87 66 65 61 60 39 38 35 34 14 13 4 5 9 8 3 
1 2 6 7 10 11 15 103 21 22 29 30 31 32 33 28 23 20 12 19 24 27 16 17 18 25 26 36 37 42 41 43 46 52 53 58 57 54 51 47 44 104 40 49 45 48 50 55 56 59 105 62 63 70 69 74 75 81 110 115 112 109 114 106 108 113 107 111 73 76 80 86 79 77 72 64 67 68 71 78 82 83 84 85 91 92 96 97 101 102 93 89 90 98 99 100 95 94 88 87 66 65 61 60 39 38 35 34 14 13 4 5 9 8 3 
1 2 6 7 10 11 15 103 21 22 29 30 31 32 33 28 23 20 12 19 24 27 16 17 18 25 26 36 37 42 41 43 46 52 53 58 57 54 51 47 44 104 40 49 45 48 50 55 56 59 105 62 63 70 69 74 75 81 110 115 108 106 114 109 112 113 107 111 73 76 80 86 79 77 72 64 67 68 71 78 82 83 84 85 91 92 96 97 101 102 93 89 90 98 99 100 95 94 88 87 66 65 61 60 39 38 35 34 14 13 4 5 9 8 3 
1 2 6 7 10 11 15 103 21 22 29 30 31 32 33 28 23 20 12 19 24 27 16 17 18 25 26 36 37 42 41 43 46 52 53 58 57 54 51 47 44 104 40 49 45 48 50 55 56 59 105 62 63 70 69 74 75 81 110 115 108 114 106 109 112 113 107 111 73 76 80 86 79 77 72 64 67 68 71 78 82 83 84 85 91 92 96 97 101 102 93 89 90 98 99 100 95 94 88 87 66 65 61 60 39 38 35 34 14 13 4 5 9 8 3 
1 2 6 7 10 11 15 103 21 22 29 30 31 32 33 28 23 20 12 19 24 27 16 17 18 25 26 36 37 42 41 43 46 52 53 58 57 54 51 47 44 104 40 49 45 48 50 55 56 59 105 62 63 70 69 74 75 81 110 115 112 106 109 114 108 107 113 111 73 76 80 86 79 77 72 64 67 68 71 78 82 83 84 85 91 92 96 97 101 102 93 89 90 98 99 100 95 94 88 87 66 65 61 60 39 38 35 34 14 13 4 5 9 8 3 
1 2 6 7 10 11 15 103 21 22 29 30 31 32 33 28 23 20 12 19 24 27 16 17 18 25 26 36 37 42 41 43 46 52 53 58 57 54 51 47 44 104 40 49 45 48 50 55 56 59 105 62 63 70 69 74 75 81 110 115 112 106 109 114 108 113 107 111 73 76 80 86 79 77 72 64 67 68 71 78 82 83 84 85 91 92 96 97 101 102 93 89 90 98 99 100 95 94 88 87 66 65 61 60 39 38 35 34 14 13 4 5 9 8 3 
1 2 6 7 10 11 15 103 21 22 29 30 31 32 33 28 23 20 12 19 24 27 16 17 18 25 26 36 37 42 41 43 46 52 53 58 57 54 51 47 44 104 40 49 45 48 50 55 56 59 105 62 63 70 69 74 75 81 110 115 112 106 114 109 108 107 113 111 73 76 80 86 79 77 72 64 67 68 71 78 82 83 84 85 91 92 96 97 101 102 93 89 90 98 99 100 95 94 88 87 66 65 61 60 39 38 35 34 14 13 4 5 9 8 3 
1 2 6 7 10 11 15 103 21 22 29 30 31 32 33 28 23 20 12 19 24 27 16 17 18 25 26 36 37 42 41 43 46 52 53 58 57 54 51 47 44 104 40 49 45 48 50 55 56 59 105 62 63 70 69 74 75 81 110 115 112 106 114 109 108 113 107 111 73 76 80 86 79 77 72 64 67 68 71 78 82 83 84 85 91 92 96 97 101 102 93 89 90 98 99 100 95 94 88 87 66 65 61 60 39 38 35 34 14 13 4 5 9 8 3 
1 2 6 7 10 11 15 103 21 22 29 30 31 32 33 28 23 20 12 19 24 27 16 17 18 25 26 36 37 42 41 43 46 52 53 58 57 54 51 47 44 104 40 49 45 48 50 55 56 59 105 62 63 70 69 74 75 81 110 114 106 108 109 112 115 113 107 111 73 76 80 86 79 77 72 64 67 68 71 78 82 83 84 85 91 92 96 97 101 102 93 89 90 98 99 100 95 94 88 87 66 65 61 60 39 38 35 34 14 13 4 5 9 8 3 
1 2 6 7 10 11 15 103 21 22 29 30 31 32 33 28 23 20 12 19 24 27 16 17 18 25 26 36 37 42 41 43 46 52 53 58 57 54 51 47 44 104 40 49 45 48 50 55 56 59 105 62 63 70 69 74 75 81 110 114 106 108 109 115 112 113 107 111 73 76 80 86 79 77 72 64 67 68 71 78 82 83 84 85 91 92 96 97 101 102 93 89 90 98 99 100 95 94 88 87 66 65 61 60 39 38 35 34 14 13 4 5 9 8 3 
1 2 6 7 10 11 15 103 21 22 29 30 31 32 33 28 23 20 12 19 24 27 16 17 18 25 26 36 37 42 41 43 46 52 53 58 57 54 51 47 44 104 40 49 45 48 50 55 56 59 105 62 63 70 69 74 75 81 110 114 108 106 109 112 115 113 107 111 73 76 80 86 79 77 72 64 67 68 71 78 82 83 84 85 91 92 96 97 101 102 93 89 90 98 99 100 95 94 88 87 66 65 61 60 39 38 35 34 14 13 4 5 9 8 3 
1 2 6 7 10 11 15 103 21 22 29 30 31 32 33 28 23 20 12 19 24 27 16 17 18 25 26 36 37 42 41 43 46 52 53 58 57 54 51 47 44 104 40 49 45 48 50 55 56 59 105 62 63 70 69 74 75 81 110 114 108 106 109 115 112 113 107 111 73 76 80 86 79 77 72 64 67 68 71 78 82 83 84 85 91 92 96 97 101 102 93 89 90 98 99 100 95 94 88 87 66 65 61 60 39 38 35 34 14 13 4 5 9 8 3 
1 2 6 7 10 11 15 103 21 22 29 30 31 32 33 28 23 20 12 19 24 27 16 17 18 25 26 36 37 42 41 43 46 52 53 58 57 54 51 47 44 104 40 49 45 48 50 55 56 59 105 62 63 70 69 74 75 81 110 115 112 113 107 109 106 114 108 111 73 76 80 86 79 77 72 64 67 68 71 78 82 83 84 85 91 92 96 97 101 102 93 89 90 98 99 100 95 94 88 87 66 65 61 60 39 38 35 34 14 13 4 5 9 8 3 
1 2 6 7 10 11 15 103 21 22 29 30 31 32 33 28 23 20 12 19 24 27 16 17 18 25 26 36 37 42 41 43 46 52 53 58 57 54 51 47 44 104 40 49 45 48 50 55 56 59 105 62 63 70 69 74 75 81 110 115 112 113 107 109 114 106 108 111 73 76 80 86 79 77 72 64 67 68 71 78 82 83 84 85 91 92 96 97 101 102 93 89 90 98 99 100 95 94 88 87 66 65 61 60 39 38 35 34 14 13 4 5 9 8 3 
1 2 6 7 10 11 15 103 21 22 29 30 31 32 33 28 23 20 12 19 24 27 16 17 18 25 26 36 37 42 41 43 46 52 53 58 57 54 51 47 44 104 40 49 45 48 50 55 56 59 105 62 63 70 69 74 75 81 110 115 112 113 108 106 114 109 107 111 73 76 80 86 79 77 72 64 67 68 71 78 82 83 84 85 91 92 96 97 101 102 93 89 90 98 99 100 95 94 88 87 66 65 61 60 39 38 35 34 14 13 4 5 9 8 3 
1 2 6 7 10 11 15 103 21 22 29 30 31 32 33 28 23 20 12 19 24 27 16 17 18 25 26 36 37 42 41 43 46 52 53 58 57 54 51 47 44 104 40 49 45 48 50 55 56 59 105 62 63 70 69 74 75 81 110 115 112 113 108 114 106 109 107 111 73 76 80 86 79 77 72 64 67 68 71 78 82 83 84 85 91 92 96 97 101 102 93 89 90 98 99 100 95 94 88 87 66 65 61 60 39 38 35 34 14 13 4 5 9 8 3 
1 2 6 7 10 11 15 103 21 22 29 30 31 32 33 28 23 20 12 19 24 27 16 17 18 25 26 36 37 42 41 43 46 52 53 58 57 54 51 47 44 104 40 49 45 48 50 55 56 59 105 62 63 70 69 74 75 81 110 115 108 109 114 106 112 113 107 111 73 76 80 86 79 77 72 64 67 68 71 78 82 83 84 85 91 92 96 97 101 102 93 89 90 98 99 100 95 94 88 87 66 65 61 60 39 38 35 34 14 13 4 5 9 8 3 
1 2 6 7 10 11 15 103 21 22 29 30 31 32 33 28 23 20 12 19 24 27 16 17 18 25 26 36 37 42 41 43 46 52 53 58 57 54 51 47 44 104 40 49 45 48 50 55 56 59 105 62 63 70 69 74 75 81 110 115 108 114 109 106 112 113 107 111 73 76 80 86 79 77 72 64 67 68 71 78 82 83 84 85 91 92 96 97 101 102 93 89 90 98 99 100 95 94 88 87 66 65 61 60 39 38 35 34 14 13 4 5 9 8 3 
1 2 6 7 10 11 15 103 21 22 29 30 31 32 33 28 23 20 12 19 24 27 16 17 18 25 26 36 37 42 41 43 46 52 53 58 57 54 51 47 44 104 40 49 45 48 50 55 56 59 105 62 63 70 69 74 75 81 110 107 113 106 109 114 108 115 112 111 73 76 80 86 79 77 72 64 67 68 71 78 82 83 84 85 91 92 96 97 101 102 93 89 90 98 99 100 95 94 88 87 66 65 61 60 39 38 35 34 14 13 4 5 9 8 3 
1 2 6 7 10 11 15 103 21 22 29 30 31 32 33 28 23 20 12 19 24 27 16 17 18 25 26 36 37 42 41 43 46 52 53 58 57 54 51 47 44 104 40 49 45 48 50 55 56 59 105 62 63 70 69 74 75 81 110 107 113 106 114 109 108 115 112 111 73 76 80 86 79 77 72 64 67 68 71 78 82 83 84 85 91 92 96 97 101 102 93 89 90 98 99 100 95 94 88 87 66 65 61 60 39 38 35 34 14 13 4 5 9 8 3 
1 2 6 7 10 11 15 103 21 22 29 30 31 32 33 28 23 20 12 19 24 27 16 17 18 25 26 36 37 42 41 43 46 52 53 58 57 54 51 47 44 104 40 49 45 48 50 55 56 59 105 62 63 70 69 74 75 81 110 107 113 112 115 106 108 114 109 111 73 76 80 86 79 77 72 64 67 68 71 78 82 83 84 85 91 92 96 97 101 102 93 89 90 98 99 100 95 94 88 87 66 65 61 60 39 38 35 34 14 13 4 5 9 8 3 
1 2 6 7 10 11 15 103 21 22 29 30 31 32 33 28 23 20 12 19 24 27 16 17 18 25 26 36 37 42 41 43 46 52 53 58 57 54 51 47 44 104 40 49 45 48 50 55 56 59 105 62 63 70 69 74 75 81 110 107 113 112 115 106 114 108 109 111 73 76 80 86 79 77 72 64 67 68 71 78 82 83 84 85 91 92 96 97 101 102 93 89 90 98 99 100 95 94 88 87 66 65 61 60 39 38 35 34 14 13 4 5 9 8 3 
1 2 6 7 10 11 15 103 21 22 29 30 31 32 33 28 23 20 12 19 24 27 16 17 18 25 26 36 37 42 41 43 46 52 53 58 57 54 51 47 44 104 40 49 45 48 50 55 56 59 105 62 63 70 69 74 75 81 110 114 106 109 108 107 113 115 112 111 73 76 80 86 79 77 72 64 67 68 71 78 82 83 84 85 91 92 96 97 101 102 93 89 90 98 99 100 95 94 88 87 66 65 61 60 39 38 35 34 14 13 4 5 9 8 3 
1 2 6 7 10 11 15 103 21 22 29 30 31 32 33 28 23 20 12 19 24 27 16 17 18 25 26 36 37 42 41 43 46 52 53 58 57 54 51 47 44 104 40 49 45 48 50 55 56 59 105 62 63 70 69 74 75 81 110 114 108 109 106 112 115 113 107 111 73 76 80 86 79 77 72 64 67 68 71 78 82 83 84 85 91 92 96 97 101 102 93 89 90 98 99 100 95 94 88 87 66 65 61 60 39 38 35 34 14 13 4 5 9 8 3 
1 2 6 7 10 11 15 103 21 22 29 30 31 32 33 28 23 20 12 19 24 27 16 17 18 25 26 36 37 42 41 43 46 52 53 58 57 54 51 47 44 104 40 49 45 48 50 55 56 59 105 62 63 70 69 74 75 81 110 114 109 106 108 107 113 115 112 111 73 76 80 86 79 77 72 64 67 68 71 78 82 83 84 85 91 92 96 97 101 102 93 89 90 98 99 100 95 94 88 87 66 65 61 60 39 38 35 34 14 13 4 5 9 8 3 
1 2 6 7 10 11 15 103 21 22 29 30 31 32 33 28 23 20 12 19 24 27 16 17 18 25 26 36 37 42 41 43 46 52 53 58 57 54 51 47 44 104 40 49 45 48 50 55 56 59 105 62 63 70 69 74 75 81 110 114 109 108 106 112 115 113 107 111 73 76 80 86 79 77 72 64 67 68 71 78 82 83 84 85 91 92 96 97 101 102 93 89 90 98 99 100 95 94 88 87 66 65 61 60 39 38 35 34 14 13 4 5 9 8 3 
1 2 6 7 10 11 15 103 21 22 29 30 31 32 33 28 23 20 12 19 24 27 16 17 18 25 26 36 37 42 41 43 46 52 53 58 57 54 51 47 44 104 40 49 45 48 50 55 56 59 105 62 63 70 69 74 75 81 110 113 112 115 114 106 109 108 107 111 73 76 80 86 79 77 72 64 67 68 71 78 82 83 84 85 91 92 96 97 101 102 93 89 90 98 99 100 95 94 88 87 66 65 61 60 39 38 35 34 14 13 4 5 9 8 3 
1 2 6 7 10 11 15 103 21 22 29 30 31 32 33 28 23 20 12 19 24 27 16 17 18 25 26 36 37 42 41 43 46 52 53 58 57 54 51 47 44 104 40 49 45 48 50 55 56 59 105 62 63 70 69 74 75 81 110 113 112 115 114 109 106 108 107 111 73 76 80 86 79 77 72 64 67 68 71 78 82 83 84 85 91 92 96 97 101 102 93 89 90 98 99 100 95 94 88 87 66 65 61 60 39 38 35 34 14 13 4 5 9 8 3 
1 2 6 7 10 11 15 103 21 22 29 30 31 32 33 28 23 20 12 19 24 27 16 17 18 25 26 36 37 42 41 43 46 52 53 58 57 54 51 47 44 104 40 49 45 48 50 55 56 59 105 62 63 70 69 74 75 81 110 108 106 109 114 107 113 112 115 111 73 76 80 86 79 77 72 64 67 68 71 78 82 83 84 85 91 92 96 97 101 102 93 89 90 98 99 100 95 94 88 87 66 65 61 60 39 38 35 34 14 13 4 5 9 8 3 
1 2 6 7 10 11 15 103 21 22 29 30 31 32 33 28 23 20 12 19 24 27 16 17 18 25 26 36 37 42 41 43 46 52 53 58 57 54 51 47 44 104 40 49 45 48 50 55 56 59 105 62 63 70 69 74 75 81 110 108 109 106 114 107 113 112 115 111 73 76 80 86 79 77 72 64 67 68 71 78 82 83 84 85 91 92 96 97 101 102 93 89 90 98 99 100 95 94 88 87 66 65 61 60 39 38 35 34 14 13 4 5 9 8 3 
1 2 6 7 10 11 15 103 21 22 29 30 31 32 33 28 23 20 12 19 24 27 16 17 18 25 26 36 37 42 41 43 46 52 53 58 57 54 51 47 44 104 40 49 45 48 50 55 56 59 105 62 63 70 69 74 75 81 110 115 114 106 108 109 112 113 107 111 73 76 80 86 79 77 72 64 67 68 71 78 82 83 84 85 91 92 96 97 101 102 93 89 90 98 99 100 95 94 88 87 66 65 61 60 39 38 35 34 14 13 4 5 9 8 3 
1 2 6 7 10 11 15 103 21 22 29 30 31 32 33 28 23 20 12 19 24 27 16 17 18 25 26 36 37 42 41 43 46 52 53 58 57 54 51 47 44 104 40 49 45 48 50 55 56 59 105 62 63 70 69 74 75 81 110 115 114 108 106 109 112 113 107 111 73 76 80 86 79 77 72 64 67 68 71 78 82 83 84 85 91 92 96 97 101 102 93 89 90 98 99 100 95 94 88 87 66 65 61 60 39 38 35 34 14 13 4 5 9 8 3 
1 2 6 7 10 11 15 103 21 22 29 30 31 32 33 28 23 20 12 19 24 27 16 17 18 25 26 36 37 42 41 43 46 52 53 58 57 54 51 47 44 104 40 49 45 48 50 55 56 59 105 62 63 70 69 74 75 81 110 114 106 108 109 112 115 107 113 111 73 76 80 86 79 77 72 64 67 68 71 78 82 83 84 85 91 92 96 97 101 102 93 89 90 98 99 100 95 94 88 87 66 65 61 60 39 38 35 34 14 13 4 5 9 8 3 
1 2 6 7 10 11 15 103 21 22 29 30 31 32 33 28 23 20 12 19 24 27 16 17 18 25 26 36 37 42 41 43 46 52 53 58 57 54 51 47 44 104 40 49 45 48 50 55 56 59 105 62 63 70 69 74 75 81 110 114 106 109 108 107 115 112 113 111 73 76 80 86 79 77 72 64 67 68 71 78 82 83 84 85 91 92 96 97 101 102 93 89 90 98 99 100 95 94 88 87 66 65 61 60 39 38 35 34 14 13 4 5 9 8 3 
1 2 6 7 10 11 15 103 21 22 29 30 31 32 33 28 23 20 12 19 24 27 16 17 18 25 26 36 37 42 41 43 46 52 53 58 57 54 51 47 44 104 40 49 45 48 50 55 56 59 105 62 63 70 69 74 75 81 110 114 106 109 108 113 112 115 107 111 73 76 80 86 79 77 72 64 67 68 71 78 82 83 84 85 91 92 96 97 101 102 93 89 90 98 99 100 95 94 88 87 66 65 61 60 39 38 35 34 14 13 4 5 9 8 3 
1 2 6 7 10 11 15 103 21 22 29 30 31 32 33 28 23 20 12 19 24 27 16 17 18 25 26 36 37 42 41 43 46 52 53 58 57 54 51 47 44 104 40 49 45 48 50 55 56 59 105 62 63 70 69 74 75 81 110 114 108 106 109 112 115 107 113 111 73 76 80 86 79 77 72 64 67 68 71 78 82 83 84 85 91 92 96 97 101 102 93 89 90 98 99 100 95 94 88 87 66 65 61 60 39 38 35 34 14 13 4 5 9 8 3 
1 2 6 7 10 11 15 103 21 22 29 30 31 32 33 28 23 20 12 19 24 27 16 17 18 25 26 36 37 42 41 43 46 52 53 58 57 54 51 47 44 104 40 49 45 48 50 55 56 59 105 62 63 70 69 74 75 81 110 114 109 106 108 107 115 112 113 111 73 76 80 86 79 77 72 64 67 68 71 78 82 83 84 85 91 92 96 97 101 102 93 89 90 98 99 100 95 94 88 87 66 65 61 60 39 38 35 34 14 13 4 5 9 8 3 
1 2 6 7 10 11 15 103 21 22 29 30 31 32 33 28 23 20 12 19 24 27 16 17 18 25 26 36 37 42 41 43 46 52 53 58 57 54 51 47 44 104 40 49 45 48 50 55 56 59 105 62 63 70 69 74 75 81 110 114 109 106 108 113 112 115 107 111 73 76 80 86 79 77 72 64 67 68 71 78 82 83 84 85 91 92 96 97 101 102 93 89 90 98 99 100 95 94 88 87 66 65 61 60 39 38 35 34 14 13 4 5 9 8 3 
1 2 6 7 10 11 15 103 21 22 29 30 31 32 33 28 23 20 12 19 24 27 16 17 18 25 26 36 37 42 41 43 46 52 53 58 57 54 51 47 44 104 40 49 45 48 50 55 56 59 105 62 63 70 69 74 75 81 110 113 107 108 106 109 114 115 112 111 73 76 80 86 79 77 72 64 67 68 71 78 82 83 84 85 91 92 96 97 101 102 93 89 90 98 99 100 95 94 88 87 66 65 61 60 39 38 35 34 14 13 4 5 9 8 3 
1 2 6 7 10 11 15 103 21 22 29 30 31 32 33 28 23 20 12 19 24 27 16 17 18 25 26 36 37 42 41 43 46 52 53 58 57 54 51 47 44 104 40 49 45 48 50 55 56 59 105 62 63 70 69 74 75 81 110 113 107 108 109 106 114 115 112 111 73 76 80 86 79 77 72 64 67 68 71 78 82 83 84 85 91 92 96 97 101 102 93 89 90 98 99 100 95 94 88 87 66 65 61 60 39 38 35 34 14 13 4 5 9 8 3 
1 2 6 7 10 11 15 103 21 22 29 30 31 32 33 28 23 20 12 19 24 27 16 17 18 25 26 36 37 42 41 43 46 52 53 58 57 54 51 47 44 104 40 49 45 48 50 55 56 59 105 62 63 70 69 74 75 81 110 114 106 108 109 112 113 107 115 111 73 76 80 86 79 77 72 64 67 68 71 78 82 83 84 85 91 92 96 97 101 102 93 89 90 98 99 100 95 94 88 87 66 65 61 60 39 38 35 34 14 13 4 5 9 8 3 
1 2 6 7 10 11 15 103 21 22 29 30 31 32 33 28 23 20 12 19 24 27 16 17 18 25 26 36 37 42 41 43 46 52 53 58 57 54 51 47 44 104 40 49 45 48 50 55 56 59 105 62 63 70 69 74 75 81 110 114 108 106 109 112 113 107 115 111 73 76 80 86 79 77 72 64 67 68 71 78 82 83 84 85 91 92 96 97 101 102 93 89 90 98 99 100 95 94 88 87 66 65 61 60 39 38 35 34 14 13 4 5 9 8 3 
1 2 6 7 10 11 15 103 21 22 29 30 31 32 33 28 23 20 12 19 24 27 16 17 18 25 26 36 37 42 41 43 46 52 53 58 57 54 51 47 44 104 40 49 45 48 50 55 56 59 105 62 63 70 69 74 75 81 110 115 114 106 109 108 107 113 112 111 73 76 80 86 79 77 72 64 67 68 71 78 82 83 84 85 91 92 96 97 101 102 93 89 90 98 99 100 95 94 88 87 66 65 61 60 39 38 35 34 14 13 4 5 9 8 3 
1 2 6 7 10 11 15 103 21 22 29 30 31 32 33 28 23 20 12 19 24 27 16 17 18 25 26 36 37 42 41 43 46 52 53 58 57 54 51 47 44 104 40 49 45 48 50 55 56 59 105 62 63 70 69 74 75 81 110 115 114 108 109 106 112 113 107 111 73 76 80 86 79 77 72 64 67 68 71 78 82 83 84 85 91 92 96 97 101 102 93 89 90 98 99 100 95 94 88 87 66 65 61 60 39 38 35 34 14 13 4 5 9 8 3 
1 2 6 7 10 11 15 103 21 22 29 30 31 32 33 28 23 20 12 19 24 27 16 17 18 25 26 36 37 42 41 43 46 52 53 58 57 54 51 47 44 104 40 49 45 48 50 55 56 59 105 62 63 70 69 74 75 81 110 115 114 109 106 108 107 113 112 111 73 76 80 86 79 77 72 64 67 68 71 78 82 83 84 85 91 92 96 97 101 102 93 89 90 98 99 100 95 94 88 87 66 65 61 60 39 38 35 34 14 13 4 5 9 8 3 
1 2 6 7 10 11 15 103 21 22 29 30 31 32 33 28 23 20 12 19 24 27 16 17 18 25 26 36 37 42 41 43 46 52 53 58 57 54 51 47 44 104 40 49 45 48 50 55 56 59 105 62 63 70 69 74 75 81 110 115 114 109 108 106 112 113 107 111 73 76 80 86 79 77 72 64 67 68 71 78 82 83 84 85 91 92 96 97 101 102 93 89 90 98 99 100 95 94 88 87 66 65 61 60 39 38 35 34 14 13 4 5 9 8 3 
1 2 6 7 10 11 15 103 21 22 29 30 31 32 33 28 23 20 12 19 24 27 16 17 18 25 26 36 37 42 41 43 46 52 53 58 57 54 51 47 44 104 40 49 45 48 50 55 56 59 105 62 63 70 69 74 75 81 110 114 106 109 108 113 107 115 112 111 73 76 80 86 79 77 72 64 67 68 71 78 82 83 84 85 91 92 96 97 101 102 93 89 90 98 99 100 95 94 88 87 66 65 61 60 39 38 35 34 14 13 4 5 9 8 3 
1 2 6 7 10 11 15 103 21 22 29 30 31 32 33 28 23 20 12 19 24 27 16 17 18 25 26 36 37 42 41 43 46 52 53 58 57 54 51 47 44 104 40 49 45 48 50 55 56 59 105 62 63 70 69 74 75 81 110 114 108 109 106 112 115 107 113 111 73 76 80 86 79 77 72 64 67 68 71 78 82 83 84 85 91 92 96 97 101 102 93 89 90 98 99 100 95 94 88 87 66 65 61 60 39 38 35 34 14 13 4 5 9 8 3 
1 2 6 7 10 11 15 103 21 22 29 30 31 32 33 28 23 20 12 19 24 27 16 17 18 25 26 36 37 42 41 43 46 52 53 58 57 54 51 47 44 104 40 49 45 48 50 55 56 59 105 62 63 70 69 74 75 81 110 114 109 106 108 113 107 115 112 111 73 76 80 86 79 77 72 64 67 68 71 78 82 83 84 85 91 92 96 97 101 102 93 89 90 98 99 100 95 94 88 87 66 65 61 60 39 38 35 34 14 13 4 5 9 8 3 
1 2 6 7 10 11 15 103 21 22 29 30 31 32 33 28 23 20 12 19 24 27 16 17 18 25 26 36 37 42 41 43 46 52 53 58 57 54 51 47 44 104 40 49 45 48 50 55 56 59 105 62 63 70 69 74 75 81 110 114 109 108 106 112 115 107 113 111 73 76 80 86 79 77 72 64 67 68 71 78 82 83 84 85 91 92 96 97 101 102 93 89 90 98 99 100 95 94 88 87 66 65 61 60 39 38 35 34 14 13 4 5 9 8 3 
1 2 6 7 10 11 15 103 21 22 29 30 31 32 33 28 23 20 12 19 24 27 16 17 18 25 26 36 37 42 41 43 46 52 53 58 57 54 51 47 44 104 40 49 45 48 50 55 56 59 105 62 63 70 69 74 75 81 110 113 112 115 108 106 109 114 107 111 73 76 80 86 79 77 72 64 67 68 71 78 82 83 84 85 91 92 96 97 101 102 93 89 90 98 99 100 95 94 88 87 66 65 61 60 39 38 35 34 14 13 4 5 9 8 3 
1 2 6 7 10 11 15 103 21 22 29 30 31 32 33 28 23 20 12 19 24 27 16 17 18 25 26 36 37 42 41 43 46 52 53 58 57 54 51 47 44 104 40 49 45 48 50 55 56 59 105 62 63 70 69 74 75 81 110 113 112 115 108 109 106 114 107 111 73 76 80 86 79 77 72 64 67 68 71 78 82 83 84 85 91 92 96 97 101 102 93 89 90 98 99 100 95 94 88 87 66 65 61 60 39 38 35 34 14 13 4 5 9 8 3 
1 2 6 7 10 11 15 103 21 22 29 30 31 32 33 28 23 20 12 19 24 27 16 17 18 25 26 36 37 42 41 43 46 52 53 58 57 54 51 47 44 104 40 49 45 48 50 55 56 59 105 62 63 70 69 74 75 81 110 115 112 109 106 108 114 107 113 111 73 76 80 86 79 77 72 64 67 68 71 78 82 83 84 85 91 92 96 97 101 102 93 89 90 98 99 100 95 94 88 87 66 65 61 60 39 38 35 34 14 13 4 5 9 8 3 
1 2 6 7 10 11 15 103 21 22 29 30 31 32 33 28 23 20 12 19 24 27 16 17 18 25 26 36 37 42 41 43 46 52 53 58 57 54 51 47 44 104 40 49 45 48 50 55 56 59 105 62 63 70 69 74 75 81 110 115 112 109 108 106 114 107 113 111 73 76 80 86 79 77 72 64 67 68 71 78 82 83 84 85 91 92 96 97 101 102 93 89 90 98 99 100 95 94 88 87 66 65 61 60 39 38 35 34 14 13 4 5 9 8 3 
1 2 6 7 10 11 15 103 21 22 29 30 31 32 33 28 23 20 12 19 24 27 16 17 18 25 26 36 37 42 41 43 46 52 53 58 57 54 51 47 44 104 40 49 45 48 50 55 56 59 105 62 63 70 69 74 75 81 110 115 112 113 107 114 106 109 108 111 73 76 80 86 79 77 72 64 67 68 71 78 82 83 84 85 91 92 96 97 101 102 93 89 90 98 99 100 95 94 88 87 66 65 61 60 39 38 35 34 14 13 4 5 9 8 3 
1 2 6 7 10 11 15 103 21 22 29 30 31 32 33 28 23 20 12 19 24 27 16 17 18 25 26 36 37 42 41 43 46 52 53 58 57 54 51 47 44 104 40 49 45 48 50 55 56 59 105 62 63 70 69 74 75 81 110 115 112 113 107 114 109 106 108 111 73 76 80 86 79 77 72 64 67 68 71 78 82 83 84 85 91 92 96 97 101 102 93 89 90 98 99 100 95 94 88 87 66 65 61 60 39 38 35 34 14 13 4 5 9 8 3 
1 2 6 7 10 11 15 103 21 22 29 30 31 32 33 28 23 20 12 19 24 27 16 17 18 25 26 36 37 42 41 43 46 52 53 58 57 54 51 47 44 104 40 49 45 48 50 55 56 59 105 62 63 70 69 74 75 81 110 115 112 113 108 106 109 114 107 111 73 76 80 86 79 77 72 64 67 68 71 78 82 83 84 85 91 92 96 97 101 102 93 89 90 98 99 100 95 94 88 87 66 65 61 60 39 38 35 34 14 13 4 5 9 8 3 
1 2 6 7 10 11 15 103 21 22 29 30 31 32 33 28 23 20 12 19 24 27 16 17 18 25 26 36 37 42 41 43 46 52 53 58 57 54 51 47 44 104 40 49 45 48 50 55 56 59 105 62 63 70 69 74 75 81 110 115 112 113 108 109 106 114 107 111 73 76 80 86 79 77 72 64 67 68 71 78 82 83 84 85 91 92 96 97 101 102 93 89 90 98 99 100 95 94 88 87 66 65 61 60 39 38 35 34 14 13 4 5 9 8 3 
1 2 6 7 10 11 15 103 21 22 29 30 31 32 33 28 23 20 12 19 24 27 16 17 18 25 26 36 37 42 41 43 46 52 53 58 57 54 51 47 44 104 40 49 45 48 50 55 56 59 105 62 63 70 69 74 75 81 110 115 114 106 108 109 107 113 112 111 73 76 80 86 79 77 72 64 67 68 71 78 82 83 84 85 91 92 96 97 101 102 93 89 90 98 99 100 95 94 88 87 66 65 61 60 39 38 35 34 14 13 4 5 9 8 3 
1 2 6 7 10 11 15 103 21 22 29 30 31 32 33 28 23 20 12 19 24 27 16 17 18 25 26 36 37 42 41 43 46 52 53 58 57 54 51 47 44 104 40 49 45 48 50 55 56 59 105 62 63 70 69 74 75 81 110 115 114 108 106 109 107 113 112 111 73 76 80 86 79 77 72 64 67 68 71 78 82 83 84 85 91 92 96 97 101 102 93 89 90 98 99 100 95 94 88 87 66 65 61 60 39 38 35 34 14 13 4 5 9 8 3 
1 2 6 7 10 11 15 103 21 22 29 30 31 32 33 28 23 20 12 19 24 27 16 17 18 25 26 36 37 42 41 43 46 52 53 58 57 54 51 47 44 104 40 49 45 48 50 55 56 59 105 62 63 70 69 74 75 81 110 113 107 114 106 109 108 115 112 111 73 76 80 86 79 77 72 64 67 68 71 78 82 83 84 85 91 92 96 97 101 102 93 89 90 98 99 100 95 94 88 87 66 65 61 60 39 38 35 34 14 13 4 5 9 8 3 
1 2 6 7 10 11 15 103 21 22 29 30 31 32 33 28 23 20 12 19 24 27 16 17 18 25 26 36 37 42 41 43 46 52 53 58 57 54 51 47 44 104 40 49 45 48 50 55 56 59 105 62 63 70 69 74 75 81 110 113 107 114 109 106 108 115 112 111 73 76 80 86 79 77 72 64 67 68 71 78 82 83 84 85 91 92 96 97 101 102 93 89 90 98 99 100 95 94 88 87 66 65 61 60 39 38 35 34 14 13 4 5 9 8 3 
1 2 6 7 10 11 15 103 21 22 29 30 31 32 33 28 23 20 12 19 24 27 16 17 18 25 26 36 37 42 41 43 46 52 53 58 57 54 51 47 44 104 40 49 45 48 50 55 56 59 105 62 63 70 69 74 75 81 110 115 112 106 108 109 114 107 113 111 73 76 80 86 79 77 72 64 67 68 71 78 82 83 84 85 91 92 96 97 101 102 93 89 90 98 99 100 95 94 88 87 66 65 61 60 39 38 35 34 14 13 4 5 9 8 3 
1 2 6 7 10 11 15 103 21 22 29 30 31 32 33 28 23 20 12 19 24 27 16 17 18 25 26 36 37 42 41 43 46 52 53 58 57 54 51 47 44 104 40 49 45 48 50 55 56 59 105 62 63 70 69 74 75 81 110 115 112 106 109 108 114 107 113 111 73 76 80 86 79 77 72 64 67 68 71 78 82 83 84 85 91 92 96 97 101 102 93 89 90 98 99 100 95 94 88 87 66 65 61 60 39 38 35 34 14 13 4 5 9 8 3 
1 2 6 7 10 11 15 103 21 22 29 30 31 32 33 28 23 20 12 19 24 27 16 17 18 25 26 36 37 42 41 43 46 52 53 58 57 54 51 47 44 104 40 49 45 48 50 55 56 59 105 62 63 70 69 74 75 81 110 107 108 109 114 106 115 112 113 111 73 76 80 86 79 77 72 64 67 68 71 78 82 83 84 85 91 92 96 97 101 102 93 89 90 98 99 100 95 94 88 87 66 65 61 60 39 38 35 34 14 13 4 5 9 8 3 
1 2 6 7 10 11 15 103 21 22 29 30 31 32 33 28 23 20 12 19 24 27 16 17 18 25 26 36 37 42 41 43 46 52 53 58 57 54 51 47 44 104 40 49 45 48 50 55 56 59 105 62 63 70 69 74 75 81 110 107 108 114 109 106 115 112 113 111 73 76 80 86 79 77 72 64 67 68 71 78 82 83 84 85 91 92 96 97 101 102 93 89 90 98 99 100 95 94 88 87 66 65 61 60 39 38 35 34 14 13 4 5 9 8 3 
1 2 6 7 10 11 15 103 21 22 29 30 31 32 33 28 23 20 12 19 24 27 16 17 18 25 26 36 37 42 41 43 46 52 53 58 57 54 51 47 44 104 40 49 45 48 50 55 56 59 105 62 63 70 69 74 75 81 110 107 113 112 115 106 109 114 108 111 73 76 80 86 79 77 72 64 67 68 71 78 82 83 84 85 91 92 96 97 101 102 93 89 90 98 99 100 95 94 88 87 66 65 61 60 39 38 35 34 14 13 4 5 9 8 3 
1 2 6 7 10 11 15 103 21 22 29 30 31 32 33 28 23 20 12 19 24 27 16 17 18 25 26 36 37 42 41 43 46 52 53 58 57 54 51 47 44 104 40 49 45 48 50 55 56 59 105 62 63 70 69 74 75 81 110 107 113 112 115 106 114 109 108 111 73 76 80 86 79 77 72 64 67 68 71 78 82 83 84 85 91 92 96 97 101 102 93 89 90 98 99 100 95 94 88 87 66 65 61 60 39 38 35 34 14 13 4 5 9 8 3 
1 2 6 7 10 11 15 103 21 22 29 30 31 32 33 28 23 20 12 19 24 27 16 17 18 25 26 36 37 42 41 43 46 52 53 58 57 54 51 47 44 104 40 49 45 48 50 55 56 59 105 62 63 70 69 74 75 81 110 114 108 109 106 115 112 113 107 111 73 76 80 86 79 77 72 64 67 68 71 78 82 83 84 85 91 92 96 97 101 102 93 89 90 98 99 100 95 94 88 87 66 65 61 60 39 38 35 34 14 13 4 5 9 8 3 
1 2 6 7 10 11 15 103 21 22 29 30 31 32 33 28 23 20 12 19 24 27 16 17 18 25 26 36 37 42 41 43 46 52 53 58 57 54 51 47 44 104 40 49 45 48 50 55 56 59 105 62 63 70 69 74 75 81 110 114 109 108 106 115 112 113 107 111 73 76 80 86 79 77 72 64 67 68 71 78 82 83 84 85 91 92 96 97 101 102 93 89 90 98 99 100 95 94 88 87 66 65 61 60 39 38 35 34 14 13 4 5 9 8 3 
1 2 6 7 10 11 15 103 21 22 29 30 31 32 33 28 23 20 12 19 24 27 16 17 18 25 26 36 37 42 41 43 46 52 53 58 57 54 51 47 44 104 40 49 45 48 50 55 56 59 105 62 63 70 69 74 75 81 110 114 106 109 108 115 112 113 107 111 73 76 80 86 79 77 72 64 67 68 71 78 82 83 84 85 91 92 96 97 101 102 93 89 90 98 99 100 95 94 88 87 66 65 61 60 39 38 35 34 14 13 4 5 9 8 3 
1 2 6 7 10 11 15 103 21 22 29 30 31 32 33 28 23 20 12 19 24 27 16 17 18 25 26 36 37 42 41 43 46 52 53 58 57 54 51 47 44 104 40 49 45 48 50 55 56 59 105 62 63 70 69 74 75 81 110 114 109 106 108 115 112 113 107 111 73 76 80 86 79 77 72 64 67 68 71 78 82 83 84 85 91 92 96 97 101 102 93 89 90 98 99 100 95 94 88 87 66 65 61 60 39 38 35 34 14 13 4 5 9 8 3 
1 2 6 7 10 11 15 103 21 22 29 30 31 32 33 28 23 20 12 19 24 27 16 17 18 25 26 36 37 42 41 43 46 52 53 58 57 54 51 47 44 104 40 49 45 48 50 55 56 59 105 62 63 70 69 74 75 81 110 114 106 109 108 107 113 112 115 111 73 76 80 86 79 77 72 64 67 68 71 78 82 83 84 85 91 92 96 97 101 102 93 89 90 98 99 100 95 94 88 87 66 65 61 60 39 38 35 34 14 13 4 5 9 8 3 
1 2 6 7 10 11 15 103 21 22 29 30 31 32 33 28 23 20 12 19 24 27 16 17 18 25 26 36 37 42 41 43 46 52 53 58 57 54 51 47 44 104 40 49 45 48 50 55 56 59 105 62 63 70 69 74 75 81 110 114 109 106 108 107 113 112 115 111 73 76 80 86 79 77 72 64 67 68 71 78 82 83 84 85 91 92 96 97 101 102 93 89 90 98 99 100 95 94 88 87 66 65 61 60 39 38 35 34 14 13 4 5 9 8 3 
1 2 6 7 10 11 15 103 21 22 29 30 31 32 33 28 23 20 12 19 24 27 16 17 18 25 26 36 37 42 41 43 46 52 53 58 57 54 51 47 44 104 40 49 45 48 50 55 56 59 105 62 63 70 69 74 75 81 110 107 113 108 109 114 106 112 115 111 73 76 80 86 79 77 72 64 67 68 71 78 82 83 84 85 91 92 96 97 101 102 93 89 90 98 99 100 95 94 88 87 66 65 61 60 39 38 35 34 14 13 4 5 9 8 3 
1 2 6 7 10 11 15 103 21 22 29 30 31 32 33 28 23 20 12 19 24 27 16 17 18 25 26 36 37 42 41 43 46 52 53 58 57 54 51 47 44 104 40 49 45 48 50 55 56 59 105 62 63 70 69 74 75 81 110 107 113 108 114 109 106 112 115 111 73 76 80 86 79 77 72 64 67 68 71 78 82 83 84 85 91 92 96 97 101 102 93 89 90 98 99 100 95 94 88 87 66 65 61 60 39 38 35 34 14 13 4 5 9 8 3 
1 2 6 7 10 11 15 103 21 22 29 30 31 32 33 28 23 20 12 19 24 27 16 17 18 25 26 36 37 42 41 43 46 52 53 58 57 54 51 47 44 104 40 49 45 48 50 55 56 59 105 62 63 70 69 74 75 81 110 107 109 106 114 108 113 112 115 111 73 76 80 86 79 77 72 64 67 68 71 78 82 83 84 85 91 92 96 97 101 102 93 89 90 98 99 100 95 94 88 87 66 65 61 60 39 38 35 34 14 13 4 5 9 8 3 
1 2 6 7 10 11 15 103 21 22 29 30 31 32 33 28 23 20 12 19 24 27 16 17 18 25 26 36 37 42 41 43 46 52 53 58 57 54 51 47 44 104 40 49 45 48 50 55 56 59 105 62 63 70 69 74 75 81 110 107 109 114 106 108 113 112 115 111 73 76 80 86 79 77 72 64 67 68 71 78 82 83 84 85 91 92 96 97 101 102 93 89 90 98 99 100 95 94 88 87 66 65 61 60 39 38 35 34 14 13 4 5 9 8 3 
1 2 6 7 10 11 15 103 21 22 29 30 31 32 33 28 23 20 12 19 24 27 16 17 18 25 26 36 37 42 41 43 46 52 53 58 57 54 51 47 44 104 40 49 45 48 50 55 56 59 105 62 63 70 69 74 75 81 110 114 106 108 109 107 113 112 115 111 73 76 80 86 79 77 72 64 67 68 71 78 82 83 84 85 91 92 96 97 101 102 93 89 90 98 99 100 95 94 88 87 66 65 61 60 39 38 35 34 14 13 4 5 9 8 3 
1 2 6 7 10 11 15 103 21 22 29 30 31 32 33 28 23 20 12 19 24 27 16 17 18 25 26 36 37 42 41 43 46 52 53 58 57 54 51 47 44 104 40 49 45 48 50 55 56 59 105 62 63 70 69 74 75 81 110 114 108 106 109 107 113 112 115 111 73 76 80 86 79 77 72 64 67 68 71 78 82 83 84 85 91 92 96 97 101 102 93 89 90 98 99 100 95 94 88 87 66 65 61 60 39 38 35 34 14 13 4 5 9 8 3 
1 2 6 7 10 11 15 103 21 22 29 30 31 32 33 28 23 20 12 19 24 27 16 17 18 25 26 36 37 42 41 43 46 52 53 58 57 54 51 47 44 104 40 49 45 48 50 55 56 59 105 62 63 70 69 74 75 81 110 107 108 106 109 114 115 112 113 111 73 76 80 86 79 77 72 64 67 68 71 78 82 83 84 85 91 92 96 97 101 102 93 89 90 98 99 100 95 94 88 87 66 65 61 60 39 38 35 34 14 13 4 5 9 8 3 
1 2 6 7 10 11 15 103 21 22 29 30 31 32 33 28 23 20 12 19 24 27 16 17 18 25 26 36 37 42 41 43 46 52 53 58 57 54 51 47 44 104 40 49 45 48 50 55 56 59 105 62 63 70 69 74 75 81 110 107 108 109 106 114 115 112 113 111 73 76 80 86 79 77 72 64 67 68 71 78 82 83 84 85 91 92 96 97 101 102 93 89 90 98 99 100 95 94 88 87 66 65 61 60 39 38 35 34 14 13 4 5 9 8 3 
1 2 6 7 10 11 15 103 21 22 29 30 31 32 33 28 23 20 12 19 24 27 16 17 18 25 26 36 37 42 41 43 46 52 53 58 57 54 51 47 44 104 40 49 45 48 50 55 56 59 105 62 63 70 69 74 75 81 110 107 113 112 115 114 106 109 108 111 73 76 80 86 79 77 72 64 67 68 71 78 82 83 84 85 91 92 96 97 101 102 93 89 90 98 99 100 95 94 88 87 66 65 61 60 39 38 35 34 14 13 4 5 9 8 3 
1 2 6 7 10 11 15 103 21 22 29 30 31 32 33 28 23 20 12 19 24 27 16 17 18 25 26 36 37 42 41 43 46 52 53 58 57 54 51 47 44 104 40 49 45 48 50 55 56 59 105 62 63 70 69 74 75 81 110 107 113 112 115 114 109 106 108 111 73 76 80 86 79 77 72 64 67 68 71 78 82 83 84 85 91 92 96 97 101 102 93 89 90 98 99 100 95 94 88 87 66 65 61 60 39 38 35 34 14 13 4 5 9 8 3 
1 2 6 7 10 11 15 103 21 22 29 30 31 32 33 28 23 20 12 19 24 27 16 17 18 25 26 36 37 42 41 43 46 52 53 58 57 54 51 47 44 104 40 49 45 48 50 55 56 59 105 62 63 70 69 74 75 81 110 114 106 109 108 115 112 107 113 111 73 76 80 86 79 77 72 64 67 68 71 78 82 83 84 85 91 92 96 97 101 102 93 89 90 98 99 100 95 94 88 87 66 65 61 60 39 38 35 34 14 13 4 5 9 8 3 
1 2 6 7 10 11 15 103 21 22 29 30 31 32 33 28 23 20 12 19 24 27 16 17 18 25 26 36 37 42 41 43 46 52 53 58 57 54 51 47 44 104 40 49 45 48 50 55 56 59 105 62 63 70 69 74 75 81 110 114 109 106 108 115 112 107 113 111 73 76 80 86 79 77 72 64 67 68 71 78 82 83 84 85 91 92 96 97 101 102 93 89 90 98 99 100 95 94 88 87 66 65 61 60 39 38 35 34 14 13 4 5 9 8 3 
1 2 6 7 10 11 15 103 21 22 29 30 31 32 33 28 23 20 12 19 24 27 16 17 18 25 26 36 37 42 41 43 46 52 53 58 57 54 51 47 44 104 40 49 45 48 50 55 56 59 105 62 63 70 69 74 75 81 110 114 106 109 108 113 107 112 115 111 73 76 80 86 79 77 72 64 67 68 71 78 82 83 84 85 91 92 96 97 101 102 93 89 90 98 99 100 95 94 88 87 66 65 61 60 39 38 35 34 14 13 4 5 9 8 3 
1 2 6 7 10 11 15 103 21 22 29 30 31 32 33 28 23 20 12 19 24 27 16 17 18 25 26 36 37 42 41 43 46 52 53 58 57 54 51 47 44 104 40 49 45 48 50 55 56 59 105 62 63 70 69 74 75 81 110 114 109 106 108 113 107 112 115 111 73 76 80 86 79 77 72 64 67 68 71 78 82 83 84 85 91 92 96 97 101 102 93 89 90 98 99 100 95 94 88 87 66 65 61 60 39 38 35 34 14 13 4 5 9 8 3 
1 2 6 7 10 11 15 103 21 22 29 30 31 32 33 28 23 20 12 19 24 27 16 17 18 25 26 36 37 42 41 43 46 52 53 58 57 54 51 47 44 104 40 49 45 48 50 55 56 59 105 62 63 70 69 74 75 81 110 107 113 112 109 106 108 114 115 111 73 76 80 86 79 77 72 64 67 68 71 78 82 83 84 85 91 92 96 97 101 102 93 89 90 98 99 100 95 94 88 87 66 65 61 60 39 38 35 34 14 13 4 5 9 8 3 
1 2 6 7 10 11 15 103 21 22 29 30 31 32 33 28 23 20 12 19 24 27 16 17 18 25 26 36 37 42 41 43 46 52 53 58 57 54 51 47 44 104 40 49 45 48 50 55 56 59 105 62 63 70 69 74 75 81 110 107 113 112 109 108 106 114 115 111 73 76 80 86 79 77 72 64 67 68 71 78 82 83 84 85 91 92 96 97 101 102 93 89 90 98 99 100 95 94 88 87 66 65 61 60 39 38 35 34 14 13 4 5 9 8 3 
1 2 6 7 10 11 15 103 21 22 29 30 31 32 33 28 23 20 12 19 24 27 16 17 18 25 26 36 37 42 41 43 46 52 53 58 57 54 51 47 44 104 40 49 45 48 50 55 56 59 105 62 63 70 69 74 75 81 110 107 113 108 106 109 114 115 112 111 73 76 80 86 79 77 72 64 67 68 71 78 82 83 84 85 91 92 96 97 101 102 93 89 90 98 99 100 95 94 88 87 66 65 61 60 39 38 35 34 14 13 4 5 9 8 3 
1 2 6 7 10 11 15 103 21 22 29 30 31 32 33 28 23 20 12 19 24 27 16 17 18 25 26 36 37 42 41 43 46 52 53 58 57 54 51 47 44 104 40 49 45 48 50 55 56 59 105 62 63 70 69 74 75 81 110 107 113 108 109 106 114 115 112 111 73 76 80 86 79 77 72 64 67 68 71 78 82 83 84 85 91 92 96 97 101 102 93 89 90 98 99 100 95 94 88 87 66 65 61 60 39 38 35 34 14 13 4 5 9 8 3 
1 2 6 7 10 11 15 103 21 22 29 30 31 32 33 28 23 20 12 19 24 27 16 17 18 25 26 36 37 42 41 43 46 52 53 58 57 54 51 47 44 104 40 49 45 48 50 55 56 59 105 62 63 70 69 74 75 81 110 107 109 106 108 114 115 112 113 111 73 76 80 86 79 77 72 64 67 68 71 78 82 83 84 85 91 92 96 97 101 102 93 89 90 98 99 100 95 94 88 87 66 65 61 60 39 38 35 34 14 13 4 5 9 8 3 
1 2 6 7 10 11 15 103 21 22 29 30 31 32 33 28 23 20 12 19 24 27 16 17 18 25 26 36 37 42 41 43 46 52 53 58 57 54 51 47 44 104 40 49 45 48 50 55 56 59 105 62 63 70 69 74 75 81 110 107 109 108 106 114 115 112 113 111 73 76 80 86 79 77 72 64 67 68 71 78 82 83 84 85 91 92 96 97 101 102 93 89 90 98 99 100 95 94 88 87 66 65 61 60 39 38 35 34 14 13 4 5 9 8 3 
1 2 6 7 10 11 15 103 21 22 29 30 31 32 33 28 23 20 12 19 24 27 16 17 18 25 26 36 37 42 41 43 46 52 53 58 57 54 51 47 44 104 40 49 45 48 50 55 56 59 105 62 63 70 69 74 75 81 110 107 113 112 106 108 109 114 115 111 73 76 80 86 79 77 72 64 67 68 71 78 82 83 84 85 91 92 96 97 101 102 93 89 90 98 99 100 95 94 88 87 66 65 61 60 39 38 35 34 14 13 4 5 9 8 3 
1 2 6 7 10 11 15 103 21 22 29 30 31 32 33 28 23 20 12 19 24 27 16 17 18 25 26 36 37 42 41 43 46 52 53 58 57 54 51 47 44 104 40 49 45 48 50 55 56 59 105 62 63 70 69 74 75 81 110 107 113 112 106 109 108 114 115 111 73 76 80 86 79 77 72 64 67 68 71 78 82 83 84 85 91 92 96 97 101 102 93 89 90 98 99 100 95 94 88 87 66 65 61 60 39 38 35 34 14 13 4 5 9 8 3 
1 2 6 7 10 11 15 103 21 22 29 30 31 32 33 28 23 20 12 19 24 27 16 17 18 25 26 36 37 42 41 43 46 52 53 58 57 54 51 47 44 104 40 49 45 48 50 55 56 59 105 62 63 70 69 74 75 81 110 107 114 106 109 108 115 112 113 111 73 76 80 86 79 77 72 64 67 68 71 78 82 83 84 85 91 92 96 97 101 102 93 89 90 98 99 100 95 94 88 87 66 65 61 60 39 38 35 34 14 13 4 5 9 8 3 
1 2 6 7 10 11 15 103 21 22 29 30 31 32 33 28 23 20 12 19 24 27 16 17 18 25 26 36 37 42 41 43 46 52 53 58 57 54 51 47 44 104 40 49 45 48 50 55 56 59 105 62 63 70 69 74 75 81 110 107 114 109 106 108 115 112 113 111 73 76 80 86 79 77 72 64 67 68 71 78 82 83 84 85 91 92 96 97 101 102 93 89 90 98 99 100 95 94 88 87 66 65 61 60 39 38 35 34 14 13 4 5 9 8 3 
1 2 6 7 10 11 15 103 21 22 29 30 31 32 33 28 23 20 12 19 24 27 16 17 18 25 26 36 37 42 41 43 46 52 53 58 57 54 51 47 44 104 40 49 45 48 50 55 56 59 105 62 63 70 69 74 75 81 110 107 114 106 109 108 113 112 115 111 73 76 80 86 79 77 72 64 67 68 71 78 82 83 84 85 91 92 96 97 101 102 93 89 90 98 99 100 95 94 88 87 66 65 61 60 39 38 35 34 14 13 4 5 9 8 3 
1 2 6 7 10 11 15 103 21 22 29 30 31 32 33 28 23 20 12 19 24 27 16 17 18 25 26 36 37 42 41 43 46 52 53 58 57 54 51 47 44 104 40 49 45 48 50 55 56 59 105 62 63 70 69 74 75 81 110 107 114 109 106 108 113 112 115 111 73 76 80 86 79 77 72 64 67 68 71 78 82 83 84 85 91 92 96 97 101 102 93 89 90 98 99 100 95 94 88 87 66 65 61 60 39 38 35 34 14 13 4 5 9 8 3 
1 2 6 7 10 11 15 103 21 22 29 30 31 32 33 28 23 20 12 19 24 27 16 17 18 25 26 36 37 42 41 43 46 52 53 58 57 54 51 47 44 104 40 49 45 48 50 55 56 59 105 62 63 70 69 74 75 81 110 107 112 113 108 106 109 114 115 111 73 76 80 86 79 77 72 64 67 68 71 78 82 83 84 85 91 92 96 97 101 102 93 89 90 98 99 100 95 94 88 87 66 65 61 60 39 38 35 34 14 13 4 5 9 8 3 
1 2 6 7 10 11 15 103 21 22 29 30 31 32 33 28 23 20 12 19 24 27 16 17 18 25 26 36 37 42 41 43 46 52 53 58 57 54 51 47 44 104 40 49 45 48 50 55 56 59 105 62 63 70 69 74 75 81 110 107 112 113 108 109 106 114 115 111 73 76 80 86 79 77 72 64 67 68 71 78 82 83 84 85 91 92 96 97 101 102 93 89 90 98 99 100 95 94 88 87 66 65 61 60 39 38 35 34 14 13 4 5 9 8 3 
1 2 6 7 10 11 15 103 21 22 29 30 31 32 33 28 23 20 12 19 24 27 16 17 18 25 26 36 37 42 41 43 46 52 53 58 57 54 51 47 44 104 40 49 45 48 50 55 56 59 105 62 63 70 69 74 75 81 110 112 113 107 108 106 109 114 115 111 73 76 80 86 79 77 72 64 67 68 71 78 82 83 84 85 91 92 96 97 101 102 93 89 90 98 99 100 95 94 88 87 66 65 61 60 39 38 35 34 14 13 4 5 9 8 3 
1 2 6 7 10 11 15 103 21 22 29 30 31 32 33 28 23 20 12 19 24 27 16 17 18 25 26 36 37 42 41 43 46 52 53 58 57 54 51 47 44 104 40 49 45 48 50 55 56 59 105 62 63 70 69 74 75 81 110 112 113 107 108 109 106 114 115 111 73 76 80 86 79 77 72 64 67 68 71 78 82 83 84 85 91 92 96 97 101 102 93 89 90 98 99 100 95 94 88 87 66 65 61 60 39 38 35 34 14 13 4 5 9 8 3 
1 2 6 7 10 11 15 103 21 22 29 30 31 32 33 28 23 20 12 19 24 27 16 17 18 25 26 36 37 42 41 43 46 52 53 58 57 54 51 47 44 104 40 49 45 48 50 55 56 59 105 62 63 70 69 74 75 81 110 112 115 106 108 109 114 107 113 111 73 76 80 86 79 77 72 64 67 68 71 78 82 83 84 85 91 92 96 97 101 102 93 89 90 98 99 100 95 94 88 87 66 65 61 60 39 38 35 34 14 13 4 5 9 8 3 
1 2 6 7 10 11 15 103 21 22 29 30 31 32 33 28 23 20 12 19 24 27 16 17 18 25 26 36 37 42 41 43 46 52 53 58 57 54 51 47 44 104 40 49 45 48 50 55 56 59 105 62 63 70 69 74 75 81 110 112 115 106 109 108 114 107 113 111 73 76 80 86 79 77 72 64 67 68 71 78 82 83 84 85 91 92 96 97 101 102 93 89 90 98 99 100 95 94 88 87 66 65 61 60 39 38 35 34 14 13 4 5 9 8 3 
1 2 6 7 10 11 15 103 21 22 29 30 31 32 33 28 23 20 12 19 24 27 16 17 18 25 26 36 37 42 41 43 46 52 53 58 57 54 51 47 44 104 40 49 45 48 50 55 56 59 105 62 63 70 69 74 75 81 110 112 115 114 106 108 109 107 113 111 73 76 80 86 79 77 72 64 67 68 71 78 82 83 84 85 91 92 96 97 101 102 93 89 90 98 99 100 95 94 88 87 66 65 61 60 39 38 35 34 14 13 4 5 9 8 3 
1 2 6 7 10 11 15 103 21 22 29 30 31 32 33 28 23 20 12 19 24 27 16 17 18 25 26 36 37 42 41 43 46 52 53 58 57 54 51 47 44 104 40 49 45 48 50 55 56 59 105 62 63 70 69 74 75 81 110 112 115 114 108 106 109 107 113 111 73 76 80 86 79 77 72 64 67 68 71 78 82 83 84 85 91 92 96 97 101 102 93 89 90 98 99 100 95 94 88 87 66 65 61 60 39 38 35 34 14 13 4 5 9 8 3 
1 2 6 7 10 11 15 103 21 22 29 30 31 32 33 28 23 20 12 19 24 27 16 17 18 25 26 36 37 42 41 43 46 52 53 58 57 54 51 47 44 104 40 49 45 48 50 55 56 59 105 62 63 70 69 74 75 81 110 112 113 107 114 108 109 106 115 111 73 76 80 86 79 77 72 64 67 68 71 78 82 83 84 85 91 92 96 97 101 102 93 89 90 98 99 100 95 94 88 87 66 65 61 60 39 38 35 34 14 13 4 5 9 8 3 
1 2 6 7 10 11 15 103 21 22 29 30 31 32 33 28 23 20 12 19 24 27 16 17 18 25 26 36 37 42 41 43 46 52 53 58 57 54 51 47 44 104 40 49 45 48 50 55 56 59 105 62 63 70 69 74 75 81 110 112 113 107 114 109 108 106 115 111 73 76 80 86 79 77 72 64 67 68 71 78 82 83 84 85 91 92 96 97 101 102 93 89 90 98 99 100 95 94 88 87 66 65 61 60 39 38 35 34 14 13 4 5 9 8 3 
1 2 6 7 10 11 15 103 21 22 29 30 31 32 33 28 23 20 12 19 24 27 16 17 18 25 26 36 37 42 41 43 46 52 53 58 57 54 51 47 44 104 40 49 45 48 50 55 56 59 105 62 63 70 69 74 75 81 110 112 113 107 109 106 108 114 115 111 73 76 80 86 79 77 72 64 67 68 71 78 82 83 84 85 91 92 96 97 101 102 93 89 90 98 99 100 95 94 88 87 66 65 61 60 39 38 35 34 14 13 4 5 9 8 3 
1 2 6 7 10 11 15 103 21 22 29 30 31 32 33 28 23 20 12 19 24 27 16 17 18 25 26 36 37 42 41 43 46 52 53 58 57 54 51 47 44 104 40 49 45 48 50 55 56 59 105 62 63 70 69 74 75 81 110 112 113 107 109 108 106 114 115 111 73 76 80 86 79 77 72 64 67 68 71 78 82 83 84 85 91 92 96 97 101 102 93 89 90 98 99 100 95 94 88 87 66 65 61 60 39 38 35 34 14 13 4 5 9 8 3 
1 2 6 7 10 11 15 103 21 22 29 30 31 32 33 28 23 20 12 19 24 27 16 17 18 25 26 36 37 42 41 43 46 52 53 58 57 54 51 47 44 104 40 49 45 48 50 55 56 59 105 62 63 70 69 74 75 81 110 112 115 108 106 109 114 107 113 111 73 76 80 86 79 77 72 64 67 68 71 78 82 83 84 85 91 92 96 97 101 102 93 89 90 98 99 100 95 94 88 87 66 65 61 60 39 38 35 34 14 13 4 5 9 8 3 
1 2 6 7 10 11 15 103 21 22 29 30 31 32 33 28 23 20 12 19 24 27 16 17 18 25 26 36 37 42 41 43 46 52 53 58 57 54 51 47 44 104 40 49 45 48 50 55 56 59 105 62 63 70 69 74 75 81 110 112 115 108 109 106 114 107 113 111 73 76 80 86 79 77 72 64 67 68 71 78 82 83 84 85 91 92 96 97 101 102 93 89 90 98 99 100 95 94 88 87 66 65 61 60 39 38 35 34 14 13 4 5 9 8 3 
1 2 6 7 10 11 15 103 21 22 29 30 31 32 33 28 23 20 12 19 24 27 16 17 18 25 26 36 37 42 41 43 46 52 53 58 57 54 51 47 44 104 40 49 45 48 50 55 56 59 105 62 63 70 69 74 75 81 110 112 113 107 114 106 109 108 115 111 73 76 80 86 79 77 72 64 67 68 71 78 82 83 84 85 91 92 96 97 101 102 93 89 90 98 99 100 95 94 88 87 66 65 61 60 39 38 35 34 14 13 4 5 9 8 3 
1 2 6 7 10 11 15 103 21 22 29 30 31 32 33 28 23 20 12 19 24 27 16 17 18 25 26 36 37 42 41 43 46 52 53 58 57 54 51 47 44 104 40 49 45 48 50 55 56 59 105 62 63 70 69 74 75 81 110 112 113 107 114 109 106 108 115 111 73 76 80 86 79 77 72 64 67 68 71 78 82 83 84 85 91 92 96 97 101 102 93 89 90 98 99 100 95 94 88 87 66 65 61 60 39 38 35 34 14 13 4 5 9 8 3 
1 2 6 7 10 11 15 103 21 22 29 30 31 32 33 28 23 20 12 19 24 27 16 17 18 25 26 36 37 42 41 43 46 52 53 58 57 54 51 47 44 104 40 49 45 48 50 55 56 59 105 62 63 70 69 74 75 81 110 107 113 112 114 108 109 106 115 111 73 76 80 86 79 77 72 64 67 68 71 78 82 83 84 85 91 92 96 97 101 102 93 89 90 98 99 100 95 94 88 87 66 65 61 60 39 38 35 34 14 13 4 5 9 8 3 
1 2 6 7 10 11 15 103 21 22 29 30 31 32 33 28 23 20 12 19 24 27 16 17 18 25 26 36 37 42 41 43 46 52 53 58 57 54 51 47 44 104 40 49 45 48 50 55 56 59 105 62 63 70 69 74 75 81 110 107 113 112 114 109 108 106 115 111 73 76 80 86 79 77 72 64 67 68 71 78 82 83 84 85 91 92 96 97 101 102 93 89 90 98 99 100 95 94 88 87 66 65 61 60 39 38 35 34 14 13 4 5 9 8 3 
1 2 6 7 10 11 15 103 21 22 29 30 31 32 33 28 23 20 12 19 24 27 16 17 18 25 26 36 37 42 41 43 46 52 53 58 57 54 51 47 44 104 40 49 45 48 50 55 56 59 105 62 63 70 69 74 75 81 110 107 113 108 106 109 114 112 115 111 73 76 80 86 79 77 72 64 67 68 71 78 82 83 84 85 91 92 96 97 101 102 93 89 90 98 99 100 95 94 88 87 66 65 61 60 39 38 35 34 14 13 4 5 9 8 3 
1 2 6 7 10 11 15 103 21 22 29 30 31 32 33 28 23 20 12 19 24 27 16 17 18 25 26 36 37 42 41 43 46 52 53 58 57 54 51 47 44 104 40 49 45 48 50 55 56 59 105 62 63 70 69 74 75 81 110 107 113 108 109 106 114 112 115 111 73 76 80 86 79 77 72 64 67 68 71 78 82 83 84 85 91 92 96 97 101 102 93 89 90 98 99 100 95 94 88 87 66 65 61 60 39 38 35 34 14 13 4 5 9 8 3 
1 2 6 7 10 11 15 103 21 22 29 30 31 32 33 28 23 20 12 19 24 27 16 17 18 25 26 36 37 42 41 43 46 52 53 58 57 54 51 47 44 104 40 49 45 48 50 55 56 59 105 62 63 70 69 74 75 81 110 107 113 112 114 106 109 108 115 111 73 76 80 86 79 77 72 64 67 68 71 78 82 83 84 85 91 92 96 97 101 102 93 89 90 98 99 100 95 94 88 87 66 65 61 60 39 38 35 34 14 13 4 5 9 8 3 
1 2 6 7 10 11 15 103 21 22 29 30 31 32 33 28 23 20 12 19 24 27 16 17 18 25 26 36 37 42 41 43 46 52 53 58 57 54 51 47 44 104 40 49 45 48 50 55 56 59 105 62 63 70 69 74 75 81 110 107 113 112 114 109 106 108 115 111 73 76 80 86 79 77 72 64 67 68 71 78 82 83 84 85 91 92 96 97 101 102 93 89 90 98 99 100 95 94 88 87 66 65 61 60 39 38 35 34 14 13 4 5 9 8 3 
1 2 6 7 10 11 15 103 21 22 29 30 31 32 33 28 23 20 12 19 24 27 16 17 18 25 26 36 37 42 41 43 46 52 53 58 57 54 51 47 44 104 40 49 45 48 50 55 56 59 105 62 63 70 69 74 75 81 110 114 112 115 108 106 109 107 113 111 73 76 80 86 79 77 72 64 67 68 71 78 82 83 84 85 91 92 96 97 101 102 93 89 90 98 99 100 95 94 88 87 66 65 61 60 39 38 35 34 14 13 4 5 9 8 3 
1 2 6 7 10 11 15 103 21 22 29 30 31 32 33 28 23 20 12 19 24 27 16 17 18 25 26 36 37 42 41 43 46 52 53 58 57 54 51 47 44 104 40 49 45 48 50 55 56 59 105 62 63 70 69 74 75 81 110 114 112 113 107 109 106 108 115 111 73 76 80 86 79 77 72 64 67 68 71 78 82 83 84 85 91 92 96 97 101 102 93 89 90 98 99 100 95 94 88 87 66 65 61 60 39 38 35 34 14 13 4 5 9 8 3 
1 2 6 7 10 11 15 103 21 22 29 30 31 32 33 28 23 20 12 19 24 27 16 17 18 25 26 36 37 42 41 43 46 52 53 58 57 54 51 47 44 104 40 49 45 48 50 55 56 59 105 62 63 70 69 74 75 81 110 107 113 108 106 109 112 114 115 111 73 76 80 86 79 77 72 64 67 68 71 78 82 83 84 85 91 92 96 97 101 102 93 89 90 98 99 100 95 94 88 87 66 65 61 60 39 38 35 34 14 13 4 5 9 8 3 
1 2 6 7 10 11 15 103 21 22 29 30 31 32 33 28 23 20 12 19 24 27 16 17 18 25 26 36 37 42 41 43 46 52 53 58 57 54 51 47 44 104 40 49 45 48 50 55 56 59 105 62 63 70 69 74 75 81 110 107 114 112 115 106 109 108 113 111 73 76 80 86 79 77 72 64 67 68 71 78 82 83 84 85 91 92 96 97 101 102 93 89 90 98 99 100 95 94 88 87 66 65 61 60 39 38 35 34 14 13 4 5 9 8 3 
1 2 6 7 10 11 15 103 21 22 29 30 31 32 33 28 23 20 12 19 24 27 16 17 18 25 26 36 37 42 41 43 46 52 53 58 57 54 51 47 44 104 40 49 45 48 50 55 56 59 105 62 63 70 69 74 75 81 110 107 113 108 109 106 112 114 115 111 73 76 80 86 79 77 72 64 67 68 71 78 82 83 84 85 91 92 96 97 101 102 93 89 90 98 99 100 95 94 88 87 66 65 61 60 39 38 35 34 14 13 4 5 9 8 3 
1 2 6 7 10 11 15 103 21 22 29 30 31 32 33 28 23 20 12 19 24 27 16 17 18 25 26 36 37 42 41 43 46 52 53 58 57 54 51 47 44 104 40 49 45 48 50 55 56 59 105 62 63 70 69 74 75 81 110 107 109 106 108 113 112 114 115 111 73 76 80 86 79 77 72 64 67 68 71 78 82 83 84 85 91 92 96 97 101 102 93 89 90 98 99 100 95 94 88 87 66 65 61 60 39 38 35 34 14 13 4 5 9 8 3 
1 2 6 7 10 11 15 103 21 22 29 30 31 32 33 28 23 20 12 19 24 27 16 17 18 25 26 36 37 42 41 43 46 52 53 58 57 54 51 47 44 104 40 49 45 48 50 55 56 59 105 62 63 70 69 74 75 81 110 112 114 115 106 108 109 107 113 111 73 76 80 86 79 77 72 64 67 68 71 78 82 83 84 85 91 92 96 97 101 102 93 89 90 98 99 100 95 94 88 87 66 65 61 60 39 38 35 34 14 13 4 5 9 8 3 
1 2 6 7 10 11 15 103 21 22 29 30 31 32 33 28 23 20 12 19 24 27 16 17 18 25 26 36 37 42 41 43 46 52 53 58 57 54 51 47 44 104 40 49 45 48 50 55 56 59 105 62 63 70 69 74 75 81 110 112 114 115 108 106 109 107 113 111 73 76 80 86 79 77 72 64 67 68 71 78 82 83 84 85 91 92 96 97 101 102 93 89 90 98 99 100 95 94 88 87 66 65 61 60 39 38 35 34 14 13 4 5 9 8 3 
1 2 6 7 10 11 15 103 21 22 29 30 31 32 33 28 23 20 12 19 24 27 16 17 18 25 26 36 37 42 41 43 46 52 53 58 57 54 51 47 44 104 40 49 45 48 50 55 56 59 105 62 63 70 69 74 75 81 110 112 114 107 113 108 109 106 115 111 73 76 80 86 79 77 72 64 67 68 71 78 82 83 84 85 91 92 96 97 101 102 93 89 90 98 99 100 95 94 88 87 66 65 61 60 39 38 35 34 14 13 4 5 9 8 3 
1 2 6 7 10 11 15 103 21 22 29 30 31 32 33 28 23 20 12 19 24 27 16 17 18 25 26 36 37 42 41 43 46 52 53 58 57 54 51 47 44 104 40 49 45 48 50 55 56 59 105 62 63 70 69 74 75 81 110 112 114 107 109 106 115 108 113 111 73 76 80 86 79 77 72 64 67 68 71 78 82 83 84 85 91 92 96 97 101 102 93 89 90 98 99 100 95 94 88 87 66 65 61 60 39 38 35 34 14 13 4 5 9 8 3 
0
15173 20478 
15189 20343 
15189 20343 
15237 20108 
15237 20108 
15277 20103 
15277 20103 
15291 20018 
15291 20018 
15291 20018 
15291 20018 
15291 20018 
15307 19883 
15307 19883 
15335 19743 
15335 19743 
15363 19723 
15363 19723 
15385 19648 
15385 19648 
15399 19373 
15399 19373 
15427 19353 
15427 19353 
15427 19353 
15427 19353 
15453 19283 
15453 19283 
15481 19263 
15481 19263 
15481 19263 
15481 19263 
15481 19263 
15481 19263 
15499 19123 
15499 19123 
15539 19118 
15539 19118 
15553 19033 
15553 19033 
15581 18963 
15581 18963 
15581 18963 
15581 18963 
15585 18888 
15585 18888 
15585 18888 
15585 18888 
15597 18878 
15597 18878 
15631 18868 
15631 18868 
15637 18823 
15637 18823 
15639 18798 
15639 18798 
15651 18788 
15651 18788 
15679 18668 
15679 18668 
15685 18588 
15685 18588 
15685 18588 
15685 18588 
15713 18568 
15713 18568 
15713 18568 
15713 18568 
15739 18548 
15739 18548 
15739 18548 
15739 18548 
15755 18483 
15755 18483 
15767 18478 
15767 18478 
15767 18478 
15767 18478 
15767 18478 
15767 18478 
15767 18478 
15767 18478 
15767 18478 
15767 18478 
15779 18418 
15779 18418 
15779 18418 
15779 18418 
15783 18343 
15783 18343 
15821 18298 
15821 18298 
15841 18268 
15841 18268 
15861 18258 
15861 18258 
15861 18258 
15861 18258 
15861 18258 
15861 18258 
15869 18248 
15869 18248 
15869 18248 
15869 18248 
15895 18178 
15895 18178 
15905 18173 
15905 18173 
15911 18093 
15911 18093 
15921 18048 
15921 18048 
15937 18028 
15937 18028 
15949 17978 
15949 17978 
15965 17883 
15965 17883 
15965 17883 
15965 17883 
15987 17833 
15987 17833 
16019 17793 
16019 17793 
16019 17793 
16019 17793 
16027 17783 
16027 17783 
16027 17783 
16027 17783 
16035 17778 
16035 17778 
16035 17778 
16035 17778 
16041 17743 
16041 17743 
16071 17738 
16071 17738 
16077 17728 
16077 17728 
16081 17693 
16081 17693 
16081 17693 
16081 17693 
16083 17643 
16083 17643 
16093 17638 
16093 17638 
16111 17573 
16111 17573 
16121 17563 
16121 17563 
16121 17563 
16121 17563 
16121 17563 
16121 17563 
16137 17553 
16137 17553 
16151 17493 
16151 17493 
16165 17483 
16165 17483 
16165 17483 
16165 17483 
16175 17473 
16175 17473 
16175 17473 
16175 17473 
16185 17408 
16185 17408 
16191 17388 
16191 17388 
16191 17388 
16191 17388 
16191 17388 
16191 17388 
16235 17378 
16235 17378 
16239 17318 
16239 17318 
16245 17298 
16245 17298 
16259 17268 
16259 17268 
16259 17268 
16259 17268 
16263 17193 
16263 17193 
16301 17048 
16301 17048 
16309 17028 
16309 17028 
16359 17013 
16359 17013 
16375 16998 
16375 16998 
16379 16923 
16379 16923 
16421 16863 
16421 16863 
16421 16863 
16421 16863 
16435 16823 
16435 16823 
16443 16803 
16443 16803 
16451 16793 
16451 16793 
16475 16773 
16475 16773 
16491 16758 
16491 16758 
16505 16703 
16505 16703 
16523 16628 
16523 16628 
16531 16608 
16531 16608 
16585 16568 
16585 16568 
16601 16548 
16601 16548 
16635 16528 
16635 16528 
16641 16513 
16641 16513 
16665 16458 
16665 16458 
16671 16443 
16671 16443 
16673 16383 
16673 16383 
16703 16313 
16703 16313 
16743 16263 
16743 16263 
16759 16168 
16759 16168 
16781 16118 
16781 16118 
16915 16058 
16945 15988 
16995 15908 
17029 15888 
17049 15818 
17065 15803 
17169 15723 
17207 15578 
17209 15573 
17361 15538 
